Particle       ,data/QEXT_96IR_84_VIS_fosterite_100nm
Ncase          ,  14
dt (sols)      ,  0.020833
Qext 0.67um    ,  0.157000
Alb sfc        ,  0.220000
Conrath nu     ,  0.002000
Sun Flux (W/m2),148.393084
BWN IR (cm-1)  ,     10.0000,     34.1670,     58.3330,     82.5000,    106.6670,    130.8330,    155.0000,    179.1670,    203.3330,    227.5000,    251.6670,    275.8330,    300.0000,    320.7880,    341.5750,    362.3630,    383.1500,    403.9380,    424.7250,    445.5130,    466.3010,    487.0880,    507.8760,    528.6630,    549.4510,    556.7420,    564.0330,    571.3240,    578.6150,    585.9060,    593.1970,    600.4880,    607.7790,    615.0700,    622.3610,    629.6520,    636.9430,    642.5500,    648.1570,    653.7640,    659.3700,    664.9770,    670.5840,    676.1910,    681.7980,    687.4050,    693.0110,    698.6180,    704.2250,    710.1390,    716.0530,    721.9670,    727.8810,    733.7950,    739.7090,    745.6240,    751.5380,    757.4520,    763.3660,    769.2800,    775.1940,    791.5010,    807.8070,    824.1140,    840.4210,    856.7270,    873.0340,    889.3410,    905.6470,    921.9540,    938.2610,    954.5670,    970.8740,    996.8050,   1022.7370,   1048.6680,   1074.6000,   1100.5310,   1126.4630,   1152.3940,   1178.3250,   1204.2570,   1230.1880,   1256.1200,   1282.0510,   1360.3990,   1438.7460,   1517.0940,   1595.4410,   1673.7890,   1752.1370,   1830.4840,   1908.8320,   1987.1790,   2065.5270,   2143.8740,   2222.2220
BWN VIS (cm-1) ,   2222.2200,   2294.3160,   2366.4120,   2438.5080,   2510.6030,   2582.6990,   2654.7950,   2726.8910,   2798.9870,   2871.0820,   2943.1780,   3015.2740,   3087.3700,   3165.9750,   3244.5800,   3323.1850,   3401.7900,   3480.3950,   3559.0000,   3637.6050,   3716.2100,   3794.8150,   3873.4200,   3952.0250,   4030.6300,   4142.2920,   4253.9530,   4365.6150,   4477.2770,   4588.9380,   4700.6000,   4812.2620,   4923.9230,   5035.5850,   5147.2470,   5258.9080,   5370.5700,   5560.6150,   5750.6600,   5940.7050,   6130.7500,   6320.7950,   6510.8400,   6700.8850,   6890.9300,   7080.9750,   7271.0200,   7461.0650,   7651.1100,   8055.1840,   8459.2580,   8863.3330,   9267.4070,   9671.4810,  10075.5550,  10479.6290,  10883.7030,  11287.7780,  11691.8520,  12095.9260,  12500.0000,  13541.6670,  14583.3330,  15625.0000,  16666.6670,  17708.3330,  18750.0000,  19791.6670,  20833.3330,  21875.0000,  22916.6670,  23958.3330,  25000.0000,  26388.8890,  27777.7780,  29166.6670,  30555.5570,  31944.4460,  33333.3350,  34722.2240,  36111.1130,  37500.0030,  38888.8920,  40277.7810,  41666.6700
SUN VIS (W/m2) ,      0.1008,      0.0862,      0.0968,      0.1089,      0.1224,      0.1136,      0.1248,      0.1400,      0.1233,      0.1698,      0.1502,      0.1645,      0.1814,      0.1477,      0.2144,      0.2377,      0.1946,      0.2106,      0.2276,      0.2472,      0.2683,      0.1918,      0.3072,      0.3239,      0.3986,      0.4261,      0.4410,      0.4688,      0.4810,      0.5017,      0.5013,      0.5485,      0.5772,      0.5665,      0.6183,      0.6303,      1.0809,      1.1806,      1.2379,      1.2751,      1.2949,      1.4092,      1.3262,      1.4132,      1.3634,      1.4505,      1.3747,      1.4716,      3.1730,      3.1258,      3.2038,      3.2543,      3.2846,      3.1576,      3.2685,      3.3520,      3.4202,      3.1800,      3.1347,      3.2554,      8.2299,      7.8425,      7.7561,      7.5237,      6.9524,      6.5235,      5.7299,      5.2748,      5.0739,      4.4511,      3.4228,      3.1828,      2.4579,      2.2644,      1.7312,      1.6575,      1.1215,      0.8173,      0.6634,      0.2677,      0.2374,      0.1697,      0.0593,      0.0486
================
wavelenght [um],    0.244068,    0.252632,    0.261818,    0.271698,    0.282353,    0.293878,    0.306383,    0.320000,    0.334884,    0.351220,    0.369231,    0.389189,    0.408511,    0.426667,    0.446512,    0.468293,    0.492308,    0.518919,    0.548571,    0.581818,    0.619355,    0.662069,    0.711111,    0.768000,    0.813143,    0.840768,    0.870336,    0.902060,    0.936184,    0.972991,    1.012810,    1.056028,    1.103099,    1.154562,    1.211061,    1.273375,    1.323436,    1.357581,    1.393534,    1.431444,    1.471474,    1.513807,    1.558648,    1.606226,    1.656801,    1.710664,    1.768147,    1.829628,    1.881560,    1.921939,    1.964090,    2.008131,    2.054193,    2.102417,    2.152960,    2.205992,    2.261704,    2.320302,    2.382017,    2.447105,    2.505432,    2.555765,    2.608162,    2.662752,    2.719677,    2.779088,    2.841153,    2.906054,    2.973989,    3.045176,    3.119855,    3.198288,    3.277268,    3.356577,    3.439819,    3.527294,    3.619334,    3.716307,    3.818620,    3.926726,    4.041130,    4.162400,    4.291175,    4.428172,    4.580751,    4.751270,    4.934974,    5.133456,    5.348572,    5.582505,    5.837838,    6.117648,    6.425631,    6.766266,    7.145039,    7.568734,    7.879690,    8.044056,    8.215425,    8.394255,    8.581043,    8.776330,    8.980716,    9.194848,    9.419442,    9.655282,    9.903235,   10.164260,   10.387231,   10.566200,   10.751445,   10.943308,   11.142136,   11.348323,   11.562291,   11.784476,   12.015368,   12.255495,   12.505409,   12.765727,   12.949392,   13.049328,   13.150818,   13.253898,   13.358608,   13.464994,   13.573088,   13.682923,   13.794549,   13.908012,   14.023357,   14.140631,   14.256763,   14.371646,   14.488386,   14.607038,   14.727660,   14.850291,   14.974981,   15.101782,   15.230738,   15.361915,   15.495384,   15.631191,   15.790367,   15.974275,   16.162517,   16.355249,   16.552633,   16.754839,   16.962047,   17.174443,   17.392227,   17.615605,   17.844795,   18.080028,   18.550914,   19.294981,   20.101230,   20.977796,   21.934298,   22.982219,   24.135264,   25.410119,   26.827165,   28.411593,   30.194923,   32.217118,   34.732292,   37.914692,   41.739101,   46.421699,   52.287582,   59.850314,   69.970927,   84.210526,  105.726686,  142.012170,  216.216216,  452.826771
Qext           ,      0.1460,      0.1460,      0.1460,      0.1460,      0.1470,      0.1470,      0.1470,      0.1480,      0.1480,      0.1490,      0.1490,      0.1500,      0.1510,      0.1510,      0.1520,      0.1520,      0.1530,      0.1540,      0.1550,      0.1550,      0.1570,      0.1570,      0.1590,      0.1600,      0.1610,      0.1620,      0.1620,      0.1630,      0.1640,      0.1650,      0.1650,      0.1660,      0.1670,      0.1690,      0.1700,      0.1720,      0.1740,      0.1750,      0.1770,      0.1780,      0.1800,      0.1820,      0.1840,      0.1880,      0.1910,      0.1940,      0.1980,      0.2020,      0.2040,      0.2060,      0.2100,      0.2140,      0.2160,      0.2180,      0.2200,      0.2230,      0.2260,      0.2280,      0.2300,      0.2320,      0.2330,      0.2330,      0.2340,      0.2340,      0.2340,      0.2330,      0.2320,      0.2310,      0.2290,      0.2270,      0.2250,      0.2210,      0.2170,      0.2140,      0.2110,      0.2050,      0.1990,      0.1950,      0.1880,      0.1810,      0.1740,      0.1660,      0.1590,      0.1510,      0.1430,      0.1320,      0.1210,      0.1110,      0.1010,      0.0910,      0.0790,      0.0680,      0.0580,      0.0500,      0.0430,      0.0370,      0.0340,      0.0340,      0.0350,      0.0380,      0.0410,      0.0460,      0.0530,      0.0620,      0.0810,      0.1000,      0.1060,      0.1070,      0.1070,      0.1030,      0.0980,      0.0910,      0.0840,      0.0780,      0.0720,      0.0650,      0.0570,      0.0470,      0.0390,      0.0340,      0.0310,      0.0310,      0.0310,      0.0300,      0.0300,      0.0300,      0.0300,      0.0300,      0.0290,      0.0290,      0.0290,      0.0290,      0.0280,      0.0280,      0.0280,      0.0280,      0.0280,      0.0280,      0.0280,      0.0310,      0.0310,      0.0310,      0.0350,      0.0350,      0.0390,      0.0390,      0.0430,      0.0470,      0.0470,      0.0500,      0.0500,      0.0520,      0.0530,      0.0530,      0.0530,      0.0520,      0.0490,      0.0440,      0.0410,      0.0400,      0.0380,      0.0350,      0.0320,      0.0270,      0.0220,      0.0180,      0.0150,      0.0130,      0.0100,      0.0080,      0.0060,      0.0050,      0.0040,      0.0030,      0.0020,      0.0010,      0.0010,      0.0010,      0.0010,      0.0010
Qscat          ,      0.1370,      0.1380,      0.1390,      0.1400,      0.1420,      0.1430,      0.1440,      0.1450,      0.1460,      0.1460,      0.1470,      0.1480,      0.1490,      0.1500,      0.1500,      0.1510,      0.1520,      0.1530,      0.1540,      0.1550,      0.1560,      0.1570,      0.1580,      0.1600,      0.1610,      0.1610,      0.1620,      0.1630,      0.1630,      0.1640,      0.1650,      0.1660,      0.1670,      0.1680,      0.1700,      0.1720,      0.1730,      0.1750,      0.1760,      0.1780,      0.1800,      0.1810,      0.1840,      0.1870,      0.1900,      0.1930,      0.1980,      0.2010,      0.2030,      0.2060,      0.2090,      0.2130,      0.2150,      0.2170,      0.2190,      0.2220,      0.2250,      0.2270,      0.2290,      0.2300,      0.2310,      0.2320,      0.2320,      0.2320,      0.2320,      0.2320,      0.2310,      0.2290,      0.2270,      0.2250,      0.2230,      0.2190,      0.2150,      0.2120,      0.2080,      0.2030,      0.1970,      0.1920,      0.1860,      0.1780,      0.1710,      0.1630,      0.1550,      0.1470,      0.1390,      0.1280,      0.1170,      0.1060,      0.0950,      0.0850,      0.0720,      0.0610,      0.0500,      0.0400,      0.0310,      0.0210,      0.0160,      0.0140,      0.0110,      0.0080,      0.0080,      0.0070,      0.0080,      0.0090,      0.0130,      0.0200,      0.0230,      0.0270,      0.0280,      0.0280,      0.0290,      0.0280,      0.0270,      0.0260,      0.0250,      0.0240,      0.0230,      0.0200,      0.0170,      0.0140,      0.0120,      0.0120,      0.0120,      0.0100,      0.0100,      0.0090,      0.0090,      0.0090,      0.0080,      0.0080,      0.0070,      0.0070,      0.0060,      0.0060,      0.0060,      0.0050,      0.0050,      0.0050,      0.0050,      0.0040,      0.0040,      0.0040,      0.0040,      0.0040,      0.0040,      0.0040,      0.0040,      0.0040,      0.0040,      0.0050,      0.0050,      0.0050,      0.0050,      0.0050,      0.0060,      0.0060,      0.0050,      0.0050,      0.0040,      0.0040,      0.0040,      0.0030,      0.0030,      0.0030,      0.0020,      0.0020,      0.0010,      0.0010,      0.0010,      0.0000,      0.0000,      0.0000,      0.0000,      0.0000,      0.0000,      0.0000,      0.0000,      0.0000,      0.0000,      0.0000
G factor       ,      0.7660,      0.7630,      0.7610,      0.7580,      0.7550,      0.7520,      0.7500,      0.7470,      0.7440,      0.7420,      0.7400,      0.7360,      0.7330,      0.7310,      0.7280,      0.7250,      0.7210,      0.7180,      0.7140,      0.7100,      0.7040,      0.7000,      0.6940,      0.6860,      0.6790,      0.6750,      0.6710,      0.6670,      0.6620,      0.6560,      0.6490,      0.6430,      0.6350,      0.6260,      0.6180,      0.6100,      0.6040,      0.6010,      0.5990,      0.5960,      0.5940,      0.5930,      0.5920,      0.5920,      0.5930,      0.5940,      0.5980,      0.6010,      0.6030,      0.6060,      0.6100,      0.6140,      0.6180,      0.6210,      0.6240,      0.6290,      0.6340,      0.6370,      0.6410,      0.6460,      0.6480,      0.6510,      0.6530,      0.6560,      0.6580,      0.6600,      0.6610,      0.6640,      0.6660,      0.6670,      0.6670,      0.6680,      0.6690,      0.6690,      0.6690,      0.6690,      0.6680,      0.6670,      0.6650,      0.6640,      0.6610,      0.6590,      0.6560,      0.6520,      0.6490,      0.6430,      0.6370,      0.6300,      0.6220,      0.6130,      0.6010,      0.5870,      0.5700,      0.5500,      0.5260,      0.4930,      0.4670,      0.4530,      0.4300,      0.4070,      0.3910,      0.3740,      0.3580,      0.3420,      0.3190,      0.3020,      0.2960,      0.2930,      0.2930,      0.2960,      0.3000,      0.3040,      0.3050,      0.3040,      0.3030,      0.3030,      0.3010,      0.2960,      0.2830,      0.2660,      0.2500,      0.2500,      0.2500,      0.2360,      0.2360,      0.2240,      0.2240,      0.2240,      0.2130,      0.2130,      0.2030,      0.2030,      0.1920,      0.1920,      0.1920,      0.1820,      0.1820,      0.1710,      0.1710,      0.1610,      0.1610,      0.1610,      0.1520,      0.1520,      0.1440,      0.1440,      0.1370,      0.1320,      0.1320,      0.1270,      0.1270,      0.1220,      0.1190,      0.1190,      0.1160,      0.1140,      0.1120,      0.1070,      0.1010,      0.0940,      0.0890,      0.0840,      0.0800,      0.0770,      0.0730,      0.0680,      0.0620,      0.0560,      0.0490,      0.0410,      0.0340,      0.0280,      0.0220,      0.0170,      0.0120,      0.0080,      0.0050,      0.0030,      0.0010,      0.0000
================
P [mbar]       ,    0.1004,    0.1015,    0.1034,    0.1069,    0.1130,    0.1239,    0.1432,    0.1740,    0.2226,    0.3028,    0.4349,    0.6529,    1.0121,    1.6044,    2.4646,    3.4606,    4.3994,    5.2226,    5.8426,    6.2132,    6.3980,    6.4686,    6.5039,    6.5168
Temp initial[K],  155.0000,  155.0000,  155.0000,  155.0000,  155.0000,  155.0000,  155.0000,  155.0000,  155.0000,  155.0000,  155.0000,  155.0000,  158.8233,  165.4041,  173.2716,  181.4436,  190.2788,  198.8130,  204.5783,  207.8249,  209.4219,  210.0497,  210.3719,  210.4891
================
it   ,   tau    ,  Tsfc    ,   alb    ,   OLR    ,    ASR   ,  NET top ,  NET bot , T lev  01, T lev  02, T lev  03, T lev  04, T lev  05, T lev  06, T lev  07, T lev  08, T lev  09, T lev  10, T lev  11, T lev  12, T lev  13, T lev  14, T lev  15, T lev  16, T lev  17, T lev  18, T lev  19, T lev  20, T lev  21, T lev  22, T lev  23, T lev  24, T lev  25,  OLR IR01,  OLR IR02,  OLR IR03,  OLR IR04,  OLR IR05,  OLR IR06,  OLR IR07,  OLR IR08,  OLR IR09,  OLR IR10,  OLR IR11,  OLR IR12,  OLR IR13,  OLR IR14,  OLR IR15,  OLR IR16,  OLR IR17,  OLR IR18,  OLR IR19,  OLR IR20,  OLR IR21,  OLR IR22,  OLR IR23,  OLR IR24,  OLR IR25,  OLR IR26,  OLR IR27,  OLR IR28,  OLR IR29,  OLR IR30,  OLR IR31,  OLR IR32,  OLR IR33,  OLR IR34,  OLR IR35,  OLR IR36,  OLR IR37,  OLR IR38,  OLR IR39,  OLR IR40,  OLR IR41,  OLR IR42,  OLR IR43,  OLR IR44,  OLR IR45,  OLR IR46,  OLR IR47,  OLR IR48,  OLR IR49,  OLR IR50,  OLR IR51,  OLR IR52,  OLR IR53,  OLR IR54,  OLR IR55,  OLR IR56,  OLR IR57,  OLR IR58,  OLR IR59,  OLR IR60,  OLR IR61,  OLR IR62,  OLR IR63,  OLR IR64,  OLR IR65,  OLR IR66,  OLR IR67,  OLR IR68,  OLR IR69,  OLR IR70,  OLR IR71,  OLR IR72,  OLR IR73,  OLR IR74,  OLR IR75,  OLR IR76,  OLR IR77,  OLR IR78,  OLR IR79,  OLR IR80,  OLR IR81,  OLR IR82,  OLR IR83,  OLR IR84,  OLR IR85,  OLR IR86,  OLR IR87,  OLR IR88,  OLR IR89,  OLR IR90,  OLR IR91,  OLR IR92,  OLR IR93,  OLR IR94,  OLR IR95,  OLR IR96, ASR VIS01, ASR VIS02, ASR VIS03, ASR VIS04, ASR VIS05, ASR VIS06, ASR VIS07, ASR VIS08, ASR VIS09, ASR VIS10, ASR VIS11, ASR VIS12, ASR VIS13, ASR VIS14, ASR VIS15, ASR VIS16, ASR VIS17, ASR VIS18, ASR VIS19, ASR VIS20, ASR VIS21, ASR VIS22, ASR VIS23, ASR VIS24, ASR VIS25, ASR VIS26, ASR VIS27, ASR VIS28, ASR VIS29, ASR VIS30, ASR VIS31, ASR VIS32, ASR VIS33, ASR VIS34, ASR VIS35, ASR VIS36, ASR VIS37, ASR VIS38, ASR VIS39, ASR VIS40, ASR VIS41, ASR VIS42, ASR VIS43, ASR VIS44, ASR VIS45, ASR VIS46, ASR VIS47, ASR VIS48, ASR VIS49, ASR VIS50, ASR VIS51, ASR VIS52, ASR VIS53, ASR VIS54, ASR VIS55, ASR VIS56, ASR VIS57, ASR VIS58, ASR VIS59, ASR VIS60, ASR VIS61, ASR VIS62, ASR VIS63, ASR VIS64, ASR VIS65, ASR VIS66, ASR VIS67, ASR VIS68, ASR VIS69, ASR VIS70, ASR VIS71, ASR VIS72, ASR VIS73, ASR VIS74, ASR VIS75, ASR VIS76, ASR VIS77, ASR VIS78, ASR VIS79, ASR VIS80, ASR VIS81, ASR VIS82, ASR VIS83, ASR VIS84, SFC DIR01, SFC DIR02, SFC DIR03, SFC DIR04, SFC DIR05, SFC DIR06, SFC DIR07, SFC DIR08, SFC DIR09, SFC DIR10, SFC DIR11, SFC DIR12, SFC DIR13, SFC DIR14, SFC DIR15, SFC DIR16, SFC DIR17, SFC DIR18, SFC DIR19, SFC DIR20, SFC DIR21, SFC DIR22, SFC DIR23, SFC DIR24, SFC DIR25, SFC DIR26, SFC DIR27, SFC DIR28, SFC DIR29, SFC DIR30, SFC DIR31, SFC DIR32, SFC DIR33, SFC DIR34, SFC DIR35, SFC DIR36, SFC DIR37, SFC DIR38, SFC DIR39, SFC DIR40, SFC DIR41, SFC DIR42, SFC DIR43, SFC DIR44, SFC DIR45, SFC DIR46, SFC DIR47, SFC DIR48, SFC DIR49, SFC DIR50, SFC DIR51, SFC DIR52, SFC DIR53, SFC DIR54, SFC DIR55, SFC DIR56, SFC DIR57, SFC DIR58, SFC DIR59, SFC DIR60, SFC DIR61, SFC DIR62, SFC DIR63, SFC DIR64, SFC DIR65, SFC DIR66, SFC DIR67, SFC DIR68, SFC DIR69, SFC DIR70, SFC DIR71, SFC DIR72, SFC DIR73, SFC DIR74, SFC DIR75, SFC DIR76, SFC DIR77, SFC DIR78, SFC DIR79, SFC DIR80, SFC DIR81, SFC DIR82, SFC DIR83, SFC DIR84, SFC DIR85, SFC DIR86, SFC DIR87, SFC DIR88, SFC DIR89, SFC DIR90, SFC DIR91, SFC DIR92, SFC DIR93, SFC DIR94, SFC DIR95, SFC DIR96,SFC DVIS01,SFC DVIS02,SFC DVIS03,SFC DVIS04,SFC DVIS05,SFC DVIS06,SFC DVIS07,SFC DVIS08,SFC DVIS09,SFC DVIS10,SFC DVIS11,SFC DVIS12,SFC DVIS13,SFC DVIS14,SFC DVIS15,SFC DVIS16,SFC DVIS17,SFC DVIS18,SFC DVIS19,SFC DVIS20,SFC DVIS21,SFC DVIS22,SFC DVIS23,SFC DVIS24,SFC DVIS25,SFC DVIS26,SFC DVIS27,SFC DVIS28,SFC DVIS29,SFC DVIS30,SFC DVIS31,SFC DVIS32,SFC DVIS33,SFC DVIS34,SFC DVIS35,SFC DVIS36,SFC DVIS37,SFC DVIS38,SFC DVIS39,SFC DVIS40,SFC DVIS41,SFC DVIS42,SFC DVIS43,SFC DVIS44,SFC DVIS45,SFC DVIS46,SFC DVIS47,SFC DVIS48,SFC DVIS49,SFC DVIS50,SFC DVIS51,SFC DVIS52,SFC DVIS53,SFC DVIS54,SFC DVIS55,SFC DVIS56,SFC DVIS57,SFC DVIS58,SFC DVIS59,SFC DVIS60,SFC DVIS61,SFC DVIS62,SFC DVIS63,SFC DVIS64,SFC DVIS65,SFC DVIS66,SFC DVIS67,SFC DVIS68,SFC DVIS69,SFC DVIS70,SFC DVIS71,SFC DVIS72,SFC DVIS73,SFC DVIS74,SFC DVIS75,SFC DVIS76,SFC DVIS77,SFC DVIS78,SFC DVIS79,SFC DVIS80,SFC DVIS81,SFC DVIS82,SFC DVIS83,SFC DVIS84
 1007,    0.0000,  218.8983,    0.2194,  117.0969,  115.8380,   -0.8625,   -0.7595,  158.4330,  155.0000,  155.0000,  155.0000,  155.0000,  155.0000,  155.0000,  155.0000,  155.0000,  155.0000,  155.0000,  155.0000,  155.0000,  158.8202,  165.3996,  173.2672,  181.4393,  190.2764,  198.8104,  204.5754,  207.8212,  209.4182,  210.0462,  210.3680,  210.4855,    0.0676,    0.2556,    0.5389,    0.8888,    1.2804,    1.6928,    2.1082,    2.5121,    2.8933,    3.2429,    3.5544,    3.8241,    3.4712,    3.6087,    3.7179,    3.7987,    3.8530,    3.8815,    3.8866,    3.8696,    3.8324,    3.7775,    3.7019,    3.5964,    1.2424,    1.2267,    1.2047,    1.1662,    1.1137,    1.0481,    0.8756,    0.8393,    0.7711,    0.6138,    0.5638,    0.3590,    0.1995,    0.1649,    0.1438,    0.1375,    0.1329,    0.1277,    0.1258,    0.1235,    0.1245,    0.1364,    0.1735,    0.2440,    0.3730,    0.4452,    0.3502,    0.5089,    0.4971,    0.5051,    0.5244,    0.6000,    0.6202,    0.6335,    0.6351,    0.6285,    1.6842,    1.6087,    1.5504,    1.4822,    1.4116,    1.3421,    1.2748,    1.2087,    1.1452,    1.0819,    1.0194,    0.9639,    1.4270,    1.3066,    1.1824,    1.0659,    0.9702,    0.8860,    0.8005,    0.7221,    0.6504,    0.5836,    0.5141,    0.4584,    1.1328,    0.8012,    0.5722,    0.3992,    0.2764,    0.1901,    0.1299,    0.0861,    0.0569,    0.0365,    0.0240,    0.0175,    0.0899,    0.0485,    0.0757,    0.0853,    0.0957,    0.0892,    0.0975,    0.1095,    0.0962,    0.1325,    0.1172,    0.1283,    0.1417,    0.1155,    0.1679,    0.1865,    0.1530,    0.1811,    0.2062,    0.2231,    0.2234,    0.1500,    0.2398,    0.2531,    0.3109,    0.3324,    0.3440,    0.3658,    0.3756,    0.3936,    0.3989,    0.4549,    0.4935,    0.4704,    0.4844,    0.4940,    0.8433,    0.9209,    0.9662,    0.9986,    1.0221,    1.1068,    1.0376,    1.1056,    1.0799,    1.1314,    1.0731,    1.1504,    2.4777,    2.4439,    2.4989,    2.5383,    2.5642,    2.4625,    2.5489,    2.6139,    2.6670,    2.4800,    2.4441,    2.5380,    6.4157,    6.1123,    6.0433,    5.8603,    5.4132,    5.0767,    4.4565,    4.0997,    3.9404,    3.4535,    2.6528,    2.4637,    1.8993,    1.7458,    1.3311,    1.2705,    0.8565,    0.6215,    0.5021,    0.2015,    0.1776,    0.1261,    0.0437,    0.0355,    0.0000,    0.0000,    0.0000,    0.0000,    0.0000,    0.0000,    0.0000,    0.0000,    0.0000,    0.0000,    0.0000,    0.0000,    0.0000,    0.0000,    0.0000,    0.0000,    0.0000,    0.0000,    0.0000,    0.0001,    0.0002,    0.0007,    0.0108,    0.0490,    0.0110,    0.0180,    0.0344,    0.0771,    0.1397,    0.2137,    0.4309,    0.4495,    0.5119,    0.6671,    0.7005,    0.8672,    0.6959,    0.7036,    0.7106,    0.6982,    0.6956,    0.7186,    0.6761,    0.6645,    0.6491,    0.6306,    0.6025,    0.5551,    0.4721,    0.3712,    0.4491,    0.2585,    0.2602,    0.2432,    0.2110,    0.1067,    0.0696,    0.0377,    0.0207,    0.0150,    0.0329,    0.0299,    0.0085,    0.0020,    0.0004,    0.0004,    0.0002,    0.0011,    0.0019,    0.0049,    0.0091,    0.0081,    0.0085,    0.0012,    0.0075,    0.0141,    0.0089,    0.0000,    0.0000,    0.0000,    0.0000,    0.0008,    0.0066,    0.0072,    0.0065,    0.0059,    0.0000,    0.0000,    0.0000,    0.0000,    0.0000,    0.0009,    0.0011,    0.0014,    0.0012,    0.0002,    0.0266,    0.0000,    0.0608,    0.1075,    0.1214,    0.1110,    0.1245,    0.1386,    0.1233,    0.1698,    0.1501,    0.1645,    0.1808,    0.1468,    0.2123,    0.2321,    0.1900,    0.1318,    0.0189,    0.0386,    0.1649,    0.1902,    0.3067,    0.3223,    0.3984,    0.4260,    0.4410,    0.4686,    0.4799,    0.4920,    0.4648,    0.4226,    0.3741,    0.4433,    0.6104,    0.6178,    1.0805,    1.1804,    1.2359,    1.2564,    1.2364,    1.3694,    1.3136,    1.3975,    1.2854,    1.4503,    1.3718,    1.4606,    3.1621,    3.0885,    3.2030,    3.2531,    3.2748,    3.1568,    3.2678,    3.3511,    3.4192,    3.1776,    3.1334,    3.2539,    8.2247,    7.8363,    7.7478,    7.5132,    6.9399,    6.5086,    5.7135,    5.2561,    5.0518,    4.4276,    3.4010,    3.1586,    2.4350,    2.2382,    1.7066,    1.6288,    1.0981,    0.7968,    0.6438,    0.2584,    0.2277,    0.1616,    0.0560,    0.0455
  976,    0.0500,  218.5981,    0.2310,  115.2607,  114.1159,   -0.7485,   -0.8612,  158.4330,  155.0000,  155.2019,  155.1650,  155.0945,  155.0000,  155.0000,  155.0000,  155.0000,  155.0000,  155.0000,  155.0000,  157.3077,  162.1981,  168.7871,  175.8680,  182.8613,  189.8606,  198.3761,  204.1191,  207.3457,  208.9460,  209.5768,  209.9006,  210.0200,    0.0675,    0.2552,    0.5379,    0.8870,    1.2777,    1.6887,    2.1023,    2.5042,    2.8831,    3.2301,    3.5381,    3.8036,    3.4493,    3.5833,    3.6878,    3.7630,    3.8104,    3.8319,    3.8322,    3.8105,    3.7700,    3.7133,    3.6341,    3.5236,    1.2157,    1.1997,    1.1781,    1.1404,    1.0898,    1.0270,    0.8611,    0.8269,    0.7613,    0.6108,    0.5649,    0.3714,    0.2123,    0.1754,    0.1496,    0.1421,    0.1364,    0.1289,    0.1292,    0.1277,    0.1310,    0.1462,    0.1841,    0.2497,    0.3722,    0.4415,    0.3500,    0.5029,    0.4911,    0.4984,    0.5168,    0.5903,    0.6099,    0.6227,    0.6242,    0.6177,    1.6537,    1.5770,    1.5155,    1.4434,    1.3701,    1.2988,    1.2304,    1.1636,    1.0990,    1.0350,    0.9725,    0.9176,    1.3575,    1.2416,    1.1252,    1.0208,    0.9359,    0.8577,    0.7769,    0.7024,    0.6334,    0.5695,    0.5023,    0.4481,    1.1069,    0.7828,    0.5585,    0.3893,    0.2692,    0.1847,    0.1260,    0.0834,    0.0551,    0.0353,    0.0231,    0.0169,    0.0894,    0.0484,    0.0749,    0.0840,    0.0942,    0.0877,    0.0958,    0.1076,    0.0945,    0.1300,    0.1149,    0.1258,    0.1389,    0.1131,    0.1645,    0.1827,    0.1498,    0.1781,    0.2049,    0.2212,    0.2201,    0.1467,    0.2344,    0.2475,    0.3040,    0.3248,    0.3361,    0.3574,    0.3670,    0.3848,    0.3903,    0.4461,    0.4848,    0.4613,    0.4735,    0.4831,    0.8246,    0.9003,    0.9454,    0.9776,    1.0013,    1.0840,    1.0167,    1.0832,    1.0589,    1.1094,    1.0521,    1.1287,    2.4310,    2.3995,    2.4553,    2.4945,    2.5212,    2.4220,    2.5088,    2.5737,    2.6256,    2.4422,    2.4083,    2.5004,    6.3232,    6.0293,    5.9611,    5.7840,    5.3425,    5.0133,    4.4018,    4.0501,    3.8935,    3.4141,    2.6218,    2.4360,    1.8782,    1.7267,    1.3171,    1.2566,    0.8476,    0.6151,    0.4972,    0.1996,    0.1760,    0.1250,    0.0434,    0.0353,    0.0000,    0.0001,    0.0003,    0.0004,    0.0006,    0.0016,    0.0030,    0.0046,    0.0065,    0.0086,    0.0122,    0.0156,    0.0181,    0.0214,    0.0256,    0.0314,    0.0381,    0.0447,    0.0480,    0.0506,    0.0518,    0.0518,    0.0631,    0.1036,    0.0309,    0.0376,    0.0532,    0.0942,    0.1542,    0.2255,    0.4365,    0.4543,    0.5148,    0.6655,    0.6970,    0.8594,    0.6895,    0.6973,    0.7046,    0.6923,    0.6899,    0.7132,    0.6704,    0.6587,    0.6432,    0.6246,    0.5964,    0.5494,    0.4684,    0.3695,    0.4458,    0.2590,    0.2606,    0.2436,    0.2118,    0.1095,    0.0729,    0.0417,    0.0251,    0.0195,    0.0461,    0.0442,    0.0252,    0.0213,    0.0212,    0.0220,    0.0223,    0.0233,    0.0243,    0.0274,    0.0310,    0.0294,    0.0396,    0.0289,    0.0305,    0.0303,    0.0199,    0.0087,    0.0066,    0.0052,    0.0043,    0.0043,    0.0095,    0.0096,    0.0130,    0.0109,    0.0040,    0.0031,    0.0024,    0.0019,    0.0014,    0.0018,    0.0018,    0.0019,    0.0015,    0.0004,    0.0262,    0.0000,    0.0597,    0.1055,    0.1191,    0.1089,    0.1220,    0.1358,    0.1208,    0.1662,    0.1469,    0.1610,    0.1768,    0.1435,    0.2075,    0.2268,    0.1856,    0.1288,    0.0184,    0.0376,    0.1610,    0.1857,    0.2995,    0.3145,    0.3888,    0.4159,    0.4305,    0.4575,    0.4685,    0.4803,    0.4536,    0.4125,    0.3652,    0.4328,    0.5965,    0.6034,    1.0555,    1.1541,    1.2080,    1.2283,    1.2091,    1.3405,    1.2856,    1.3688,    1.2594,    1.4206,    1.3449,    1.4315,    3.1023,    3.0317,    3.1440,    3.1969,    3.2196,    3.1048,    3.2132,    3.2963,    3.3662,    3.1292,    3.0845,    3.2057,    8.1061,    7.7222,    7.6425,    7.4080,    6.8494,    6.4209,    5.6378,    5.1873,    4.9867,    4.3683,    3.3579,    3.1168,    2.4031,    2.2093,    1.6835,    1.6078,    1.0834,    0.7862,    0.6348,    0.2546,    0.2243,    0.1591,    0.0551,    0.0448
  970,    0.1000,  218.2977,    0.2420,  113.5240,  112.4777,   -0.6499,   -0.9165,  158.4330,  155.0000,  155.4115,  155.4891,  155.3982,  155.3030,  155.1023,  155.0000,  155.0000,  155.0000,  155.0000,  156.4105,  159.7824,  164.8397,  171.2339,  177.6843,  183.8549,  189.7832,  197.8631,  203.5884,  206.7967,  208.3975,  209.0265,  209.3544,  209.4739,    0.0674,    0.2548,    0.5369,    0.8853,    1.2750,    1.6846,    2.0966,    2.4964,    2.8731,    3.2176,    3.5221,    3.7835,    3.4280,    3.5587,    3.6587,    3.7286,    3.7695,    3.7846,    3.7804,    3.7544,    3.7109,    3.6524,    3.5699,    3.4549,    1.1905,    1.1743,    1.1530,    1.1162,    1.0673,    1.0073,    0.8478,    0.8153,    0.7522,    0.6081,    0.5655,    0.3821,    0.2236,    0.1854,    0.1562,    0.1480,    0.1411,    0.1311,    0.1340,    0.1330,    0.1381,    0.1554,    0.1932,    0.2547,    0.3714,    0.4380,    0.3498,    0.4972,    0.4855,    0.4920,    0.5097,    0.5810,    0.5999,    0.6123,    0.6137,    0.6073,    1.6242,    1.5465,    1.4820,    1.4064,    1.3307,    1.2578,    1.1886,    1.1212,    1.0558,    0.9913,    0.9290,    0.8747,    1.2930,    1.1814,    1.0720,    0.9786,    0.9034,    0.8307,    0.7543,    0.6835,    0.6170,    0.5558,    0.4909,    0.4381,    1.0817,    0.7648,    0.5451,    0.3797,    0.2621,    0.1796,    0.1223,    0.0808,    0.0533,    0.0341,    0.0223,    0.0163,    0.0888,    0.0484,    0.0741,    0.0828,    0.0928,    0.0862,    0.0942,    0.1057,    0.0928,    0.1277,    0.1128,    0.1235,    0.1362,    0.1109,    0.1612,    0.1791,    0.1468,    0.1752,    0.2035,    0.2194,    0.2170,    0.1436,    0.2293,    0.2423,    0.2975,    0.3176,    0.3287,    0.3495,    0.3589,    0.3765,    0.3822,    0.4377,    0.4765,    0.4526,    0.4631,    0.4729,    0.8070,    0.8809,    0.9257,    0.9576,    0.9816,    1.0623,    0.9968,    1.0618,    1.0389,    1.0884,    1.0320,    1.1081,    2.3864,    2.3570,    2.4137,    2.4525,    2.4799,    2.3830,    2.4703,    2.5351,    2.5859,    2.4058,    2.3740,    2.4643,    6.2341,    5.9496,    5.8821,    5.7109,    5.2748,    4.9528,    4.3498,    4.0031,    3.8492,    3.3772,    2.5928,    2.4104,    1.8588,    1.7093,    1.3045,    1.2442,    0.8397,    0.6095,    0.4929,    0.1980,    0.1747,    0.1242,    0.0431,    0.0351,    0.0001,    0.0003,    0.0006,    0.0009,    0.0013,    0.0033,    0.0060,    0.0093,    0.0132,    0.0173,    0.0247,    0.0315,    0.0365,    0.0430,    0.0515,    0.0632,    0.0765,    0.0897,    0.0962,    0.1014,    0.1037,    0.1031,    0.1155,    0.1581,    0.0506,    0.0571,    0.0718,    0.1112,    0.1685,    0.2368,    0.4412,    0.4582,    0.5166,    0.6625,    0.6923,    0.8500,    0.6817,    0.6897,    0.6972,    0.6848,    0.6825,    0.7066,    0.6631,    0.6515,    0.6359,    0.6173,    0.5891,    0.5427,    0.4637,    0.3671,    0.4415,    0.2590,    0.2605,    0.2435,    0.2121,    0.1121,    0.0761,    0.0457,    0.0295,    0.0239,    0.0591,    0.0583,    0.0418,    0.0403,    0.0417,    0.0433,    0.0438,    0.0449,    0.0462,    0.0492,    0.0522,    0.0499,    0.0696,    0.0558,    0.0528,    0.0461,    0.0308,    0.0172,    0.0132,    0.0104,    0.0085,    0.0077,    0.0122,    0.0120,    0.0193,    0.0157,    0.0079,    0.0061,    0.0047,    0.0036,    0.0028,    0.0028,    0.0024,    0.0023,    0.0018,    0.0007,    0.0257,    0.0000,    0.0587,    0.1036,    0.1169,    0.1069,    0.1196,    0.1332,    0.1184,    0.1627,    0.1439,    0.1576,    0.1730,    0.1404,    0.2030,    0.2217,    0.1814,    0.1259,    0.0180,    0.0368,    0.1573,    0.1813,    0.2926,    0.3071,    0.3797,    0.4063,    0.4206,    0.4469,    0.4577,    0.4692,    0.4431,    0.4029,    0.3568,    0.4229,    0.5833,    0.5898,    1.0319,    1.1292,    1.1815,    1.2016,    1.1831,    1.3131,    1.2589,    1.3414,    1.2347,    1.3923,    1.3192,    1.4037,    3.0451,    2.9775,    3.0875,    3.1430,    3.1668,    3.0549,    3.1607,    3.2436,    3.3152,    3.0826,    3.0374,    3.1593,    7.9919,    7.6124,    7.5412,    7.3070,    6.7626,    6.3370,    5.5655,    5.1218,    4.9250,    4.3124,    3.3174,    3.0778,    2.3735,    2.1825,    1.6623,    1.5887,    1.0700,    0.7767,    0.6268,    0.2513,    0.2213,    0.1569,    0.0543,    0.0441
  979,    0.1500,  217.9965,    0.2526,  111.8939,  110.9028,   -0.5936,   -0.9198,  158.4330,  155.1261,  155.6320,  156.0006,  156.1043,  156.1184,  156.0423,  155.8700,  155.6999,  155.7935,  156.5375,  158.4749,  161.9300,  166.9249,  173.0419,  178.9768,  184.5374,  189.8897,  197.3349,  203.0406,  206.2319,  207.8343,  208.4630,  208.7933,  208.9126,    0.0673,    0.2543,    0.5359,    0.8835,    1.2723,    1.6805,    2.0908,    2.4887,    2.8632,    3.2052,    3.5065,    3.7639,    3.4074,    3.5348,    3.6305,    3.6955,    3.7302,    3.7393,    3.7310,    3.7008,    3.6545,    3.5944,    3.5088,    3.3897,    1.1666,    1.1503,    1.1293,    1.0934,    1.0463,    0.9888,    0.8355,    0.8047,    0.7438,    0.6060,    0.5661,    0.3916,    0.2340,    0.1958,    0.1651,    0.1565,    0.1487,    0.1364,    0.1416,    0.1410,    0.1469,    0.1647,    0.2016,    0.2593,    0.3709,    0.4349,    0.3498,    0.4919,    0.4802,    0.4861,    0.5030,    0.5721,    0.5904,    0.6023,    0.6036,    0.5972,    1.5958,    1.5171,    1.4498,    1.3710,    1.2932,    1.2190,    1.1491,    1.0813,    1.0153,    0.9505,    0.8886,    0.8349,    1.2333,    1.1255,    1.0226,    0.9390,    0.8726,    0.8049,    0.7327,    0.6652,    0.6011,    0.5425,    0.4798,    0.4284,    1.0571,    0.7473,    0.5321,    0.3703,    0.2553,    0.1746,    0.1187,    0.0783,    0.0516,    0.0330,    0.0215,    0.0157,    0.0883,    0.0483,    0.0734,    0.0816,    0.0914,    0.0849,    0.0927,    0.1040,    0.0912,    0.1255,    0.1107,    0.1212,    0.1336,    0.1088,    0.1581,    0.1757,    0.1440,    0.1724,    0.2022,    0.2177,    0.2140,    0.1407,    0.2245,    0.2373,    0.2913,    0.3109,    0.3217,    0.3421,    0.3513,    0.3686,    0.3745,    0.4297,    0.4687,    0.4444,    0.4533,    0.4632,    0.7902,    0.8624,    0.9069,    0.9387,    0.9628,    1.0416,    0.9779,    1.0414,    1.0199,    1.0684,    1.0129,    1.0884,    2.3437,    2.3164,    2.3738,    2.4121,    2.4402,    2.3456,    2.4334,    2.4980,    2.5475,    2.3708,    2.3408,    2.4294,    6.1480,    5.8726,    5.8057,    5.6402,    5.2092,    4.8942,    4.2994,    3.9575,    3.8063,    3.3415,    2.5648,    2.3856,    1.8401,    1.6925,    1.2923,    1.2323,    0.8321,    0.6042,    0.4888,    0.1965,    0.1735,    0.1234,    0.0428,    0.0349,    0.0001,    0.0004,    0.0008,    0.0014,    0.0019,    0.0050,    0.0091,    0.0141,    0.0199,    0.0261,    0.0372,    0.0474,    0.0551,    0.0649,    0.0775,    0.0951,    0.1150,    0.1347,    0.1445,    0.1521,    0.1555,    0.1543,    0.1676,    0.2123,    0.0703,    0.0765,    0.0904,    0.1280,    0.1827,    0.2481,    0.4459,    0.4620,    0.5183,    0.6596,    0.6876,    0.8408,    0.6740,    0.6821,    0.6899,    0.6775,    0.6754,    0.7004,    0.6560,    0.6443,    0.6287,    0.6099,    0.5818,    0.5361,    0.4592,    0.3647,    0.4374,    0.2590,    0.2605,    0.2435,    0.2125,    0.1147,    0.0793,    0.0497,    0.0338,    0.0283,    0.0721,    0.0722,    0.0582,    0.0590,    0.0617,    0.0640,    0.0648,    0.0659,    0.0673,    0.0702,    0.0725,    0.0696,    0.0984,    0.0817,    0.0744,    0.0616,    0.0416,    0.0257,    0.0197,    0.0156,    0.0127,    0.0111,    0.0150,    0.0144,    0.0254,    0.0204,    0.0116,    0.0089,    0.0069,    0.0053,    0.0040,    0.0036,    0.0030,    0.0027,    0.0020,    0.0009,    0.0253,    0.0000,    0.0577,    0.1018,    0.1148,    0.1050,    0.1173,    0.1307,    0.1161,    0.1594,    0.1410,    0.1544,    0.1695,    0.1374,    0.1986,    0.2170,    0.1774,    0.1232,    0.0176,    0.0360,    0.1537,    0.1772,    0.2862,    0.3001,    0.3710,    0.3972,    0.4112,    0.4369,    0.4474,    0.4587,    0.4332,    0.3939,    0.3489,    0.4135,    0.5708,    0.5769,    1.0094,    1.1055,    1.1563,    1.1763,    1.1585,    1.2869,    1.2335,    1.3154,    1.2110,    1.3652,    1.2946,    1.3771,    2.9904,    2.9255,    3.0333,    3.0913,    3.1159,    3.0068,    3.1102,    3.1928,    3.2661,    3.0377,    2.9920,    3.1146,    7.8816,    7.5061,    7.4431,    7.2091,    6.6784,    6.2556,    5.4953,    5.0583,    4.8651,    4.2580,    3.2782,    3.0399,    2.3448,    2.1566,    1.6418,    1.5703,    1.0571,    0.7675,    0.6190,    0.2481,    0.2183,    0.1548,    0.0536,    0.0435
  998,    0.2000,  217.6978,    0.2629,  110.3258,  109.3866,   -0.5381,   -0.8957,  158.4330,  155.5179,  156.0949,  156.8050,  156.9961,  157.1295,  157.1963,  157.1502,  157.1321,  157.3854,  158.2259,  160.2128,  163.6557,  168.5107,  174.3609,  179.8826,  184.9835,  189.8940,  196.8147,  202.5011,  205.6827,  207.2823,  207.9090,  208.2410,  208.3604,    0.0672,    0.2539,    0.5349,    0.8818,    1.2696,    1.6765,    2.0851,    2.4811,    2.8534,    3.1931,    3.4911,    3.7446,    3.3870,    3.5114,    3.6029,    3.6631,    3.6920,    3.6955,    3.6832,    3.6492,    3.6002,    3.5385,    3.4500,    3.3273,    1.1438,    1.1273,    1.1067,    1.0717,    1.0263,    0.9712,    0.8236,    0.7942,    0.7354,    0.6034,    0.5655,    0.3989,    0.2427,    0.2052,    0.1742,    0.1657,    0.1573,    0.1434,    0.1501,    0.1494,    0.1555,    0.1731,    0.2084,    0.2627,    0.3699,    0.4315,    0.3494,    0.4865,    0.4748,    0.4802,    0.4965,    0.5635,    0.5812,    0.5926,    0.5937,    0.5873,    1.5681,    1.4885,    1.4187,    1.3370,    1.2573,    1.1820,    1.1116,    1.0435,    0.9770,    0.9121,    0.8507,    0.7978,    1.1774,    1.0733,    0.9763,    0.9016,    0.8432,    0.7801,    0.7118,    0.6476,    0.5858,    0.5297,    0.4689,    0.4189,    1.0332,    0.7302,    0.5195,    0.3612,    0.2487,    0.1697,    0.1152,    0.0759,    0.0499,    0.0319,    0.0208,    0.0151,    0.0878,    0.0483,    0.0726,    0.0804,    0.0900,    0.0836,    0.0912,    0.1023,    0.0896,    0.1233,    0.1088,    0.1191,    0.1312,    0.1068,    0.1552,    0.1724,    0.1413,    0.1698,    0.2009,    0.2160,    0.2112,    0.1379,    0.2199,    0.2325,    0.2855,    0.3044,    0.3151,    0.3350,    0.3441,    0.3611,    0.3672,    0.4222,    0.4611,    0.4365,    0.4440,    0.4540,    0.7743,    0.8448,    0.8891,    0.9206,    0.9449,    1.0218,    0.9598,    1.0219,    1.0016,    1.0492,    0.9945,    1.0696,    2.3028,    2.2773,    2.3355,    2.3733,    2.4020,    2.3095,    2.3978,    2.4623,    2.5106,    2.3370,    2.3089,    2.3956,    6.0648,    5.7981,    5.7316,    5.5717,    5.1455,    4.8375,    4.2505,    3.9133,    3.7646,    3.3068,    2.5375,    2.3615,    1.8219,    1.6762,    1.2806,    1.2208,    0.8249,    0.5990,    0.4849,    0.1950,    0.1723,    0.1226,    0.0426,    0.0347,    0.0001,    0.0005,    0.0011,    0.0018,    0.0026,    0.0066,    0.0121,    0.0189,    0.0266,    0.0349,    0.0498,    0.0634,    0.0736,    0.0866,    0.1034,    0.1268,    0.1532,    0.1791,    0.1920,    0.2020,    0.2064,    0.2046,    0.2188,    0.2653,    0.0894,    0.0954,    0.1084,    0.1443,    0.1964,    0.2589,    0.4500,    0.4651,    0.5194,    0.6563,    0.6825,    0.8316,    0.6664,    0.6747,    0.6828,    0.6704,    0.6685,    0.6941,    0.6491,    0.6374,    0.6217,    0.6028,    0.5747,    0.5295,    0.4543,    0.3620,    0.4331,    0.2587,    0.2600,    0.2432,    0.2127,    0.1171,    0.0824,    0.0536,    0.0381,    0.0326,    0.0848,    0.0858,    0.0741,    0.0772,    0.0810,    0.0840,    0.0849,    0.0860,    0.0874,    0.0901,    0.0918,    0.0882,    0.1256,    0.1062,    0.0948,    0.0764,    0.0519,    0.0339,    0.0261,    0.0206,    0.0168,    0.0144,    0.0176,    0.0166,    0.0314,    0.0249,    0.0151,    0.0116,    0.0090,    0.0069,    0.0052,    0.0045,    0.0036,    0.0030,    0.0023,    0.0011,    0.0249,    0.0000,    0.0567,    0.1000,    0.1127,    0.1031,    0.1151,    0.1282,    0.1139,    0.1562,    0.1382,    0.1514,    0.1660,    0.1346,    0.1945,    0.2124,    0.1737,    0.1206,    0.0173,    0.0352,    0.1504,    0.1733,    0.2800,    0.2934,    0.3628,    0.3886,    0.4022,    0.4274,    0.4377,    0.4488,    0.4237,    0.3854,    0.3413,    0.4046,    0.5590,    0.5646,    0.9880,    1.0829,    1.1323,    1.1521,    1.1349,    1.2620,    1.2093,    1.2905,    1.1885,    1.3394,    1.2711,    1.3516,    2.9381,    2.8757,    2.9813,    3.0415,    3.0670,    2.9606,    3.0615,    3.1438,    3.2187,    2.9943,    2.9480,    3.0713,    7.7749,    7.4032,    7.3482,    7.1141,    6.5968,    6.1767,    5.4272,    4.9966,    4.8068,    4.2052,    3.2400,    3.0030,    2.3168,    2.1314,    1.6218,    1.5523,    1.0446,    0.7585,    0.6115,    0.2450,    0.2155,    0.1527,    0.0528,    0.0429
 1006,    0.3000,  217.1977,    0.2822,  107.4861,  106.5162,   -0.5610,   -0.9504,  158.4330,  156.3209,  156.9898,  157.7979,  158.4024,  158.6956,  158.9093,  159.0979,  159.2944,  159.6963,  160.6950,  162.7027,  166.0670,  170.6909,  176.0966,  181.0546,  185.5480,  189.8617,  195.9567,  201.6132,  204.7674,  206.3627,  206.9937,  207.3291,  207.4485,    0.0670,    0.2531,    0.5333,    0.8788,    1.2650,    1.6696,    2.0754,    2.4680,    2.8364,    3.1719,    3.4641,    3.7105,    3.3509,    3.4696,    3.5534,    3.6049,    3.6230,    3.6161,    3.5967,    3.5556,    3.5018,    3.4374,    3.3438,    3.2147,    1.1027,    1.0859,    1.0659,    1.0326,    0.9903,    0.9395,    0.8019,    0.7750,    0.7197,    0.5976,    0.5631,    0.4089,    0.2550,    0.2187,    0.1875,    0.1791,    0.1700,    0.1538,    0.1626,    0.1619,    0.1681,    0.1851,    0.2180,    0.2673,    0.3675,    0.4253,    0.3479,    0.4767,    0.4651,    0.4697,    0.4848,    0.5483,    0.5647,    0.5753,    0.5761,    0.5697,    1.5185,    1.4372,    1.3627,    1.2759,    1.1929,    1.1157,    1.0446,    0.9762,    0.9092,    0.8443,    0.7839,    0.7324,    1.0793,    0.9817,    0.8949,    0.8353,    0.7908,    0.7359,    0.6746,    0.6162,    0.5585,    0.5068,    0.4498,    0.4021,    0.9910,    0.7002,    0.4973,    0.3452,    0.2371,    0.1613,    0.1092,    0.0717,    0.0471,    0.0300,    0.0195,    0.0141,    0.0869,    0.0482,    0.0712,    0.0782,    0.0875,    0.0811,    0.0885,    0.0991,    0.0868,    0.1194,    0.1052,    0.1150,    0.1267,    0.1031,    0.1498,    0.1664,    0.1363,    0.1649,    0.1985,    0.2127,    0.2059,    0.1328,    0.2115,    0.2238,    0.2747,    0.2926,    0.3027,    0.3220,    0.3307,    0.3473,    0.3536,    0.4081,    0.4471,    0.4220,    0.4266,    0.4369,    0.7449,    0.8121,    0.8560,    0.8871,    0.9115,    0.9850,    0.9262,    0.9855,    0.9674,    1.0135,    0.9602,    1.0343,    2.2260,    2.2039,    2.2636,    2.3001,    2.3299,    2.2413,    2.3305,    2.3946,    2.4404,    2.2727,    2.2483,    2.3315,    5.9064,    5.6564,    5.5902,    5.4412,    5.0238,    4.7291,    4.1571,    3.8287,    3.6849,    3.2407,    2.4854,    2.3156,    1.7871,    1.6449,    1.2582,    1.1987,    0.8109,    0.5891,    0.4775,    0.1923,    0.1701,    0.1212,    0.0422,    0.0344,    0.0002,    0.0008,    0.0017,    0.0027,    0.0039,    0.0100,    0.0183,    0.0284,    0.0400,    0.0526,    0.0749,    0.0952,    0.1103,    0.1298,    0.1547,    0.1893,    0.2280,    0.2660,    0.2848,    0.2991,    0.3052,    0.3023,    0.3179,    0.3677,    0.1263,    0.1318,    0.1433,    0.1760,    0.2231,    0.2801,    0.4589,    0.4721,    0.5227,    0.6515,    0.6746,    0.8163,    0.6539,    0.6625,    0.6710,    0.6585,    0.6569,    0.6838,    0.6376,    0.6259,    0.6100,    0.5910,    0.5630,    0.5186,    0.4465,    0.3578,    0.4262,    0.2588,    0.2599,    0.2432,    0.2138,    0.1221,    0.0887,    0.0614,    0.0465,    0.0411,    0.1097,    0.1123,    0.1047,    0.1118,    0.1178,    0.1217,    0.1227,    0.1236,    0.1249,    0.1270,    0.1274,    0.1225,    0.1757,    0.1512,    0.1326,    0.1042,    0.0718,    0.0497,    0.0384,    0.0303,    0.0248,    0.0208,    0.0227,    0.0210,    0.0428,    0.0334,    0.0219,    0.0167,    0.0129,    0.0098,    0.0074,    0.0060,    0.0046,    0.0037,    0.0027,    0.0015,    0.0241,    0.0000,    0.0549,    0.0967,    0.1089,    0.0996,    0.1110,    0.1237,    0.1098,    0.1502,    0.1330,    0.1456,    0.1596,    0.1293,    0.1868,    0.2040,    0.1667,    0.1159,    0.0166,    0.0338,    0.1442,    0.1661,    0.2686,    0.2811,    0.3475,    0.3726,    0.3856,    0.4098,    0.4197,    0.4303,    0.4063,    0.3695,    0.3273,    0.3881,    0.5369,    0.5418,    0.9483,    1.0410,    1.0876,    1.1071,    1.0911,    1.2155,    1.1639,    1.2440,    1.1462,    1.2909,    1.2271,    1.3038,    2.8397,    2.7820,    2.8831,    2.9477,    2.9746,    2.8731,    2.9692,    3.0509,    3.1287,    2.9120,    2.8645,    2.9891,    7.5718,    7.2068,    7.1669,    6.9327,    6.4408,    6.0254,    5.2967,    4.8783,    4.6951,    4.1036,    3.1667,    2.9322,    2.2630,    2.0829,    1.5834,    1.5178,    1.0205,    0.7413,    0.5971,    0.2390,    0.2101,    0.1487,    0.0514,    0.0417
 1041,    0.4000,  216.6974,    0.3002,  104.7750,  103.8422,   -0.5189,   -0.9175,  158.4330,  156.8285,  157.5449,  158.3982,  159.3851,  159.7814,  160.0980,  160.3977,  160.7009,  161.2049,  162.2869,  164.2987,  167.5338,  171.9552,  177.0369,  181.6039,  185.7597,  189.6993,  195.1825,  200.8129,  203.9429,  205.5304,  206.1667,  206.5057,  206.6249,    0.0668,    0.2524,    0.5316,    0.8759,    1.2605,    1.6627,    2.0657,    2.4550,    2.8197,    3.1509,    3.4375,    3.6770,    3.3155,    3.4288,    3.5052,    3.5485,    3.5565,    3.5402,    3.5142,    3.4668,    3.4087,    3.3418,    3.2437,    3.1092,    1.0642,    1.0474,    1.0280,    0.9963,    0.9568,    0.9098,    0.7812,    0.7564,    0.7042,    0.5903,    0.5585,    0.4141,    0.2626,    0.2274,    0.1964,    0.1881,    0.1785,    0.1609,    0.1711,    0.1703,    0.1764,    0.1928,    0.2238,    0.2695,    0.3643,    0.4187,    0.3452,    0.4669,    0.4554,    0.4595,    0.4735,    0.5337,    0.5491,    0.5588,    0.5592,    0.5529,    1.4710,    1.3883,    1.3097,    1.2186,    1.1332,    1.0547,    0.9833,    0.9150,    0.8480,    0.7836,    0.7245,    0.6745,    0.9924,    0.9007,    0.8226,    0.7755,    0.7426,    0.6948,    0.6397,    0.5866,    0.5326,    0.4851,    0.4315,    0.3861,    0.9507,    0.6715,    0.4762,    0.3301,    0.2261,    0.1533,    0.1035,    0.0677,    0.0444,    0.0283,    0.0183,    0.0132,    0.0859,    0.0481,    0.0699,    0.0763,    0.0852,    0.0789,    0.0861,    0.0962,    0.0841,    0.1158,    0.1019,    0.1114,    0.1227,    0.0997,    0.1449,    0.1609,    0.1317,    0.1604,    0.1962,    0.2097,    0.2011,    0.1281,    0.2038,    0.2159,    0.2649,    0.2818,    0.2916,    0.3101,    0.3185,    0.3347,    0.3413,    0.3952,    0.4342,    0.4087,    0.4109,    0.4213,    0.7181,    0.7823,    0.8258,    0.8565,    0.8811,    0.9512,    0.8954,    0.9521,    0.9360,    0.9807,    0.9285,    1.0019,    2.1551,    2.1359,    2.1971,    2.2321,    2.2628,    2.1778,    2.2680,    2.3317,    2.3749,    2.2126,    2.1918,    2.2714,    5.7578,    5.5236,    5.4571,    5.3186,    4.9090,    4.6270,    4.0691,    3.7489,    3.6097,    3.1783,    2.4360,    2.2722,    1.7543,    1.6154,    1.2370,    1.1779,    0.7978,    0.5798,    0.4705,    0.1897,    0.1681,    0.1199,    0.0417,    0.0341,    0.0003,    0.0011,    0.0022,    0.0036,    0.0052,    0.0133,    0.0244,    0.0379,    0.0533,    0.0700,    0.0997,    0.1265,    0.1464,    0.1720,    0.2046,    0.2499,    0.3002,    0.3493,    0.3734,    0.3915,    0.3991,    0.3949,    0.4115,    0.4638,    0.1608,    0.1658,    0.1758,    0.2054,    0.2481,    0.2998,    0.4672,    0.4784,    0.5256,    0.6471,    0.6674,    0.8029,    0.6430,    0.6518,    0.6606,    0.6481,    0.6467,    0.6744,    0.6275,    0.6158,    0.5998,    0.5807,    0.5527,    0.5090,    0.4394,    0.3540,    0.4201,    0.2589,    0.2598,    0.2433,    0.2148,    0.1270,    0.0948,    0.0688,    0.0545,    0.0492,    0.1333,    0.1373,    0.1334,    0.1439,    0.1515,    0.1561,    0.1570,    0.1574,    0.1584,    0.1598,    0.1587,    0.1526,    0.2197,    0.1908,    0.1660,    0.1293,    0.0900,    0.0643,    0.0498,    0.0394,    0.0322,    0.0267,    0.0275,    0.0251,    0.0534,    0.0413,    0.0280,    0.0214,    0.0165,    0.0125,    0.0094,    0.0073,    0.0055,    0.0043,    0.0031,    0.0018,    0.0234,    0.0000,    0.0532,    0.0936,    0.1053,    0.0963,    0.1071,    0.1195,    0.1060,    0.1447,    0.1283,    0.1404,    0.1538,    0.1245,    0.1798,    0.1962,    0.1603,    0.1116,    0.0161,    0.0326,    0.1386,    0.1595,    0.2583,    0.2699,    0.3336,    0.3581,    0.3706,    0.3938,    0.4033,    0.4134,    0.3904,    0.3551,    0.3146,    0.3730,    0.5169,    0.5210,    0.9121,    1.0028,    1.0468,    1.0660,    1.0509,    1.1729,    1.1222,    1.2014,    1.1074,    1.2462,    1.1866,    1.2598,    2.7489,    2.6954,    2.7921,    2.8605,    2.8887,    2.7917,    2.8831,    2.9641,    3.0447,    2.8350,    2.7863,    2.9121,    7.3813,    7.0222,    6.9962,    6.7616,    6.2935,    5.8825,    5.1732,    4.7662,    4.5892,    4.0073,    3.0971,    2.8648,    2.2119,    2.0368,    1.5468,    1.4850,    0.9975,    0.7249,    0.5833,    0.2333,    0.2049,    0.1449,    0.0500,    0.0405
 1099,    0.5000,  216.1976,    0.3171,  102.1658,  101.3436,   -0.4014,   -0.8479,  158.4330,  157.5250,  158.2676,  159.1250,  160.1967,  160.5958,  160.9976,  161.3842,  161.7007,  162.2869,  163.3303,  165.2985,  168.4413,  172.6786,  177.4908,  181.8165,  185.7676,  189.4955,  194.4864,  200.0959,  203.2012,  204.7843,  205.4246,  205.7664,  205.8856,    0.0666,    0.2517,    0.5300,    0.8729,    1.2559,    1.6559,    2.0560,    2.4420,    2.8030,    3.1301,    3.4111,    3.6437,    3.2805,    3.3886,    3.4579,    3.4933,    3.4920,    3.4668,    3.4347,    3.3814,    3.3194,    3.2502,    3.1482,    3.0090,    1.0279,    1.0109,    0.9921,    0.9619,    0.9250,    0.8813,    0.7607,    0.7377,    0.6882,    0.5815,    0.5519,    0.4155,    0.2666,    0.2326,    0.2023,    0.1942,    0.1844,    0.1663,    0.1769,    0.1760,    0.1818,    0.1973,    0.2267,    0.2695,    0.3599,    0.4114,    0.3412,    0.4569,    0.4455,    0.4491,    0.4623,    0.5195,    0.5339,    0.5428,    0.5430,    0.5366,    1.4253,    1.3414,    1.2593,    1.1647,    1.0773,    0.9980,    0.9267,    0.8588,    0.7923,    0.7287,    0.6710,    0.6227,    0.9147,    0.8284,    0.7578,    0.7209,    0.6978,    0.6563,    0.6068,    0.5585,    0.5081,    0.4644,    0.4139,    0.3706,    0.9120,    0.6440,    0.4560,    0.3156,    0.2157,    0.1457,    0.0982,    0.0641,    0.0419,    0.0266,    0.0172,    0.0124,    0.0851,    0.0479,    0.0687,    0.0744,    0.0831,    0.0768,    0.0838,    0.0935,    0.0817,    0.1126,    0.0989,    0.1080,    0.1189,    0.0966,    0.1404,    0.1559,    0.1276,    0.1562,    0.1939,    0.2068,    0.1967,    0.1239,    0.1968,    0.2087,    0.2561,    0.2720,    0.2815,    0.2993,    0.3075,    0.3233,    0.3300,    0.3834,    0.4224,    0.3965,    0.3964,    0.4072,    0.6936,    0.7550,    0.7983,    0.8285,    0.8531,    0.9201,    0.8671,    0.9212,    0.9070,    0.9505,    0.8993,    0.9720,    2.0894,    2.0728,    2.1354,    2.1688,    2.2002,    2.1185,    2.2097,    2.2729,    2.3135,    2.1563,    2.1389,    2.2150,    5.6181,    5.3989,    5.3315,    5.2031,    4.8004,    4.5306,    3.9859,    3.6735,    3.5384,    3.1194,    2.3893,    2.2312,    1.7232,    1.5875,    1.2171,    1.1581,    0.7854,    0.5710,    0.4639,    0.1873,    0.1661,    0.1187,    0.0414,    0.0338,    0.0004,    0.0014,    0.0028,    0.0045,    0.0064,    0.0167,    0.0304,    0.0472,    0.0664,    0.0872,    0.1240,    0.1571,    0.1815,    0.2130,    0.2529,    0.3081,    0.3691,    0.4283,    0.4571,    0.4784,    0.4870,    0.4816,    0.4988,    0.5527,    0.1927,    0.1972,    0.2058,    0.2325,    0.2710,    0.3179,    0.4746,    0.4838,    0.5278,    0.6426,    0.6604,    0.7902,    0.6327,    0.6415,    0.6505,    0.6381,    0.6368,    0.6651,    0.6176,    0.6060,    0.5900,    0.5709,    0.5430,    0.4999,    0.4325,    0.3503,    0.4141,    0.2589,    0.2596,    0.2433,    0.2158,    0.1315,    0.1005,    0.0757,    0.0620,    0.0568,    0.1554,    0.1606,    0.1599,    0.1732,    0.1820,    0.1869,    0.1875,    0.1874,    0.1878,    0.1883,    0.1859,    0.1785,    0.2575,    0.2248,    0.1948,    0.1513,    0.1063,    0.0775,    0.0601,    0.0476,    0.0390,    0.0322,    0.0319,    0.0289,    0.0631,    0.0485,    0.0337,    0.0256,    0.0197,    0.0149,    0.0112,    0.0085,    0.0063,    0.0048,    0.0034,    0.0021,    0.0228,    0.0000,    0.0516,    0.0906,    0.1019,    0.0933,    0.1036,    0.1156,    0.1024,    0.1397,    0.1239,    0.1355,    0.1483,    0.1200,    0.1733,    0.1891,    0.1544,    0.1077,    0.0156,    0.0314,    0.1334,    0.1535,    0.2488,    0.2596,    0.3209,    0.3448,    0.3568,    0.3792,    0.3883,    0.3981,    0.3759,    0.3418,    0.3029,    0.3592,    0.4986,    0.5019,    0.8789,    0.9678,    1.0094,    1.0282,    1.0140,    1.1337,    1.0839,    1.1621,    1.0716,    1.2050,    1.1491,    1.2190,    2.6649,    2.6150,    2.7074,    2.7794,    2.8086,    2.7157,    2.8025,    2.8827,    2.9660,    2.7628,    2.7128,    2.8397,    7.2022,    6.8481,    6.8353,    6.6000,    6.1544,    5.7471,    5.0562,    4.6599,    4.4887,    3.9157,    3.0309,    2.8008,    2.1631,    1.9928,    1.5118,    1.4536,    0.9755,    0.7092,    0.5702,    0.2278,    0.1999,    0.1413,    0.0487,    0.0394
 1112,    0.7500,  215.2967,    0.3547,   96.7499,   95.7525,   -0.5661,   -0.9874,  158.4330,  158.5709,  159.3303,  160.2053,  161.3944,  161.8419,  162.2980,  162.7006,  163.1170,  163.6971,  164.7742,  166.6222,  169.5253,  173.3980,  177.8054,  181.8750,  185.6767,  189.2390,  193.3938,  198.9663,  202.0386,  203.6058,  204.2553,  204.5994,  204.7205,    0.0663,    0.2503,    0.5269,    0.8675,    1.2476,    1.6430,    2.0375,    2.4168,    2.7701,    3.0887,    3.3577,    3.5755,    3.2078,    3.3045,    3.3582,    3.3764,    3.3546,    3.3106,    3.2658,    3.2003,    3.1302,    3.0565,    2.9466,    2.7984,    0.9517,    0.9346,    0.9171,    0.8900,    0.8583,    0.8216,    0.7172,    0.6981,    0.6540,    0.5614,    0.5363,    0.4147,    0.2707,    0.2389,    0.2102,    0.2024,    0.1926,    0.1741,    0.1849,    0.1837,    0.1888,    0.2028,    0.2294,    0.2678,    0.3501,    0.3960,    0.3319,    0.4358,    0.4246,    0.4274,    0.4387,    0.4898,    0.5023,    0.5094,    0.5090,    0.5028,    1.3301,    1.2437,    1.1544,    1.0529,    0.9623,    0.8822,    0.8118,    0.7456,    0.6808,    0.6199,    0.5660,    0.5215,    0.7633,    0.6878,    0.6310,    0.6121,    0.6070,    0.5778,    0.5396,    0.5012,    0.4580,    0.4222,    0.3784,    0.3394,    0.8343,    0.5893,    0.4159,    0.2871,    0.1952,    0.1309,    0.0877,    0.0569,    0.0371,    0.0235,    0.0151,    0.0108,    0.0831,    0.0477,    0.0660,    0.0703,    0.0784,    0.0722,    0.0788,    0.0877,    0.0765,    0.1055,    0.0923,    0.1008,    0.1108,    0.0900,    0.1306,    0.1451,    0.1186,    0.1470,    0.1889,    0.2004,    0.1871,    0.1149,    0.1818,    0.1933,    0.2371,    0.2510,    0.2596,    0.2761,    0.2837,    0.2986,    0.3057,    0.3578,    0.3965,    0.3699,    0.3651,    0.3765,    0.6408,    0.6957,    0.7386,    0.7677,    0.7924,    0.8521,    0.8055,    0.8537,    0.8432,    0.8845,    0.8350,    0.9063,    1.9444,    1.9332,    1.9993,    2.0280,    2.0606,    1.9860,    2.0798,    2.1417,    2.1757,    2.0296,    2.0202,    2.0878,    5.3024,    5.1176,    5.0466,    4.9420,    4.5532,    4.3119,    3.7968,    3.5018,    3.3761,    2.9856,    2.2825,    2.1379,    1.6524,    1.5237,    1.1717,    1.1129,    0.7571,    0.5510,    0.4490,    0.1818,    0.1618,    0.1159,    0.0405,    0.0332,    0.0005,    0.0020,    0.0042,    0.0068,    0.0096,    0.0249,    0.0454,    0.0703,    0.0987,    0.1294,    0.1834,    0.2318,    0.2665,    0.3119,    0.3687,    0.4467,    0.5315,    0.6126,    0.6511,    0.6789,    0.6892,    0.6804,    0.6981,    0.7547,    0.2645,    0.2679,    0.2738,    0.2948,    0.3250,    0.3621,    0.4975,    0.5023,    0.5398,    0.6408,    0.6533,    0.7717,    0.6173,    0.6262,    0.6354,    0.6231,    0.6220,    0.6507,    0.6030,    0.5914,    0.5755,    0.5563,    0.5286,    0.4867,    0.4240,    0.3477,    0.4072,    0.2629,    0.2632,    0.2475,    0.2219,    0.1443,    0.1155,    0.0930,    0.0802,    0.0751,    0.2077,    0.2150,    0.2204,    0.2389,    0.2496,    0.2544,    0.2537,    0.2517,    0.2503,    0.2484,    0.2427,    0.2324,    0.3360,    0.2953,    0.2553,    0.1990,    0.1427,    0.1072,    0.0838,    0.0667,    0.0547,    0.0449,    0.0421,    0.0377,    0.0856,    0.0651,    0.0465,    0.0352,    0.0268,    0.0201,    0.0150,    0.0111,    0.0081,    0.0059,    0.0042,    0.0027,    0.0213,    0.0000,    0.0480,    0.0841,    0.0944,    0.0865,    0.0956,    0.1070,    0.0947,    0.1284,    0.1142,    0.1248,    0.1365,    0.1103,    0.1592,    0.1735,    0.1416,    0.0990,    0.0144,    0.0288,    0.1221,    0.1404,    0.2282,    0.2372,    0.2933,    0.3160,    0.3270,    0.3475,    0.3559,    0.3648,    0.3445,    0.3131,    0.2774,    0.3292,    0.4589,    0.4605,    0.8067,    0.8917,    0.9277,    0.9458,    0.9334,    1.0481,    0.9998,    1.0761,    0.9931,    1.1142,    1.0668,    1.1290,    2.4793,    2.4371,    2.5191,    2.5989,    2.6299,    2.5459,    2.6219,    2.7000,    2.7893,    2.6004,    2.5471,    2.6767,    6.7975,    6.4531,    6.4699,    6.2322,    5.8374,    5.4380,    4.7885,    4.4165,    4.2580,    3.7052,    2.8788,    2.6532,    2.0508,    1.8911,    1.4310,    1.3811,    0.9246,    0.6728,    0.5396,    0.2151,    0.1884,    0.1328,    0.0457,    0.0369
 1196,    1.0000,  214.3978,    0.3872,   91.8651,   90.9285,   -0.5009,   -0.9416,  158.4330,  159.0012,  159.7789,  160.6663,  161.7987,  162.2967,  162.6957,  163.0999,  163.5011,  164.0961,  165.0963,  166.8326,  169.5643,  173.1926,  177.3731,  181.3881,  185.2795,  188.8946,  192.5445,  198.0911,  201.1342,  202.6929,  203.3473,  203.6898,  203.8150,    0.0660,    0.2490,    0.5238,    0.8621,    1.2392,    1.6301,    2.0191,    2.3918,    2.7375,    3.0477,    3.3051,    3.5086,    3.1371,    3.2231,    3.2626,    3.2654,    3.2257,    3.1658,    3.1104,    3.0351,    2.9585,    2.8813,    2.7657,    2.6116,    0.8846,    0.8676,    0.8511,    0.8267,    0.7991,    0.7680,    0.6768,    0.6608,    0.6211,    0.5395,    0.5181,    0.4073,    0.2682,    0.2382,    0.2111,    0.2035,    0.1939,    0.1761,    0.1862,    0.1848,    0.1893,    0.2020,    0.2267,    0.2625,    0.3389,    0.3801,    0.3207,    0.4151,    0.4043,    0.4065,    0.4162,    0.4621,    0.4729,    0.4786,    0.4776,    0.4715,    1.2426,    1.1549,    1.0607,    0.9553,    0.8638,    0.7845,    0.7162,    0.6527,    0.5908,    0.5335,    0.4837,    0.4430,    0.6461,    0.5794,    0.5323,    0.5243,    0.5305,    0.5104,    0.4809,    0.4505,    0.4133,    0.3842,    0.3461,    0.3110,    0.7636,    0.5394,    0.3796,    0.2613,    0.1768,    0.1178,    0.0786,    0.0507,    0.0329,    0.0208,    0.0133,    0.0094,    0.0813,    0.0475,    0.0637,    0.0669,    0.0745,    0.0683,    0.0746,    0.0828,    0.0721,    0.0996,    0.0868,    0.0947,    0.1041,    0.0844,    0.1226,    0.1361,    0.1112,    0.1393,    0.1843,    0.1947,    0.1791,    0.1074,    0.1693,    0.1807,    0.2216,    0.2336,    0.2417,    0.2571,    0.2641,    0.2783,    0.2857,    0.3365,    0.3748,    0.3478,    0.3391,    0.3512,    0.5973,    0.6463,    0.6891,    0.7173,    0.7418,    0.7950,    0.7541,    0.7969,    0.7894,    0.8292,    0.7806,    0.8512,    1.8213,    1.8142,    1.8838,    1.9073,    1.9406,    1.8719,    1.9685,    2.0290,    2.0562,    1.9196,    1.9178,    1.9771,    5.0268,    4.8729,    4.7963,    4.7138,    4.3351,    4.1200,    3.6306,    3.3506,    3.2328,    2.8682,    2.1880,    2.0558,    1.5901,    1.4674,    1.1318,    1.0728,    0.7322,    0.5333,    0.4358,    0.1770,    0.1580,    0.1135,    0.0398,    0.0327,    0.0007,    0.0027,    0.0056,    0.0090,    0.0128,    0.0329,    0.0599,    0.0928,    0.1300,    0.1701,    0.2402,    0.3026,    0.3463,    0.4041,    0.4757,    0.5730,    0.6772,    0.7753,    0.8208,    0.8526,    0.8633,    0.8509,    0.8675,    0.9239,    0.3241,    0.3265,    0.3300,    0.3464,    0.3700,    0.3992,    0.5168,    0.5180,    0.5500,    0.6396,    0.6478,    0.7565,    0.6045,    0.6133,    0.6224,    0.6103,    0.6092,    0.6376,    0.5904,    0.5789,    0.5630,    0.5439,    0.5167,    0.4759,    0.4172,    0.3459,    0.4016,    0.2668,    0.2667,    0.2515,    0.2276,    0.1558,    0.1289,    0.1083,    0.0962,    0.0911,    0.2531,    0.2617,    0.2713,    0.2928,    0.3038,    0.3075,    0.3050,    0.3008,    0.2971,    0.2927,    0.2840,    0.2711,    0.3924,    0.3459,    0.2993,    0.2352,    0.1716,    0.1312,    0.1033,    0.0825,    0.0679,    0.0556,    0.0508,    0.0452,    0.1045,    0.0789,    0.0570,    0.0430,    0.0325,    0.0243,    0.0180,    0.0131,    0.0094,    0.0068,    0.0047,    0.0031,    0.0200,    0.0000,    0.0449,    0.0785,    0.0880,    0.0808,    0.0888,    0.0996,    0.0880,    0.1189,    0.1060,    0.1158,    0.1265,    0.1021,    0.1473,    0.1605,    0.1309,    0.0917,    0.0134,    0.0266,    0.1127,    0.1294,    0.2111,    0.2186,    0.2703,    0.2921,    0.3022,    0.3212,    0.3289,    0.3371,    0.3184,    0.2890,    0.2561,    0.3040,    0.4260,    0.4260,    0.7465,    0.8285,    0.8595,    0.8767,    0.8657,    0.9763,    0.9290,    1.0038,    0.9268,    1.0374,    0.9972,    1.0526,    2.3219,    2.2856,    2.3580,    2.4442,    2.4763,    2.3996,    2.4656,    2.5416,    2.6361,    2.4594,    2.4027,    2.5347,    6.4442,    6.1064,    6.1491,    5.9078,    5.5578,    5.1642,    4.5510,    4.2002,    4.0527,    3.5171,    2.7430,    2.5210,    1.9500,    1.7997,    1.3582,    1.3157,    0.8786,    0.6399,    0.5118,    0.2035,    0.1779,    0.1251,    0.0429,    0.0346
 1271,    1.2500,  213.5967,    0.4157,   87.6207,   86.7112,   -0.4727,   -0.8971,  158.4330,  159.0076,  159.7930,  160.6810,  161.7985,  162.2037,  162.6978,  163.0718,  163.4009,  163.9511,  164.8977,  166.5706,  169.1445,  172.5978,  176.6806,  180.7768,  184.8249,  188.5969,  191.9506,  197.4566,  200.4808,  202.0265,  202.6869,  203.0262,  203.1548,    0.0657,    0.2478,    0.5211,    0.8572,    1.2317,    1.6185,    2.0023,    2.3689,    2.7076,    3.0100,    3.2567,    3.4470,    3.0719,    3.1482,    3.1749,    3.1641,    3.1091,    3.0359,    2.9718,    2.8887,    2.8070,    2.7270,    2.6075,    2.4498,    0.8268,    0.8100,    0.7945,    0.7722,    0.7480,    0.7213,    0.6410,    0.6274,    0.5914,    0.5188,    0.5005,    0.3982,    0.2635,    0.2347,    0.2089,    0.2015,    0.1923,    0.1752,    0.1845,    0.1830,    0.1869,    0.1988,    0.2223,    0.2565,    0.3281,    0.3654,    0.3097,    0.3964,    0.3859,    0.3876,    0.3959,    0.4374,    0.4467,    0.4512,    0.4497,    0.4437,    1.1654,    1.0769,    0.9796,    0.8721,    0.7811,    0.7037,    0.6380,    0.5776,    0.5191,    0.4655,    0.4197,    0.3826,    0.5561,    0.4965,    0.4563,    0.4545,    0.4677,    0.4541,    0.4313,    0.4071,    0.3750,    0.3513,    0.3181,    0.2863,    0.7023,    0.4962,    0.3483,    0.2393,    0.1612,    0.1067,    0.0709,    0.0455,    0.0295,    0.0186,    0.0118,    0.0083,    0.0797,    0.0473,    0.0617,    0.0640,    0.0712,    0.0650,    0.0711,    0.0786,    0.0683,    0.0946,    0.0822,    0.0896,    0.0984,    0.0798,    0.1158,    0.1286,    0.1050,    0.1326,    0.1801,    0.1896,    0.1722,    0.1012,    0.1589,    0.1702,    0.2086,    0.2191,    0.2266,    0.2410,    0.2476,    0.2613,    0.2687,    0.3184,    0.3563,    0.3291,    0.3171,    0.3299,    0.5605,    0.6043,    0.6474,    0.6746,    0.6989,    0.7462,    0.7103,    0.7483,    0.7432,    0.7820,    0.7339,    0.8040,    1.7151,    1.7113,    1.7843,    1.8024,    1.8361,    1.7723,    1.8717,    1.9309,    1.9513,    1.8230,    1.8283,    1.8795,    4.7835,    4.6576,    4.5741,    4.5124,    4.1408,    3.9500,    3.4831,    3.2163,    3.1053,    2.7643,    2.1037,    1.9830,    1.5347,    1.4173,    1.0965,    1.0371,    0.7101,    0.5175,    0.4243,    0.1728,    0.1548,    0.1115,    0.0392,    0.0323,    0.0009,    0.0033,    0.0069,    0.0112,    0.0159,    0.0408,    0.0742,    0.1146,    0.1603,    0.2094,    0.2948,    0.3703,    0.4219,    0.4908,    0.5754,    0.6894,    0.8095,    0.9209,    0.9713,    1.0053,    1.0153,    0.9994,    1.0139,    1.0683,    0.3746,    0.3760,    0.3776,    0.3903,    0.4085,    0.4314,    0.5346,    0.5328,    0.5603,    0.6404,    0.6452,    0.7460,    0.5954,    0.6040,    0.6128,    0.6009,    0.5997,    0.6272,    0.5810,    0.5697,    0.5540,    0.5351,    0.5083,    0.4683,    0.4130,    0.3458,    0.3984,    0.2714,    0.2710,    0.2562,    0.2337,    0.1666,    0.1413,    0.1221,    0.1106,    0.1054,    0.2936,    0.3028,    0.3152,    0.3381,    0.3485,    0.3508,    0.3462,    0.3397,    0.3338,    0.3268,    0.3155,    0.3005,    0.4351,    0.3843,    0.3329,    0.2640,    0.1954,    0.1514,    0.1199,    0.0961,    0.0793,    0.0650,    0.0585,    0.0518,    0.1210,    0.0907,    0.0659,    0.0495,    0.0373,    0.0276,    0.0204,    0.0147,    0.0105,    0.0074,    0.0051,    0.0035,    0.0188,    0.0000,    0.0421,    0.0735,    0.0823,    0.0757,    0.0829,    0.0932,    0.0823,    0.1107,    0.0989,    0.1080,    0.1178,    0.0951,    0.1371,    0.1493,    0.1217,    0.0854,    0.0125,    0.0247,    0.1046,    0.1201,    0.1966,    0.2028,    0.2507,    0.2718,    0.2812,    0.2988,    0.3060,    0.3136,    0.2962,    0.2685,    0.2378,    0.2826,    0.3980,    0.3967,    0.6953,    0.7747,    0.8012,    0.8177,    0.8077,    0.9150,    0.8682,    0.9418,    0.8699,    0.9713,    0.9374,    0.9867,    2.1860,    2.1546,    2.2178,    2.3097,    2.3425,    2.2719,    2.3284,    2.4023,    2.5017,    2.3355,    2.2753,    2.4096,    6.1322,    5.7985,    5.8643,    5.6187,    5.3087,    4.9194,    4.3383,    4.0062,    3.8682,    3.3477,    2.6208,    2.4018,    1.8589,    1.7170,    1.2922,    1.2564,    0.8368,    0.6099,    0.4865,    0.1929,    0.1682,    0.1180,    0.0404,    0.0325
 1326,    1.5000,  212.8968,    0.4408,   83.9337,   82.9829,   -0.5170,   -0.9100,  158.4330,  158.7211,  159.4984,  160.3952,  161.5044,  161.9862,  162.3943,  162.6998,  163.0919,  163.5770,  164.4629,  166.0600,  168.5359,  171.8985,  175.9091,  180.1458,  184.4064,  188.3694,  191.7869,  196.8919,  199.8978,  201.4379,  202.0944,  202.4383,  202.5660,    0.0654,    0.2467,    0.5186,    0.8529,    1.2251,    1.6081,    1.9872,    2.3482,    2.6804,    2.9757,    3.2123,    3.3905,    3.0121,    3.0795,    3.0948,    3.0720,    3.0040,    2.9197,    2.8484,    2.7591,    2.6735,    2.5914,    2.4692,    2.3096,    0.7771,    0.7605,    0.7457,    0.7253,    0.7038,    0.6806,    0.6093,    0.5978,    0.5649,    0.4997,    0.4840,    0.3889,    0.2581,    0.2302,    0.2054,    0.1982,    0.1892,    0.1728,    0.1815,    0.1798,    0.1834,    0.1948,    0.2175,    0.2505,    0.3179,    0.3519,    0.2994,    0.3794,    0.3692,    0.3705,    0.3777,    0.4153,    0.4234,    0.4268,    0.4250,    0.4191,    1.0971,    1.0084,    0.9092,    0.8011,    0.7115,    0.6365,    0.5738,    0.5166,    0.4616,    0.4117,    0.3696,    0.3356,    0.4863,    0.4326,    0.3973,    0.3988,    0.4159,    0.4069,    0.3893,    0.3701,    0.3421,    0.3229,    0.2937,    0.2648,    0.6490,    0.4589,    0.3214,    0.2203,    0.1478,    0.0973,    0.0644,    0.0411,    0.0266,    0.0167,    0.0106,    0.0074,    0.0783,    0.0471,    0.0599,    0.0614,    0.0683,    0.0621,    0.0681,    0.0750,    0.0651,    0.0904,    0.0782,    0.0853,    0.0936,    0.0758,    0.1101,    0.1222,    0.0997,    0.1268,    0.1764,    0.1851,    0.1662,    0.0959,    0.1499,    0.1612,    0.1976,    0.2066,    0.2136,    0.2273,    0.2335,    0.2466,    0.2542,    0.3027,    0.3402,    0.3129,    0.2980,    0.3116,    0.5290,    0.5680,    0.6115,    0.6379,    0.6619,    0.7037,    0.6726,    0.7059,    0.7028,    0.7412,    0.6931,    0.7630,    1.6222,    1.6210,    1.6976,    1.7100,    1.7438,    1.6842,    1.7867,    1.8445,    1.8583,    1.7371,    1.7492,    1.7926,    4.5664,    4.4666,    4.3751,    4.3330,    3.9662,    3.7981,    3.3511,    3.0960,    2.9910,    2.6717,    2.0280,    1.9179,    1.4851,    1.3725,    1.0651,    1.0051,    0.6904,    0.5035,    0.4140,    0.1691,    0.1519,    0.1097,    0.0387,    0.0320,    0.0011,    0.0040,    0.0083,    0.0134,    0.0189,    0.0487,    0.0883,    0.1361,    0.1900,    0.2477,    0.3476,    0.4354,    0.4939,    0.5728,    0.6690,    0.7972,    0.9306,    1.0522,    1.1057,    1.1409,    1.1496,    1.1301,    1.1420,    1.1930,    0.4179,    0.4183,    0.4184,    0.4279,    0.4419,    0.4597,    0.5507,    0.5464,    0.5700,    0.6419,    0.6438,    0.7371,    0.5875,    0.5957,    0.6043,    0.5925,    0.5912,    0.6181,    0.5726,    0.5614,    0.5459,    0.5273,    0.5010,    0.4621,    0.4101,    0.3465,    0.3961,    0.2762,    0.2754,    0.2610,    0.2398,    0.1767,    0.1527,    0.1348,    0.1237,    0.1185,    0.3301,    0.3395,    0.3536,    0.3770,    0.3863,    0.3867,    0.3801,    0.3714,    0.3632,    0.3539,    0.3403,    0.3234,    0.4685,    0.4143,    0.3596,    0.2875,    0.2157,    0.1688,    0.1344,    0.1081,    0.0894,    0.0733,    0.0653,    0.0576,    0.1355,    0.1011,    0.0736,    0.0550,    0.0413,    0.0304,    0.0224,    0.0159,    0.0113,    0.0079,    0.0055,    0.0037,    0.0177,    0.0000,    0.0397,    0.0691,    0.0773,    0.0713,    0.0777,    0.0876,    0.0773,    0.1034,    0.0927,    0.1012,    0.1103,    0.0889,    0.1282,    0.1395,    0.1137,    0.0799,    0.0116,    0.0229,    0.0975,    0.1120,    0.1840,    0.1890,    0.2337,    0.2542,    0.2630,    0.2795,    0.2862,    0.2933,    0.2769,    0.2507,    0.2219,    0.2639,    0.3738,    0.3712,    0.6509,    0.7282,    0.7507,    0.7664,    0.7573,    0.8617,    0.8152,    0.8879,    0.8204,    0.9135,    0.8852,    0.9289,    2.0672,    2.0396,    2.0943,    2.1913,    2.2244,    2.1590,    2.2067,    2.2785,    2.3824,    2.2254,    2.1616,    2.2983,    5.8539,    5.5225,    5.6092,    5.3589,    5.0849,    4.6986,    4.1461,    3.8308,    3.7012,    3.1940,    2.5098,    2.2933,    1.7760,    1.6415,    1.2318,    1.2022,    0.7985,    0.5823,    0.4632,    0.1832,    0.1594,    0.1115,    0.0381,    0.0305
 1410,    1.7500,  212.1984,    0.4632,   80.5458,   79.6552,   -0.4607,   -0.8662,  158.4330,  158.3265,  159.1012,  159.9939,  161.0971,  161.5007,  161.9006,  162.2009,  162.5194,  162.9966,  163.8460,  165.3902,  167.7980,  171.0932,  175.0986,  179.4872,  183.9798,  188.0877,  191.5970,  196.3974,  199.3964,  200.9296,  201.5809,  201.9253,  202.0518,    0.0651,    0.2456,    0.5162,    0.8486,    1.2184,    1.5977,    1.9721,    2.3275,    2.6534,    2.9416,    3.1684,    3.3349,    2.9536,    3.0127,    3.0174,    2.9837,    2.9041,    2.8104,    2.7330,    2.6388,    2.5501,    2.4664,    2.3424,    2.1822,    0.7322,    0.7159,    0.7018,    0.6828,    0.6636,    0.6433,    0.5796,    0.5698,    0.5395,    0.4807,    0.4673,    0.3784,    0.2515,    0.2245,    0.2007,    0.1936,    0.1850,    0.1695,    0.1774,    0.1756,    0.1789,    0.1897,    0.2118,    0.2437,    0.3076,    0.3385,    0.2889,    0.3630,    0.3531,    0.3541,    0.3602,    0.3945,    0.4014,    0.4040,    0.4019,    0.3961,    1.0336,    0.9454,    0.8452,    0.7378,    0.6503,    0.5782,    0.5185,    0.4647,    0.4131,    0.3669,    0.3282,    0.2971,    0.4294,    0.3806,    0.3490,    0.3522,    0.3713,    0.3656,    0.3521,    0.3368,    0.3124,    0.2969,    0.2713,    0.2450,    0.6001,    0.4245,    0.2966,    0.2030,    0.1357,    0.0888,    0.0585,    0.0372,    0.0240,    0.0151,    0.0095,    0.0066,    0.0769,    0.0469,    0.0583,    0.0592,    0.0658,    0.0596,    0.0655,    0.0718,    0.0623,    0.0868,    0.0747,    0.0815,    0.0894,    0.0724,    0.1050,    0.1166,    0.0951,    0.1217,    0.1729,    0.1809,    0.1610,    0.0914,    0.1422,    0.1535,    0.1881,    0.1958,    0.2024,    0.2153,    0.2213,    0.2339,    0.2415,    0.2890,    0.3260,    0.2987,    0.2813,    0.2957,    0.5016,    0.5362,    0.5802,    0.6059,    0.6296,    0.6664,    0.6397,    0.6686,    0.6672,    0.7054,    0.6571,    0.7271,    1.5400,    1.5408,    1.6211,    1.6277,    1.6615,    1.6056,    1.7113,    1.7678,    1.7749,    1.6600,    1.6787,    1.7146,    4.3710,    4.2955,    4.1954,    4.1720,    3.8082,    3.6615,    3.2323,    2.9875,    2.8877,    2.5886,    1.9594,    1.8595,    1.4405,    1.3320,    1.0370,    0.9762,    0.6727,    0.4909,    0.4048,    0.1659,    0.1494,    0.1081,    0.0382,    0.0316,    0.0012,    0.0046,    0.0096,    0.0155,    0.0220,    0.0563,    0.1020,    0.1569,    0.2186,    0.2845,    0.3981,    0.4972,    0.5616,    0.6494,    0.7556,    0.8958,    1.0396,    1.1686,    1.2239,    1.2589,    1.2658,    1.2429,    1.2516,    1.2982,    0.4542,    0.4537,    0.4524,    0.4594,    0.4698,    0.4834,    0.5640,    0.5578,    0.5781,    0.6429,    0.6424,    0.7294,    0.5806,    0.5885,    0.5968,    0.5852,    0.5838,    0.6097,    0.5653,    0.5542,    0.5389,    0.5205,    0.4946,    0.4566,    0.4074,    0.3472,    0.3941,    0.2804,    0.2794,    0.2653,    0.2451,    0.1857,    0.1629,    0.1460,    0.1353,    0.1301,    0.3621,    0.3713,    0.3862,    0.4093,    0.4171,    0.4155,    0.4069,    0.3961,    0.3859,    0.3745,    0.3590,    0.3406,    0.4934,    0.4367,    0.3797,    0.3058,    0.2320,    0.1831,    0.1465,    0.1183,    0.0980,    0.0804,    0.0711,    0.0627,    0.1479,    0.1098,    0.0799,    0.0596,    0.0445,    0.0326,    0.0239,    0.0169,    0.0119,    0.0083,    0.0057,    0.0039,    0.0167,    0.0000,    0.0374,    0.0652,    0.0728,    0.0673,    0.0730,    0.0826,    0.0728,    0.0970,    0.0872,    0.0951,    0.1037,    0.0835,    0.1203,    0.1309,    0.1066,    0.0751,    0.0109,    0.0214,    0.0913,    0.1049,    0.1729,    0.1769,    0.2187,    0.2388,    0.2470,    0.2625,    0.2688,    0.2754,    0.2600,    0.2350,    0.2079,    0.2475,    0.3527,    0.3489,    0.6118,    0.6874,    0.7062,    0.7212,    0.7128,    0.8148,    0.7684,    0.8405,    0.7766,    0.8623,    0.8391,    0.8776,    1.9619,    1.9377,    1.9842,    2.0858,    2.1192,    2.0582,    2.0977,    2.1674,    2.2755,    2.1266,    2.0593,    2.1982,    5.6034,    5.2730,    5.3788,    5.1233,    4.8822,    4.4980,    3.9713,    3.6711,    3.5489,    3.0534,    2.4085,    2.1940,    1.7000,    1.5723,    1.1763,    1.1523,    0.7632,    0.5569,    0.4417,    0.1742,    0.1512,    0.1055,    0.0359,    0.0287
 1459,    2.0000,  211.5967,    0.4834,   77.6047,   76.6611,   -0.5176,   -0.8775,  158.4330,  157.9580,  158.7230,  159.5986,  160.6738,  161.0036,  161.3994,  161.6699,  161.9182,  162.3759,  163.1988,  164.6981,  167.0405,  170.2975,  174.3402,  178.8903,  183.5889,  187.8421,  191.4794,  196.0532,  199.0489,  200.5778,  201.2219,  201.5675,  201.6931,    0.0649,    0.2447,    0.5141,    0.8449,    1.2127,    1.5885,    1.9587,    2.3090,    2.6290,    2.9108,    3.1285,    3.2843,    2.9004,    2.9519,    2.9471,    2.9038,    2.8144,    2.7129,    2.6307,    2.5325,    2.4414,    2.3566,    2.2316,    2.0718,    0.6934,    0.6774,    0.6639,    0.6462,    0.6288,    0.6110,    0.5537,    0.5452,    0.5172,    0.4638,    0.4524,    0.3690,    0.2456,    0.2192,    0.1962,    0.1892,    0.1808,    0.1659,    0.1732,    0.1715,    0.1745,    0.1849,    0.2066,    0.2378,    0.2983,    0.3267,    0.2795,    0.3485,    0.3388,    0.3395,    0.3447,    0.3760,    0.3820,    0.3837,    0.3814,    0.3758,    0.9777,    0.8901,    0.7898,    0.6836,    0.5986,    0.5295,    0.4729,    0.4221,    0.3739,    0.3310,    0.2953,    0.2667,    0.3844,    0.3397,    0.3110,    0.3146,    0.3343,    0.3310,    0.3205,    0.3084,    0.2869,    0.2745,    0.2520,    0.2279,    0.5576,    0.3948,    0.2753,    0.1882,    0.1253,    0.0816,    0.0536,    0.0339,    0.0218,    0.0137,    0.0086,    0.0060,    0.0757,    0.0467,    0.0569,    0.0573,    0.0636,    0.0573,    0.0632,    0.0690,    0.0598,    0.0836,    0.0717,    0.0781,    0.0857,    0.0694,    0.1007,    0.1117,    0.0911,    0.1171,    0.1696,    0.1772,    0.1563,    0.0874,    0.1353,    0.1468,    0.1798,    0.1862,    0.1926,    0.2049,    0.2106,    0.2228,    0.2304,    0.2769,    0.3135,    0.2861,    0.2665,    0.2817,    0.4775,    0.5081,    0.5528,    0.5777,    0.6011,    0.6332,    0.6105,    0.6354,    0.6354,    0.6738,    0.6250,    0.6952,    1.4664,    1.4690,    1.5529,    1.5538,    1.5875,    1.5348,    1.6438,    1.6990,    1.6996,    1.5903,    1.6154,    1.6439,    4.1939,    4.1413,    4.0320,    4.0265,    3.6640,    3.5376,    3.1244,    2.8890,    2.7938,    2.5135,    1.8971,    1.8066,    1.4002,    1.2954,    1.0117,    0.9499,    0.6568,    0.4795,    0.3965,    0.1629,    0.1471,    0.1068,    0.0378,    0.0314,    0.0014,    0.0053,    0.0109,    0.0177,    0.0250,    0.0639,    0.1155,    0.1774,    0.2468,    0.3206,    0.4472,    0.5571,    0.6266,    0.7226,    0.8377,    0.9883,    1.1405,    1.2751,    1.3312,    1.3656,    1.3703,    1.3441,    1.3494,    1.3914,    0.4861,    0.4848,    0.4824,    0.4872,    0.4947,    0.5048,    0.5768,    0.5690,    0.5863,    0.6451,    0.6425,    0.7238,    0.5754,    0.5830,    0.5909,    0.5794,    0.5779,    0.6028,    0.5595,    0.5485,    0.5334,    0.5153,    0.4899,    0.4528,    0.4062,    0.3488,    0.3934,    0.2850,    0.2838,    0.2701,    0.2508,    0.1944,    0.1726,    0.1565,    0.1462,    0.1408,    0.3917,    0.4004,    0.4157,    0.4380,    0.4441,    0.4407,    0.4301,    0.4174,    0.4053,    0.3921,    0.3749,    0.3551,    0.5145,    0.4558,    0.3969,    0.3219,    0.2467,    0.1961,    0.1576,    0.1277,    0.1060,    0.0870,    0.0766,    0.0673,    0.1592,    0.1178,    0.0857,    0.0636,    0.0473,    0.0345,    0.0252,    0.0177,    0.0124,    0.0086,    0.0059,    0.0040,    0.0158,    0.0000,    0.0354,    0.0616,    0.0688,    0.0637,    0.0688,    0.0781,    0.0688,    0.0912,    0.0823,    0.0897,    0.0977,    0.0786,    0.1133,    0.1232,    0.1003,    0.0707,    0.0102,    0.0200,    0.0858,    0.0985,    0.1631,    0.1662,    0.2054,    0.2251,    0.2328,    0.2474,    0.2534,    0.2596,    0.2450,    0.2210,    0.1954,    0.2329,    0.3339,    0.3290,    0.5771,    0.6513,    0.6666,    0.6810,    0.6732,    0.7731,    0.7267,    0.7982,    0.7376,    0.8165,    0.7979,    0.8317,    1.8678,    1.8464,    1.8852,    1.9911,    2.0244,    1.9675,    1.9990,    2.0668,    2.1789,    2.0373,    1.9665,    2.1076,    5.3763,    5.0457,    5.1692,    4.9083,    4.6975,    4.3144,    3.8112,    3.5246,    3.4091,    2.9241,    2.3154,    2.1025,    1.6299,    1.5083,    1.1250,    1.1062,    0.7305,    0.5334,    0.4218,    0.1659,    0.1436,    0.0999,    0.0339,    0.0271
