Particle       ,data/QEXT_96IR_84_VIS_fosterite_1um
Ncase          ,  14
dt (sols)      ,  0.020833
Qext 0.67um    ,  1.575000
Alb sfc        ,  0.220000
Conrath nu     ,  0.002000
Sun Flux (W/m2),148.393084
BWN IR (cm-1)  ,     10.0000,     58.3330,     82.5000,    106.6670,    130.8330,    155.0000,    179.1670,    203.3330,    227.5000,    251.6670,    275.8330,    300.0000,    320.7880,    341.5750,    362.3630,    383.1500,    403.9380,    424.7250,    445.5130,    466.3010,    487.0880,    507.8760,    528.6630,    549.4510,    556.7420,    564.0330,    571.3240,    578.6150,    585.9060,    593.1970,    600.4880,    607.7790,    615.0700,    622.3610,    629.6520,    636.9430,    642.5500,    648.1570,    653.7640,    659.3700,    664.9770,    670.5840,    676.1910,    681.7980,    687.4050,    693.0110,    698.6180,    704.2250,    710.1390,    716.0530,    721.9670,    727.8810,    733.7950,    739.7090,    745.6240,    751.5380,    757.4520,    763.3660,    769.2800,    775.1940,    791.5010,    807.8070,    824.1140,    840.4210,    856.7270,    873.0340,    889.3410,    905.6470,    921.9540,    938.2610,    954.5670,    970.8740,    996.8050,   1022.7370,   1048.6680,   1074.6000,   1100.5310,   1126.4630,   1152.3940,   1178.3250,   1204.2570,   1230.1880,   1256.1200,   1282.0510,   1360.3990,   1438.7460,   1517.0940,   1595.4410,   1673.7890,   1752.1370,   1830.4840,   1908.8320,   1987.1790,   2065.5270,   2143.8740,   2222.2220
BWN VIS (cm-1) ,   2222.2200,   2366.4120,   2438.5080,   2510.6030,   2582.6990,   2654.7950,   2726.8910,   2798.9870,   2871.0820,   2943.1780,   3015.2740,   3087.3700,   3165.9750,   3244.5800,   3323.1850,   3401.7900,   3480.3950,   3559.0000,   3637.6050,   3716.2100,   3794.8150,   3873.4200,   3952.0250,   4030.6300,   4142.2920,   4253.9530,   4365.6150,   4477.2770,   4588.9380,   4700.6000,   4812.2620,   4923.9230,   5035.5850,   5147.2470,   5258.9080,   5370.5700,   5560.6150,   5750.6600,   5940.7050,   6130.7500,   6320.7950,   6510.8400,   6700.8850,   6890.9300,   7080.9750,   7271.0200,   7461.0650,   7651.1100,   8055.1840,   8459.2580,   8863.3330,   9267.4070,   9671.4810,  10075.5550,  10479.6290,  10883.7030,  11287.7780,  11691.8520,  12095.9260,  12500.0000,  13541.6670,  14583.3330,  15625.0000,  16666.6670,  17708.3330,  18750.0000,  19791.6670,  20833.3330,  21875.0000,  22916.6670,  23958.3330,  25000.0000,  26388.8890,  27777.7780,  29166.6670,  30555.5570,  31944.4460,  33333.3350,  34722.2240,  36111.1130,  37500.0030,  38888.8920,  40277.7810,  41666.6700
================
wavelenght [um],    0.244068,    0.252632,    0.261818,    0.271698,    0.282353,    0.293878,    0.306383,    0.320000,    0.334884,    0.351220,    0.369231,    0.389189,    0.408511,    0.426667,    0.446512,    0.468293,    0.492308,    0.518919,    0.548571,    0.581818,    0.619355,    0.662069,    0.711111,    0.768000,    0.813143,    0.840768,    0.870336,    0.902060,    0.936184,    0.972991,    1.012810,    1.056028,    1.103099,    1.154562,    1.211061,    1.273375,    1.323436,    1.357581,    1.393534,    1.431444,    1.471474,    1.513807,    1.558648,    1.606226,    1.656801,    1.710664,    1.768147,    1.829628,    1.881560,    1.921939,    1.964090,    2.008131,    2.054193,    2.102417,    2.152960,    2.205992,    2.261704,    2.320302,    2.382017,    2.447105,    2.505432,    2.555765,    2.608162,    2.662752,    2.719677,    2.779088,    2.841153,    2.906054,    2.973989,    3.045176,    3.119855,    3.198288,    3.277268,    3.356577,    3.439819,    3.527294,    3.619334,    3.716307,    3.818620,    3.926726,    4.041130,    4.162400,    4.291175,    4.428172,    4.580751,    4.751270,    4.934974,    5.133456,    5.348572,    5.582505,    5.837838,    6.117648,    6.425631,    6.766266,    7.145039,    7.568734,    7.879690,    8.044056,    8.215425,    8.394255,    8.581043,    8.776330,    8.980716,    9.194848,    9.419442,    9.655282,    9.903235,   10.164260,   10.387231,   10.566200,   10.751445,   10.943308,   11.142136,   11.348323,   11.562291,   11.784476,   12.015368,   12.255495,   12.505409,   12.765727,   12.949392,   13.049328,   13.150818,   13.253898,   13.358608,   13.464994,   13.573088,   13.682923,   13.794549,   13.908012,   14.023357,   14.140631,   14.256763,   14.371646,   14.488386,   14.607038,   14.727660,   14.850291,   14.974981,   15.101782,   15.230738,   15.361915,   15.495384,   15.631191,   15.790367,   15.974275,   16.162517,   16.355249,   16.552633,   16.754839,   16.962047,   17.174443,   17.392227,   17.615605,   17.844795,   18.080028,   18.550914,   19.294981,   20.101230,   20.977796,   21.934298,   22.982219,   24.135264,   25.410119,   26.827165,   28.411593,   30.194923,   32.217118,   34.732292,   37.914692,   41.739101,   46.421699,   52.287582,   59.850314,   69.970927,   84.210526,  105.726686,  142.012170,  216.216216,  452.826771
Qext           ,      1.4560,      1.4580,      1.4600,      1.4640,      1.4680,      1.4710,      1.4750,      1.4800,      1.4850,      1.4890,      1.4940,      1.5010,      1.5060,      1.5110,      1.5170,      1.5230,      1.5310,      1.5380,      1.5450,      1.5550,      1.5650,      1.5750,      1.5860,      1.6010,      1.6120,      1.6190,      1.6250,      1.6300,      1.6370,      1.6450,      1.6540,      1.6620,      1.6740,      1.6870,      1.7030,      1.7220,      1.7390,      1.7540,      1.7660,      1.7840,      1.8040,      1.8190,      1.8430,      1.8790,      1.9080,      1.9390,      1.9830,      2.0170,      2.0410,      2.0650,      2.1000,      2.1360,      2.1590,      2.1810,      2.2030,      2.2330,      2.2610,      2.2780,      2.2990,      2.3170,      2.3250,      2.3320,      2.3360,      2.3370,      2.3360,      2.3320,      2.3250,      2.3090,      2.2880,      2.2700,      2.2490,      2.2120,      2.1710,      2.1390,      2.1060,      2.0510,      1.9910,      1.9490,      1.8820,      1.8130,      1.7390,      1.6640,      1.5870,      1.5080,      1.4280,      1.3210,      1.2140,      1.1090,      1.0070,      0.9080,      0.7910,      0.6820,      0.5840,      0.4980,      0.4280,      0.3670,      0.3450,      0.3420,      0.3520,      0.3800,      0.4140,      0.4620,      0.5290,      0.6150,      0.8120,      0.9990,      1.0610,      1.0740,      1.0680,      1.0330,      0.9790,      0.9120,      0.8420,      0.7790,      0.7230,      0.6530,      0.5720,      0.4710,      0.3920,      0.3390,      0.3130,      0.3130,      0.3130,      0.3010,      0.3010,      0.2970,      0.2970,      0.2970,      0.2930,      0.2930,      0.2870,      0.2870,      0.2800,      0.2800,      0.2800,      0.2780,      0.2780,      0.2850,      0.2850,      0.3090,      0.3090,      0.3090,      0.3470,      0.3470,      0.3920,      0.3920,      0.4320,      0.4680,      0.4680,      0.4980,      0.4980,      0.5200,      0.5310,      0.5310,      0.5300,      0.5170,      0.4880,      0.4450,      0.4140,      0.3980,      0.3840,      0.3540,      0.3150,      0.2720,      0.2240,      0.1840,      0.1520,      0.1270,      0.1010,      0.0800,      0.0620,      0.0470,      0.0360,      0.0260,      0.0190,      0.0130,      0.0080,      0.0040,      0.0020,      0.0010
Qscat          ,      1.3670,      1.3790,      1.3910,      1.4040,      1.4170,      1.4260,      1.4360,      1.4450,      1.4550,      1.4620,      1.4710,      1.4810,      1.4890,      1.4950,      1.5030,      1.5100,      1.5180,      1.5270,      1.5360,      1.5460,      1.5570,      1.5680,      1.5800,      1.5950,      1.6070,      1.6140,      1.6190,      1.6250,      1.6330,      1.6410,      1.6490,      1.6580,      1.6700,      1.6830,      1.6980,      1.7170,      1.7340,      1.7490,      1.7600,      1.7790,      1.7990,      1.8140,      1.8380,      1.8730,      1.9020,      1.9320,      1.9760,      2.0100,      2.0330,      2.0570,      2.0920,      2.1270,      2.1500,      2.1720,      2.1940,      2.2240,      2.2510,      2.2670,      2.2880,      2.3050,      2.3130,      2.3190,      2.3230,      2.3230,      2.3220,      2.3170,      2.3100,      2.2930,      2.2710,      2.2520,      2.2310,      2.1930,      2.1500,      2.1180,      2.0840,      2.0280,      1.9670,      1.9240,      1.8550,      1.7840,      1.7090,      1.6320,      1.5520,      1.4710,      1.3890,      1.2790,      1.1690,      1.0590,      0.9520,      0.8480,      0.7230,      0.6050,      0.4960,      0.3950,      0.3060,      0.2120,      0.1590,      0.1360,      0.1070,      0.0850,      0.0750,      0.0720,      0.0750,      0.0870,      0.1340,      0.1990,      0.2340,      0.2670,      0.2760,      0.2850,      0.2870,      0.2810,      0.2700,      0.2580,      0.2480,      0.2390,      0.2260,      0.2040,      0.1740,      0.1450,      0.1210,      0.1210,      0.1210,      0.1040,      0.1040,      0.0910,      0.0910,      0.0910,      0.0810,      0.0810,      0.0720,      0.0720,      0.0630,      0.0630,      0.0630,      0.0540,      0.0540,      0.0460,      0.0460,      0.0410,      0.0410,      0.0410,      0.0380,      0.0380,      0.0390,      0.0390,      0.0410,      0.0440,      0.0440,      0.0480,      0.0480,      0.0510,      0.0540,      0.0540,      0.0560,      0.0560,      0.0550,      0.0490,      0.0440,      0.0400,      0.0370,      0.0340,      0.0300,      0.0260,      0.0210,      0.0160,      0.0130,      0.0100,      0.0070,      0.0050,      0.0030,      0.0020,      0.0010,      0.0010,      0.0000,      0.0000,      0.0000,      0.0000,      0.0000,      0.0000
G factor       ,    0.7660,    0.7630,    0.7610,    0.7580,    0.7550,    0.7520,    0.7500,    0.7470,    0.7440,    0.7420,    0.7400,    0.7360,    0.7330,    0.7310,    0.7280,    0.7250,    0.7210,    0.7180,    0.7140,    0.7100,    0.7040,    0.7000,    0.6940,    0.6860,    0.6790,    0.6750,    0.6710,    0.6670,    0.6620,    0.6560,    0.6490,    0.6430,    0.6350,    0.6260,    0.6180,    0.6100,    0.6040,    0.6010,    0.5990,    0.5960,    0.5940,    0.5930,    0.5920,    0.5920,    0.5930,    0.5940,    0.5980,    0.6010,    0.6030,    0.6060,    0.6100,    0.6140,    0.6180,    0.6210,    0.6240,    0.6290,    0.6340,    0.6370,    0.6410,    0.6460,    0.6480,    0.6510,    0.6530,    0.6560,    0.6580,    0.6600,    0.6610,    0.6640,    0.6660,    0.6670,    0.6670,    0.6680,    0.6690,    0.6690,    0.6690,    0.6690,    0.6680,    0.6670,    0.6650,    0.6640,    0.6610,    0.6590,    0.6560,    0.6520,    0.6490,    0.6430,    0.6370,    0.6300,    0.6220,    0.6130,    0.6010,    0.5870,    0.5700,    0.5500,    0.5260,    0.4930,    0.4670,    0.4530,    0.4300,    0.4070,    0.3910,    0.3740,    0.3580,    0.3420,    0.3190,    0.3020,    0.2960,    0.2930,    0.2930,    0.2960,    0.3000,    0.3040,    0.3050,    0.3040,    0.3030,    0.3030,    0.3010,    0.2960,    0.2830,    0.2660,    0.2500,    0.2500,    0.2500,    0.2360,    0.2360,    0.2240,    0.2240,    0.2240,    0.2130,    0.2130,    0.2030,    0.2030,    0.1920,    0.1920,    0.1920,    0.1820,    0.1820,    0.1710,    0.1710,    0.1610,    0.1610,    0.1610,    0.1520,    0.1520,    0.1440,    0.1440,    0.1370,    0.1320,    0.1320,    0.1270,    0.1270,    0.1220,    0.1190,    0.1190,    0.1160,    0.1140,    0.1120,    0.1070,    0.1010,    0.0940,    0.0890,    0.0840,    0.0800,    0.0770,    0.0730,    0.0680,    0.0620,    0.0560,    0.0490,    0.0410,    0.0340,    0.0280,    0.0220,    0.0170,    0.0120,    0.0080,    0.0050,    0.0030,    0.0010,    0.0000
================
P [mbar]       ,    0.1004,    0.1015,    0.1034,    0.1069,    0.1130,    0.1239,    0.1432,    0.1740,    0.2226,    0.3028,    0.4349,    0.6529,    1.0121,    1.6044,    2.4646,    3.4606,    4.3994,    5.2226,    5.8426,    6.2132,    6.3980,    6.4686,    6.5039,    6.5168
Temp initial[K],  155.0000,  155.0000,  155.0000,  155.0000,  155.0000,  155.0000,  155.0000,  155.0000,  155.0000,  155.0000,  155.0000,  155.0000,  158.8233,  165.4041,  173.2716,  181.4436,  190.2788,  198.8130,  204.5783,  207.8249,  209.4219,  210.0497,  210.3719,  210.4891
================
it   ,   tau    ,  Tsfc    ,   alb    ,   OLR    ,    ASR   ,  NET top ,  NET bot , T lev  01, T lev  02, T lev  03, T lev  04, T lev  05, T lev  06, T lev  07, T lev  08, T lev  09, T lev  10, T lev  11, T lev  12, T lev  13, T lev  14, T lev  15, T lev  16, T lev  17, T lev  18, T lev  19, T lev  20, T lev  21, T lev  22, T lev  23, T lev  24, T lev  25,  OLR IR01,  OLR IR02,  OLR IR03,  OLR IR04,  OLR IR05,  OLR IR06,  OLR IR07,  OLR IR08,  OLR IR09,  OLR IR10,  OLR IR11,  OLR IR12,  OLR IR13,  OLR IR14,  OLR IR15,  OLR IR16,  OLR IR17,  OLR IR18,  OLR IR19,  OLR IR20,  OLR IR21,  OLR IR22,  OLR IR23,  OLR IR24,  OLR IR25,  OLR IR26,  OLR IR27,  OLR IR28,  OLR IR29,  OLR IR30,  OLR IR31,  OLR IR32,  OLR IR33,  OLR IR34,  OLR IR35,  OLR IR36,  OLR IR37,  OLR IR38,  OLR IR39,  OLR IR40,  OLR IR41,  OLR IR42,  OLR IR43,  OLR IR44,  OLR IR45,  OLR IR46,  OLR IR47,  OLR IR48,  OLR IR49,  OLR IR50,  OLR IR51,  OLR IR52,  OLR IR53,  OLR IR54,  OLR IR55,  OLR IR56,  OLR IR57,  OLR IR58,  OLR IR59,  OLR IR60,  OLR IR61,  OLR IR62,  OLR IR63,  OLR IR64,  OLR IR65,  OLR IR66,  OLR IR67,  OLR IR68,  OLR IR69,  OLR IR70,  OLR IR71,  OLR IR72,  OLR IR73,  OLR IR74,  OLR IR75,  OLR IR76,  OLR IR77,  OLR IR78,  OLR IR79,  OLR IR80,  OLR IR81,  OLR IR82,  OLR IR83,  OLR IR84,  OLR IR85,  OLR IR86,  OLR IR87,  OLR IR88,  OLR IR89,  OLR IR90,  OLR IR91,  OLR IR92,  OLR IR93,  OLR IR94,  OLR IR95,  OLR IR96, ASR VIS01, ASR VIS02, ASR VIS03, ASR VIS04, ASR VIS05, ASR VIS06, ASR VIS07, ASR VIS08, ASR VIS09, ASR VIS10, ASR VIS11, ASR VIS12, ASR VIS13, ASR VIS14, ASR VIS15, ASR VIS16, ASR VIS17, ASR VIS18, ASR VIS19, ASR VIS20, ASR VIS21, ASR VIS22, ASR VIS23, ASR VIS24, ASR VIS25, ASR VIS26, ASR VIS27, ASR VIS28, ASR VIS29, ASR VIS30, ASR VIS31, ASR VIS32, ASR VIS33, ASR VIS34, ASR VIS35, ASR VIS36, ASR VIS37, ASR VIS38, ASR VIS39, ASR VIS40, ASR VIS41, ASR VIS42, ASR VIS43, ASR VIS44, ASR VIS45, ASR VIS46, ASR VIS47, ASR VIS48, ASR VIS49, ASR VIS50, ASR VIS51, ASR VIS52, ASR VIS53, ASR VIS54, ASR VIS55, ASR VIS56, ASR VIS57, ASR VIS58, ASR VIS59, ASR VIS60, ASR VIS61, ASR VIS62, ASR VIS63, ASR VIS64, ASR VIS65, ASR VIS66, ASR VIS67, ASR VIS68, ASR VIS69, ASR VIS70, ASR VIS71, ASR VIS72, ASR VIS73, ASR VIS74, ASR VIS75, ASR VIS76, ASR VIS77, ASR VIS78, ASR VIS79, ASR VIS80, ASR VIS81, ASR VIS82, ASR VIS83, ASR VIS84, SFC DIR01, SFC DIR02, SFC DIR03, SFC DIR04, SFC DIR05, SFC DIR06, SFC DIR07, SFC DIR08, SFC DIR09, SFC DIR10, SFC DIR11, SFC DIR12, SFC DIR13, SFC DIR14, SFC DIR15, SFC DIR16, SFC DIR17, SFC DIR18, SFC DIR19, SFC DIR20, SFC DIR21, SFC DIR22, SFC DIR23, SFC DIR24, SFC DIR25, SFC DIR26, SFC DIR27, SFC DIR28, SFC DIR29, SFC DIR30, SFC DIR31, SFC DIR32, SFC DIR33, SFC DIR34, SFC DIR35, SFC DIR36, SFC DIR37, SFC DIR38, SFC DIR39, SFC DIR40, SFC DIR41, SFC DIR42, SFC DIR43, SFC DIR44, SFC DIR45, SFC DIR46, SFC DIR47, SFC DIR48, SFC DIR49, SFC DIR50, SFC DIR51, SFC DIR52, SFC DIR53, SFC DIR54, SFC DIR55, SFC DIR56, SFC DIR57, SFC DIR58, SFC DIR59, SFC DIR60, SFC DIR61, SFC DIR62, SFC DIR63, SFC DIR64, SFC DIR65, SFC DIR66, SFC DIR67, SFC DIR68, SFC DIR69, SFC DIR70, SFC DIR71, SFC DIR72, SFC DIR73, SFC DIR74, SFC DIR75, SFC DIR76, SFC DIR77, SFC DIR78, SFC DIR79, SFC DIR80, SFC DIR81, SFC DIR82, SFC DIR83, SFC DIR84, SFC DIR85, SFC DIR86, SFC DIR87, SFC DIR88, SFC DIR89, SFC DIR90, SFC DIR91, SFC DIR92, SFC DIR93, SFC DIR94, SFC DIR95, SFC DIR96,SFC DVIS01,SFC DVIS02,SFC DVIS03,SFC DVIS04,SFC DVIS05,SFC DVIS06,SFC DVIS07,SFC DVIS08,SFC DVIS09,SFC DVIS10,SFC DVIS11,SFC DVIS12,SFC DVIS13,SFC DVIS14,SFC DVIS15,SFC DVIS16,SFC DVIS17,SFC DVIS18,SFC DVIS19,SFC DVIS20,SFC DVIS21,SFC DVIS22,SFC DVIS23,SFC DVIS24,SFC DVIS25,SFC DVIS26,SFC DVIS27,SFC DVIS28,SFC DVIS29,SFC DVIS30,SFC DVIS31,SFC DVIS32,SFC DVIS33,SFC DVIS34,SFC DVIS35,SFC DVIS36,SFC DVIS37,SFC DVIS38,SFC DVIS39,SFC DVIS40,SFC DVIS41,SFC DVIS42,SFC DVIS43,SFC DVIS44,SFC DVIS45,SFC DVIS46,SFC DVIS47,SFC DVIS48,SFC DVIS49,SFC DVIS50,SFC DVIS51,SFC DVIS52,SFC DVIS53,SFC DVIS54,SFC DVIS55,SFC DVIS56,SFC DVIS57,SFC DVIS58,SFC DVIS59,SFC DVIS60,SFC DVIS61,SFC DVIS62,SFC DVIS63,SFC DVIS64,SFC DVIS65,SFC DVIS66,SFC DVIS67,SFC DVIS68,SFC DVIS69,SFC DVIS70,SFC DVIS71,SFC DVIS72,SFC DVIS73,SFC DVIS74,SFC DVIS75,SFC DVIS76,SFC DVIS77,SFC DVIS78,SFC DVIS79,SFC DVIS80,SFC DVIS81,SFC DVIS82,SFC DVIS83,SFC DVIS84
 1007,    0.0000,  218.8983,    0.2194,  117.0969,  115.8380,   -0.8625,   -0.7595,  158.4330,  155.0000,  155.0000,  155.0000,  155.0000,  155.0000,  155.0000,  155.0000,  155.0000,  155.0000,  155.0000,  155.0000,  155.0000,  158.8202,  165.3996,  173.2672,  181.4393,  190.2764,  198.8104,  204.5754,  207.8212,  209.4182,  210.0462,  210.3680,  210.4855,    0.0676,    0.2556,    0.5389,    0.8888,    1.2804,    1.6928,    2.1082,    2.5121,    2.8933,    3.2429,    3.5544,    3.8241,    3.4712,    3.6087,    3.7179,    3.7987,    3.8530,    3.8815,    3.8866,    3.8696,    3.8324,    3.7775,    3.7019,    3.5964,    1.2424,    1.2267,    1.2047,    1.1662,    1.1137,    1.0481,    0.8756,    0.8393,    0.7711,    0.6138,    0.5638,    0.3590,    0.1995,    0.1649,    0.1438,    0.1375,    0.1329,    0.1277,    0.1258,    0.1235,    0.1245,    0.1364,    0.1735,    0.2440,    0.3730,    0.4452,    0.3502,    0.5089,    0.4971,    0.5051,    0.5244,    0.6000,    0.6202,    0.6335,    0.6351,    0.6285,    1.6842,    1.6087,    1.5504,    1.4822,    1.4116,    1.3421,    1.2748,    1.2087,    1.1452,    1.0819,    1.0194,    0.9639,    1.4270,    1.3066,    1.1824,    1.0659,    0.9702,    0.8860,    0.8005,    0.7221,    0.6504,    0.5836,    0.5141,    0.4584,    1.1328,    0.8012,    0.5722,    0.3992,    0.2764,    0.1901,    0.1299,    0.0861,    0.0569,    0.0365,    0.0240,    0.0175,    0.0899,    0.0485,    0.0757,    0.0853,    0.0957,    0.0892,    0.0975,    0.1095,    0.0962,    0.1325,    0.1172,    0.1283,    0.1417,    0.1155,    0.1679,    0.1865,    0.1530,    0.1811,    0.2062,    0.2231,    0.2234,    0.1500,    0.2398,    0.2531,    0.3109,    0.3324,    0.3440,    0.3658,    0.3756,    0.3936,    0.3989,    0.4549,    0.4935,    0.4704,    0.4844,    0.4940,    0.8433,    0.9209,    0.9662,    0.9986,    1.0221,    1.1068,    1.0376,    1.1056,    1.0799,    1.1314,    1.0731,    1.1504,    2.4777,    2.4439,    2.4989,    2.5383,    2.5642,    2.4625,    2.5489,    2.6139,    2.6670,    2.4800,    2.4441,    2.5380,    6.4157,    6.1123,    6.0433,    5.8603,    5.4132,    5.0767,    4.4565,    4.0997,    3.9404,    3.4535,    2.6528,    2.4637,    1.8993,    1.7458,    1.3311,    1.2705,    0.8565,    0.6215,    0.5021,    0.2015,    0.1776,    0.1261,    0.0437,    0.0355,    0.0000,    0.0000,    0.0000,    0.0000,    0.0000,    0.0000,    0.0000,    0.0000,    0.0000,    0.0000,    0.0000,    0.0000,    0.0000,    0.0000,    0.0000,    0.0000,    0.0000,    0.0000,    0.0000,    0.0001,    0.0002,    0.0007,    0.0108,    0.0490,    0.0110,    0.0180,    0.0344,    0.0771,    0.1397,    0.2137,    0.4309,    0.4495,    0.5119,    0.6671,    0.7005,    0.8672,    0.6959,    0.7036,    0.7106,    0.6982,    0.6956,    0.7186,    0.6761,    0.6645,    0.6491,    0.6306,    0.6025,    0.5551,    0.4721,    0.3712,    0.4491,    0.2585,    0.2602,    0.2432,    0.2110,    0.1067,    0.0696,    0.0377,    0.0207,    0.0150,    0.0329,    0.0299,    0.0085,    0.0020,    0.0004,    0.0004,    0.0002,    0.0011,    0.0019,    0.0049,    0.0091,    0.0081,    0.0085,    0.0012,    0.0075,    0.0141,    0.0089,    0.0000,    0.0000,    0.0000,    0.0000,    0.0008,    0.0066,    0.0072,    0.0065,    0.0059,    0.0000,    0.0000,    0.0000,    0.0000,    0.0000,    0.0009,    0.0011,    0.0014,    0.0012,    0.0002,    0.0266,    0.0000,    0.0608,    0.1075,    0.1214,    0.1110,    0.1245,    0.1386,    0.1233,    0.1698,    0.1501,    0.1645,    0.1808,    0.1468,    0.2123,    0.2321,    0.1900,    0.1318,    0.0189,    0.0386,    0.1649,    0.1902,    0.3067,    0.3223,    0.3984,    0.4260,    0.4410,    0.4686,    0.4799,    0.4920,    0.4648,    0.4226,    0.3741,    0.4433,    0.6104,    0.6178,    1.0805,    1.1804,    1.2359,    1.2564,    1.2364,    1.3694,    1.3136,    1.3975,    1.2854,    1.4503,    1.3718,    1.4606,    3.1621,    3.0885,    3.2030,    3.2531,    3.2748,    3.1568,    3.2678,    3.3511,    3.4192,    3.1776,    3.1334,    3.2539,    8.2247,    7.8363,    7.7478,    7.5132,    6.9399,    6.5086,    5.7135,    5.2561,    5.0518,    4.4276,    3.4010,    3.1586,    2.4350,    2.2382,    1.7066,    1.6288,    1.0981,    0.7968,    0.6438,    0.2584,    0.2277,    0.1616,    0.0560,    0.0455
  977,    0.0500,  218.5983,    0.2309,  115.2684,  114.1280,   -0.7440,   -0.8574,  158.4330,  155.0000,  155.1970,  155.1861,  155.0949,  155.0000,  155.0000,  155.0000,  155.0000,  155.0000,  155.0000,  155.0000,  157.3513,  162.2500,  168.8444,  175.9263,  182.9145,  189.8854,  198.4010,  204.1458,  207.3747,  208.9744,  209.6038,  209.9275,  210.0470,    0.0675,    0.2552,    0.5380,    0.8870,    1.2776,    1.6887,    2.1025,    2.5043,    2.8832,    3.2299,    3.5379,    3.8036,    3.4496,    3.5831,    3.6875,    3.7627,    3.8103,    3.8326,    3.8319,    3.8102,    3.7704,    3.7131,    3.6338,    3.5241,    1.2158,    1.1998,    1.1781,    1.1405,    1.0899,    1.0272,    0.8614,    0.8272,    0.7617,    0.6112,    0.5653,    0.3720,    0.2126,    0.1756,    0.1496,    0.1421,    0.1364,    0.1289,    0.1292,    0.1277,    0.1310,    0.1463,    0.1844,    0.2501,    0.3725,    0.4417,    0.3502,    0.5030,    0.4913,    0.4986,    0.5170,    0.5904,    0.6099,    0.6227,    0.6242,    0.6177,    1.6540,    1.5771,    1.5156,    1.4433,    1.3700,    1.2987,    1.2305,    1.1636,    1.0991,    1.0351,    0.9727,    0.9178,    1.3574,    1.2419,    1.1254,    1.0210,    0.9361,    0.8577,    0.7769,    0.7022,    0.6335,    0.5694,    0.5022,    0.4480,    1.1072,    0.7828,    0.5585,    0.3892,    0.2691,    0.1848,    0.1260,    0.0834,    0.0551,    0.0353,    0.0231,    0.0169,    0.0894,    0.0484,    0.0749,    0.0840,    0.0942,    0.0877,    0.0958,    0.1076,    0.0945,    0.1300,    0.1149,    0.1259,    0.1389,    0.1131,    0.1645,    0.1827,    0.1498,    0.1781,    0.2049,    0.2212,    0.2201,    0.1467,    0.2344,    0.2475,    0.3039,    0.3248,    0.3362,    0.3575,    0.3670,    0.3848,    0.3903,    0.4461,    0.4848,    0.4613,    0.4736,    0.4831,    0.8246,    0.9007,    0.9453,    0.9775,    1.0012,    1.0843,    1.0165,    1.0834,    1.0592,    1.1093,    1.0524,    1.1286,    2.4317,    2.4001,    2.4549,    2.4950,    2.5217,    2.4225,    2.5084,    2.5732,    2.6263,    2.4428,    2.4079,    2.5011,    6.3251,    6.0287,    5.9630,    5.7840,    5.3446,    5.0135,    4.4023,    4.0507,    3.8940,    3.4134,    2.6225,    2.4358,    1.8782,    1.7269,    1.3170,    1.2571,    0.8478,    0.6154,    0.4973,    0.1996,    0.1760,    0.1250,    0.0434,    0.0353,    0.0000,    0.0000,    0.0001,    0.0004,    0.0008,    0.0015,    0.0025,    0.0041,    0.0060,    0.0087,    0.0120,    0.0159,    0.0177,    0.0215,    0.0262,    0.0319,    0.0384,    0.0439,    0.0483,    0.0511,    0.0515,    0.0521,    0.0636,    0.1032,    0.0307,    0.0376,    0.0532,    0.0943,    0.1544,    0.2256,    0.4368,    0.4546,    0.5151,    0.6659,    0.6975,    0.8598,    0.6898,    0.6976,    0.7048,    0.6925,    0.6901,    0.7133,    0.6706,    0.6590,    0.6435,    0.6249,    0.5967,    0.5498,    0.4687,    0.3698,    0.4461,    0.2593,    0.2609,    0.2439,    0.2120,    0.1096,    0.0730,    0.0418,    0.0252,    0.0195,    0.0460,    0.0443,    0.0252,    0.0213,    0.0213,    0.0221,    0.0222,    0.0233,    0.0243,    0.0273,    0.0311,    0.0293,    0.0396,    0.0289,    0.0304,    0.0303,    0.0198,    0.0086,    0.0066,    0.0052,    0.0043,    0.0043,    0.0095,    0.0097,    0.0129,    0.0109,    0.0040,    0.0031,    0.0024,    0.0019,    0.0014,    0.0018,    0.0018,    0.0019,    0.0015,    0.0004,    0.0262,    0.0000,    0.0597,    0.1055,    0.1191,    0.1089,    0.1221,    0.1358,    0.1208,    0.1663,    0.1469,    0.1610,    0.1768,    0.1435,    0.2075,    0.2268,    0.1856,    0.1287,    0.0184,    0.0377,    0.1611,    0.1858,    0.2994,    0.3147,    0.3890,    0.4159,    0.4305,    0.4575,    0.4685,    0.4804,    0.4537,    0.4125,    0.3653,    0.4329,    0.5963,    0.6035,    1.0558,    1.1537,    1.2083,    1.2287,    1.2094,    1.3402,    1.2861,    1.3684,    1.2591,    1.4211,    1.3445,    1.4320,    3.1015,    3.0310,    3.1453,    3.1962,    3.2190,    3.1040,    3.2146,    3.2977,    3.3654,    3.1282,    3.0856,    3.2049,    8.1037,    7.7245,    7.6395,    7.4095,    6.8459,    6.4218,    5.6378,    5.1865,    4.9859,    4.3701,    3.3568,    3.1176,    2.4032,    2.2089,    1.6839,    1.6069,    1.0831,    0.7858,    0.6347,    0.2546,    0.2243,    0.1592,    0.0551,    0.0448
  973,    0.1000,  218.2967,    0.2419,  113.5409,  112.5017,   -0.6429,   -0.9013,  158.4330,  155.0000,  155.4033,  155.5003,  155.4754,  155.3580,  155.1494,  155.0000,  155.0000,  155.0000,  155.0000,  156.4821,  159.8595,  164.9255,  171.3330,  177.7870,  183.9528,  189.8718,  197.9079,  203.6338,  206.8425,  208.4448,  209.0744,  209.4015,  209.5209,    0.0674,    0.2548,    0.5370,    0.8853,    1.2749,    1.6846,    2.0968,    2.4967,    2.8733,    3.2171,    3.5218,    3.7837,    3.4286,    3.5584,    3.6583,    3.7281,    3.7695,    3.7860,    3.7800,    3.7540,    3.7118,    3.6521,    3.5693,    3.4559,    1.1909,    1.1745,    1.1531,    1.1164,    1.0676,    1.0077,    0.8483,    0.8159,    0.7528,    0.6087,    0.5662,    0.3829,    0.2241,    0.1858,    0.1565,    0.1482,    0.1413,    0.1313,    0.1342,    0.1333,    0.1384,    0.1558,    0.1938,    0.2553,    0.3720,    0.4385,    0.3502,    0.4974,    0.4859,    0.4924,    0.5100,    0.5811,    0.6000,    0.6123,    0.6137,    0.6072,    1.6248,    1.5466,    1.4823,    1.4062,    1.3306,    1.2577,    1.1889,    1.1213,    1.0559,    0.9915,    0.9293,    0.8751,    1.2929,    1.1819,    1.0725,    0.9789,    0.9039,    0.8307,    0.7544,    0.6831,    0.6172,    0.5556,    0.4907,    0.4380,    1.0822,    0.7648,    0.5451,    0.3794,    0.2620,    0.1796,    0.1223,    0.0808,    0.0533,    0.0341,    0.0223,    0.0163,    0.0888,    0.0484,    0.0741,    0.0828,    0.0928,    0.0863,    0.0942,    0.1058,    0.0928,    0.1276,    0.1128,    0.1235,    0.1362,    0.1109,    0.1612,    0.1791,    0.1468,    0.1753,    0.2035,    0.2194,    0.2169,    0.1436,    0.2294,    0.2421,    0.2973,    0.3177,    0.3288,    0.3496,    0.3589,    0.3765,    0.3822,    0.4377,    0.4766,    0.4526,    0.4635,    0.4729,    0.8069,    0.8815,    0.9255,    0.9574,    0.9814,    1.0628,    0.9965,    1.0623,    1.0394,    1.0882,    1.0326,    1.1078,    2.3877,    2.3582,    2.4127,    2.4534,    2.4810,    2.3842,    2.4695,    2.5341,    2.5873,    2.4071,    2.3732,    2.4655,    6.2379,    5.9484,    5.8858,    5.7108,    5.2789,    4.9532,    4.3506,    4.0043,    3.8503,    3.3758,    2.5943,    2.4100,    1.8589,    1.7097,    1.3042,    1.2453,    0.8401,    0.6100,    0.4931,    0.1980,    0.1747,    0.1242,    0.0431,    0.0351,    0.0000,    0.0001,    0.0002,    0.0007,    0.0016,    0.0031,    0.0051,    0.0083,    0.0122,    0.0176,    0.0242,    0.0320,    0.0356,    0.0433,    0.0528,    0.0642,    0.0772,    0.0881,    0.0970,    0.1025,    0.1031,    0.1038,    0.1166,    0.1575,    0.0504,    0.0572,    0.0719,    0.1114,    0.1688,    0.2372,    0.4420,    0.4590,    0.5175,    0.6637,    0.6935,    0.8512,    0.6825,    0.6905,    0.6979,    0.6856,    0.6833,    0.7073,    0.6639,    0.6522,    0.6367,    0.6180,    0.5899,    0.5436,    0.4646,    0.3678,    0.4424,    0.2597,    0.2611,    0.2441,    0.2126,    0.1124,    0.0763,    0.0459,    0.0296,    0.0240,    0.0591,    0.0585,    0.0418,    0.0405,    0.0418,    0.0434,    0.0437,    0.0450,    0.0462,    0.0491,    0.0523,    0.0498,    0.0698,    0.0559,    0.0528,    0.0463,    0.0307,    0.0172,    0.0133,    0.0105,    0.0085,    0.0077,    0.0123,    0.0121,    0.0192,    0.0157,    0.0078,    0.0061,    0.0047,    0.0036,    0.0028,    0.0028,    0.0024,    0.0023,    0.0018,    0.0007,    0.0257,    0.0000,    0.0587,    0.1036,    0.1169,    0.1068,    0.1197,    0.1331,    0.1184,    0.1629,    0.1439,    0.1576,    0.1731,    0.1404,    0.2030,    0.2219,    0.1815,    0.1258,    0.0180,    0.0368,    0.1574,    0.1815,    0.2926,    0.3074,    0.3801,    0.4063,    0.4206,    0.4470,    0.4578,    0.4693,    0.4432,    0.4030,    0.3569,    0.4230,    0.5828,    0.5900,    1.0324,    1.1284,    1.1820,    1.2024,    1.1838,    1.3124,    1.2598,    1.3408,    1.2340,    1.3932,    1.3185,    1.4046,    3.0437,    2.9760,    3.0901,    3.1417,    3.1656,    3.0533,    3.1634,    3.2463,    3.3137,    3.0806,    3.0395,    3.1577,    7.9871,    7.6170,    7.5353,    7.3098,    6.7557,    6.3388,    5.5655,    5.1204,    4.9234,    4.3159,    3.3154,    3.0793,    2.3736,    2.1818,    1.6630,    1.5869,    1.0695,    0.7759,    0.6264,    0.2513,    0.2213,    0.1569,    0.0543,    0.0441
  982,    0.1500,  217.9972,    0.2524,  111.9176,  110.9382,   -0.5820,   -0.9118,  158.4330,  155.1387,  155.6511,  156.0435,  156.1615,  156.1975,  156.0995,  155.8999,  155.7815,  155.8864,  156.6290,  158.5782,  162.0473,  167.0556,  173.1767,  179.1159,  184.6719,  190.0085,  197.3931,  203.0988,  206.2948,  207.8959,  208.5234,  208.8539,  208.9734,    0.0673,    0.2544,    0.5360,    0.8836,    1.2721,    1.6806,    2.0912,    2.4892,    2.8635,    3.2046,    3.5061,    3.7642,    3.4082,    3.5344,    3.6300,    3.6947,    3.7303,    3.7413,    3.7303,    3.7003,    3.6558,    3.5939,    3.5080,    3.3913,    1.1672,    1.1505,    1.1295,    1.0936,    1.0467,    0.9893,    0.8361,    0.8054,    0.7446,    0.6067,    0.5669,    0.3927,    0.2348,    0.1964,    0.1656,    0.1570,    0.1492,    0.1368,    0.1421,    0.1414,    0.1473,    0.1653,    0.2023,    0.2600,    0.3715,    0.4354,    0.3502,    0.4921,    0.4806,    0.4865,    0.5034,    0.5723,    0.5905,    0.6022,    0.6035,    0.5971,    1.5965,    1.5172,    1.4502,    1.3708,    1.2931,    1.2189,    1.1496,    1.0815,    1.0155,    0.9509,    0.8890,    0.8354,    1.2331,    1.1263,    1.0233,    0.9395,    0.8733,    0.8049,    0.7328,    0.6648,    0.6015,    0.5423,    0.4796,    0.4282,    1.0580,    0.7473,    0.5321,    0.3699,    0.2551,    0.1746,    0.1188,    0.0783,    0.0516,    0.0330,    0.0215,    0.0157,    0.0883,    0.0483,    0.0734,    0.0816,    0.0914,    0.0850,    0.0926,    0.1040,    0.0912,    0.1254,    0.1108,    0.1212,    0.1336,    0.1088,    0.1581,    0.1757,    0.1439,    0.1725,    0.2022,    0.2177,    0.2140,    0.1406,    0.2246,    0.2371,    0.2911,    0.3110,    0.3218,    0.3422,    0.3513,    0.3686,    0.3745,    0.4298,    0.4687,    0.4444,    0.4538,    0.4631,    0.7901,    0.8633,    0.9067,    0.9384,    0.9625,    1.0424,    0.9774,    1.0422,    1.0206,    1.0681,    1.0137,    1.0879,    2.3456,    2.3181,    2.3723,    2.4135,    2.4418,    2.3473,    2.4320,    2.4965,    2.5497,    2.3727,    2.3396,    2.4312,    6.1537,    5.8707,    5.8111,    5.6400,    5.2154,    4.8947,    4.3006,    3.9594,    3.8079,    3.3394,    2.5670,    2.3851,    1.8402,    1.6931,    1.2920,    1.2339,    0.8328,    0.6049,    0.4892,    0.1965,    0.1735,    0.1234,    0.0428,    0.0349,    0.0000,    0.0001,    0.0003,    0.0011,    0.0025,    0.0047,    0.0077,    0.0126,    0.0184,    0.0265,    0.0365,    0.0483,    0.0537,    0.0653,    0.0796,    0.0966,    0.1161,    0.1324,    0.1456,    0.1538,    0.1545,    0.1553,    0.1693,    0.2114,    0.0700,    0.0766,    0.0905,    0.1283,    0.1830,    0.2485,    0.4466,    0.4627,    0.5192,    0.6606,    0.6887,    0.8417,    0.6746,    0.6827,    0.6905,    0.6781,    0.6760,    0.7007,    0.6566,    0.6449,    0.6293,    0.6105,    0.5824,    0.5368,    0.4599,    0.3653,    0.4381,    0.2597,    0.2609,    0.2440,    0.2129,    0.1150,    0.0796,    0.0500,    0.0340,    0.0285,    0.0720,    0.0724,    0.0582,    0.0593,    0.0620,    0.0643,    0.0647,    0.0660,    0.0674,    0.0701,    0.0727,    0.0695,    0.0987,    0.0818,    0.0744,    0.0618,    0.0413,    0.0257,    0.0198,    0.0157,    0.0127,    0.0112,    0.0150,    0.0145,    0.0253,    0.0203,    0.0115,    0.0089,    0.0069,    0.0053,    0.0040,    0.0036,    0.0030,    0.0027,    0.0020,    0.0009,    0.0253,    0.0000,    0.0576,    0.1018,    0.1148,    0.1049,    0.1175,    0.1306,    0.1160,    0.1596,    0.1410,    0.1544,    0.1695,    0.1375,    0.1987,    0.2171,    0.1776,    0.1230,    0.0176,    0.0360,    0.1539,    0.1775,    0.2861,    0.3006,    0.3716,    0.3972,    0.4112,    0.4370,    0.4476,    0.4588,    0.4333,    0.3941,    0.3490,    0.4137,    0.5701,    0.5772,    1.0102,    1.1043,    1.1571,    1.1773,    1.1595,    1.2860,    1.2348,    1.3144,    1.2101,    1.3665,    1.2936,    1.3785,    2.9883,    2.9233,    3.0371,    3.0893,    3.1142,    3.0045,    3.1142,    3.1968,    3.2638,    3.0347,    2.9950,    3.1122,    7.8745,    7.5129,    7.4343,    7.2133,    6.6682,    6.2582,    5.4953,    5.0562,    4.8628,    4.2632,    3.2751,    3.0421,    2.3450,    2.1556,    1.6429,    1.5676,    1.0563,    0.7663,    0.6186,    0.2481,    0.2184,    0.1548,    0.0536,    0.0435
 1003,    0.2000,  217.6967,    0.2625,  110.3581,  109.4331,   -0.5239,   -0.8831,  158.4330,  155.5194,  156.0990,  156.7982,  157.0516,  157.2006,  157.2777,  157.2080,  157.2223,  157.4882,  158.3502,  160.3514,  163.7882,  168.6693,  174.5172,  180.0493,  185.1421,  190.0420,  196.8905,  202.5809,  205.7579,  207.3602,  207.9887,  208.3204,  208.4397,    0.0672,    0.2540,    0.5351,    0.8819,    1.2693,    1.6766,    2.0856,    2.4817,    2.8538,    3.1922,    3.4905,    3.7450,    3.3882,    3.5108,    3.6024,    3.6622,    3.6922,    3.6981,    3.6824,    3.6486,    3.6019,    3.5380,    3.4491,    3.3294,    1.1446,    1.1277,    1.1070,    1.0720,    1.0268,    0.9718,    0.8244,    0.7951,    0.7364,    0.6043,    0.5667,    0.4004,    0.2438,    0.2060,    0.1748,    0.1662,    0.1578,    0.1437,    0.1506,    0.1500,    0.1561,    0.1738,    0.2093,    0.2636,    0.3706,    0.4322,    0.3500,    0.4867,    0.4754,    0.4808,    0.4969,    0.5637,    0.5813,    0.5925,    0.5936,    0.5872,    1.5691,    1.4888,    1.4193,    1.3368,    1.2572,    1.1819,    1.1122,    1.0438,    0.9775,    0.9127,    0.8512,    0.7984,    1.1774,    1.0744,    0.9772,    0.9022,    0.8441,    0.7802,    0.7120,    0.6471,    0.5863,    0.5294,    0.4687,    0.4186,    1.0343,    0.7302,    0.5194,    0.3607,    0.2484,    0.1698,    0.1153,    0.0759,    0.0500,    0.0319,    0.0208,    0.0151,    0.0878,    0.0483,    0.0726,    0.0804,    0.0900,    0.0837,    0.0912,    0.1024,    0.0897,    0.1232,    0.1088,    0.1191,    0.1312,    0.1068,    0.1552,    0.1724,    0.1412,    0.1699,    0.2010,    0.2160,    0.2111,    0.1378,    0.2201,    0.2323,    0.2851,    0.3046,    0.3152,    0.3351,    0.3441,    0.3611,    0.3672,    0.4222,    0.4612,    0.4365,    0.4447,    0.4539,    0.7742,    0.8461,    0.8888,    0.9202,    0.9444,    1.0229,    0.9592,    1.0230,    1.0026,    1.0488,    0.9956,    1.0688,    2.3054,    2.2797,    2.3336,    2.3752,    2.4041,    2.3118,    2.3960,    2.4602,    2.5134,    2.3396,    2.3073,    2.3981,    6.0723,    5.7956,    5.7388,    5.5714,    5.1538,    4.8381,    4.2522,    3.9158,    3.7668,    3.3041,    2.5405,    2.3609,    1.8221,    1.6770,    1.2801,    1.2229,    0.8257,    0.5999,    0.4854,    0.1951,    0.1723,    0.1226,    0.0426,    0.0347,    0.0000,    0.0001,    0.0004,    0.0014,    0.0033,    0.0063,    0.0104,    0.0168,    0.0246,    0.0355,    0.0488,    0.0646,    0.0718,    0.0872,    0.1062,    0.1288,    0.1547,    0.1762,    0.1935,    0.2043,    0.2052,    0.2061,    0.2211,    0.2642,    0.0891,    0.0955,    0.1086,    0.1447,    0.1968,    0.2593,    0.4509,    0.4660,    0.5205,    0.6576,    0.6839,    0.8328,    0.6673,    0.6756,    0.6836,    0.6713,    0.6693,    0.6947,    0.6500,    0.6383,    0.6226,    0.6037,    0.5756,    0.5304,    0.4553,    0.3628,    0.4340,    0.2595,    0.2606,    0.2437,    0.2132,    0.1174,    0.0827,    0.0539,    0.0383,    0.0328,    0.0847,    0.0861,    0.0741,    0.0775,    0.0814,    0.0843,    0.0848,    0.0862,    0.0876,    0.0901,    0.0921,    0.0882,    0.1261,    0.1064,    0.0948,    0.0767,    0.0517,    0.0339,    0.0263,    0.0208,    0.0169,    0.0145,    0.0177,    0.0168,    0.0312,    0.0248,    0.0150,    0.0117,    0.0090,    0.0069,    0.0052,    0.0045,    0.0036,    0.0030,    0.0023,    0.0011,    0.0249,    0.0000,    0.0567,    0.1000,    0.1128,    0.1030,    0.1153,    0.1281,    0.1138,    0.1565,    0.1382,    0.1514,    0.1661,    0.1347,    0.1947,    0.2126,    0.1739,    0.1205,    0.0172,    0.0352,    0.1507,    0.1737,    0.2799,    0.2941,    0.3636,    0.3886,    0.4023,    0.4275,    0.4379,    0.4489,    0.4239,    0.3856,    0.3415,    0.4049,    0.5580,    0.5650,    0.9891,    1.0814,    1.1334,    1.1535,    1.1362,    1.2607,    1.2109,    1.2892,    1.1872,    1.3411,    1.2698,    1.3535,    2.9353,    2.8728,    2.9862,    3.0390,    3.0647,    2.9575,    3.0667,    3.1490,    3.2157,    2.9903,    2.9520,    3.0682,    7.7655,    7.4121,    7.3366,    7.1197,    6.5833,    6.1800,    5.4272,    4.9938,    4.8038,    4.2120,    3.2359,    3.0059,    2.3171,    2.1300,    1.6232,    1.5488,    1.0435,    0.7570,    0.6109,    0.2450,    0.2155,    0.1528,    0.0528,    0.0429
 1012,    0.3000,  217.1971,    0.2817,  107.5406,  106.5841,   -0.5475,   -0.9290,  158.4330,  156.3277,  156.9997,  157.8038,  158.4956,  158.7971,  158.9985,  159.1978,  159.4004,  159.8262,  160.8415,  162.8882,  166.2391,  170.8851,  176.2991,  181.2606,  185.7455,  190.0398,  196.0540,  201.7140,  204.8693,  206.4646,  207.0960,  207.4315,  207.5508,    0.0670,    0.2533,    0.5335,    0.8790,    1.2647,    1.6697,    2.0760,    2.4688,    2.8370,    3.1706,    3.4632,    3.7111,    3.3526,    3.4688,    3.5528,    3.6036,    3.6235,    3.6200,    3.5958,    3.5552,    3.5046,    3.4370,    3.3429,    3.2179,    1.1039,    1.0866,    1.0665,    1.0332,    0.9911,    0.9405,    0.8032,    0.7764,    0.7212,    0.5989,    0.5647,    0.4110,    0.2566,    0.2201,    0.1886,    0.1801,    0.1709,    0.1544,    0.1635,    0.1629,    0.1691,    0.1863,    0.2194,    0.2686,    0.3687,    0.4263,    0.3487,    0.4771,    0.4660,    0.4705,    0.4855,    0.5486,    0.5650,    0.5752,    0.5760,    0.5696,    1.5200,    1.4376,    1.3636,    1.2757,    1.1929,    1.1157,    1.0456,    0.9768,    0.9100,    0.8453,    0.7848,    0.7335,    1.0795,    0.9834,    0.8963,    0.8363,    0.7922,    0.7362,    0.6749,    0.6155,    0.5592,    0.5065,    0.4494,    0.4017,    0.9926,    0.7003,    0.4972,    0.3446,    0.2367,    0.1614,    0.1093,    0.0718,    0.0471,    0.0300,    0.0195,    0.0141,    0.0869,    0.0482,    0.0713,    0.0783,    0.0875,    0.0813,    0.0884,    0.0993,    0.0869,    0.1192,    0.1052,    0.1151,    0.1267,    0.1031,    0.1498,    0.1663,    0.1362,    0.1650,    0.1985,    0.2127,    0.2058,    0.1326,    0.2117,    0.2234,    0.2742,    0.2928,    0.3030,    0.3221,    0.3306,    0.3472,    0.3536,    0.4081,    0.4472,    0.4219,    0.4277,    0.4367,    0.7446,    0.8140,    0.8555,    0.8864,    0.9109,    0.9866,    0.9252,    0.9871,    0.9689,    1.0128,    0.9617,    1.0332,    2.2298,    2.2074,    2.2606,    2.3029,    2.3330,    2.2447,    2.3277,    2.3915,    2.4446,    2.2766,    2.2458,    2.3352,    5.9176,    5.6525,    5.6011,    5.4407,    5.0363,    4.7298,    4.1595,    3.8324,    3.6882,    3.2364,    2.4898,    2.3145,    1.7874,    1.6463,    1.2574,    1.2019,    0.8121,    0.5905,    0.4782,    0.1924,    0.1701,    0.1212,    0.0422,    0.0344,    0.0000,    0.0002,    0.0007,    0.0022,    0.0050,    0.0095,    0.0156,    0.0253,    0.0370,    0.0534,    0.0734,    0.0970,    0.1077,    0.1307,    0.1590,    0.1924,    0.2305,    0.2619,    0.2872,    0.3027,    0.3039,    0.3047,    0.3216,    0.3663,    0.1260,    0.1322,    0.1436,    0.1765,    0.2238,    0.2808,    0.4603,    0.4734,    0.5242,    0.6534,    0.6766,    0.8181,    0.6552,    0.6637,    0.6720,    0.6596,    0.6580,    0.6845,    0.6387,    0.6270,    0.6111,    0.5921,    0.5642,    0.5199,    0.4479,    0.3590,    0.4276,    0.2600,    0.2608,    0.2441,    0.2144,    0.1227,    0.0892,    0.0618,    0.0468,    0.0415,    0.1095,    0.1128,    0.1049,    0.1124,    0.1184,    0.1224,    0.1228,    0.1240,    0.1253,    0.1272,    0.1279,    0.1226,    0.1767,    0.1518,    0.1329,    0.1048,    0.0716,    0.0498,    0.0387,    0.0307,    0.0249,    0.0209,    0.0229,    0.0213,    0.0425,    0.0333,    0.0217,    0.0168,    0.0129,    0.0098,    0.0074,    0.0060,    0.0046,    0.0037,    0.0027,    0.0015,    0.0241,    0.0000,    0.0548,    0.0967,    0.1089,    0.0994,    0.1112,    0.1236,    0.1097,    0.1507,    0.1330,    0.1456,    0.1597,    0.1294,    0.1870,    0.2043,    0.1670,    0.1157,    0.0166,    0.0339,    0.1446,    0.1666,    0.2685,    0.2820,    0.3486,    0.3726,    0.3857,    0.4099,    0.4199,    0.4305,    0.4065,    0.3698,    0.3276,    0.3885,    0.5356,    0.5423,    0.9498,    1.0388,    1.0892,    1.1091,    1.0929,    1.2136,    1.1663,    1.2421,    1.1444,    1.2933,    1.2252,    1.3065,    2.8356,    2.7777,    2.8902,    2.9439,    2.9711,    2.8685,    2.9768,    3.0584,    3.1243,    2.9061,    2.8703,    2.9845,    7.5579,    7.2199,    7.1498,    6.9407,    6.4209,    6.0302,    5.2966,    4.8741,    4.6907,    4.1136,    3.1607,    2.9364,    2.2634,    2.0809,    1.5855,    1.5126,    1.0189,    0.7390,    0.5962,    0.2390,    0.2101,    0.1488,    0.0514,    0.0417
 1048,    0.4000,  216.6977,    0.2996,  104.8358,  103.9306,   -0.4904,   -0.9033,  158.4330,  156.9234,  157.6391,  158.4951,  159.4977,  159.8984,  160.2450,  160.5618,  160.8865,  161.3977,  162.4706,  164.4929,  167.7500,  172.1785,  177.2736,  181.8526,  185.9826,  189.9111,  195.2979,  200.9325,  204.0648,  205.6526,  206.2890,  206.6277,  206.7468,    0.0669,    0.2526,    0.5319,    0.8761,    1.2601,    1.6629,    2.0665,    2.4561,    2.8203,    3.1493,    3.4363,    3.6778,    3.3176,    3.4277,    3.5045,    3.5469,    3.5572,    3.5451,    3.5130,    3.4663,    3.4121,    3.3412,    3.2426,    3.1130,    1.0657,    1.0482,    1.0287,    0.9970,    0.9577,    0.9110,    0.7825,    0.7578,    0.7057,    0.5915,    0.5599,    0.4160,    0.2641,    0.2288,    0.1976,    0.1893,    0.1796,    0.1618,    0.1722,    0.1714,    0.1775,    0.1940,    0.2251,    0.2707,    0.3653,    0.4196,    0.3459,    0.4672,    0.4563,    0.4603,    0.4743,    0.5340,    0.5493,    0.5586,    0.5591,    0.5527,    1.4729,    1.3889,    1.3109,    1.2184,    1.1332,    1.0547,    0.9845,    0.9157,    0.8489,    0.7848,    0.7256,    0.6758,    0.9927,    0.9027,    0.8243,    0.7767,    0.7443,    0.6952,    0.6401,    0.5857,    0.5336,    0.4847,    0.4310,    0.3855,    0.9527,    0.6716,    0.4761,    0.3293,    0.2256,    0.1534,    0.1036,    0.0679,    0.0445,    0.0282,    0.0183,    0.0132,    0.0859,    0.0481,    0.0700,    0.0763,    0.0852,    0.0791,    0.0859,    0.0964,    0.0843,    0.1156,    0.1020,    0.1115,    0.1226,    0.0997,    0.1448,    0.1608,    0.1316,    0.1606,    0.1962,    0.2097,    0.2009,    0.1279,    0.2041,    0.2153,    0.2642,    0.2821,    0.2919,    0.3102,    0.3185,    0.3347,    0.3413,    0.3953,    0.4344,    0.4086,    0.4123,    0.4212,    0.7177,    0.7848,    0.8252,    0.8556,    0.8801,    0.9533,    0.8940,    0.9542,    0.9379,    0.9798,    0.9306,    1.0003,    2.1601,    2.1406,    2.1930,    2.2359,    2.2669,    2.1823,    2.2642,    2.3274,    2.3804,    2.2179,    2.1884,    2.2763,    5.7727,    5.5182,    5.4716,    5.3177,    4.9256,    4.6278,    4.0721,    3.7539,    3.6140,    3.1726,    2.4419,    2.2707,    1.7546,    1.6172,    1.2360,    1.1821,    0.7994,    0.5817,    0.4714,    0.1898,    0.1681,    0.1199,    0.0417,    0.0341,    0.0000,    0.0002,    0.0009,    0.0029,    0.0067,    0.0127,    0.0208,    0.0338,    0.0494,    0.0711,    0.0976,    0.1289,    0.1429,    0.1732,    0.2103,    0.2539,    0.3034,    0.3440,    0.3764,    0.3961,    0.3973,    0.3978,    0.4162,    0.4619,    0.1604,    0.1662,    0.1762,    0.2060,    0.2488,    0.3005,    0.4687,    0.4797,    0.5271,    0.6490,    0.6695,    0.8048,    0.6443,    0.6529,    0.6616,    0.6492,    0.6477,    0.6751,    0.6285,    0.6168,    0.6009,    0.5818,    0.5539,    0.5103,    0.4408,    0.3552,    0.4215,    0.2602,    0.2607,    0.2441,    0.2155,    0.1276,    0.0952,    0.0693,    0.0549,    0.0496,    0.1330,    0.1379,    0.1336,    0.1446,    0.1524,    0.1569,    0.1571,    0.1580,    0.1589,    0.1600,    0.1594,    0.1528,    0.2209,    0.1914,    0.1663,    0.1299,    0.0897,    0.0644,    0.0501,    0.0398,    0.0323,    0.0269,    0.0277,    0.0255,    0.0531,    0.0411,    0.0279,    0.0215,    0.0164,    0.0125,    0.0094,    0.0073,    0.0055,    0.0043,    0.0031,    0.0018,    0.0235,    0.0000,    0.0531,    0.0936,    0.1053,    0.0961,    0.1074,    0.1193,    0.1059,    0.1454,    0.1283,    0.1403,    0.1539,    0.1246,    0.1800,    0.1966,    0.1606,    0.1113,    0.0160,    0.0326,    0.1390,    0.1601,    0.2580,    0.2711,    0.3351,    0.3581,    0.3706,    0.3940,    0.4036,    0.4137,    0.3907,    0.3554,    0.3149,    0.3735,    0.5151,    0.5216,    0.9139,    0.9999,    1.0488,    1.0685,    1.0533,    1.1705,    1.1253,    1.1989,    1.1051,    1.2494,    1.1841,    1.2632,    2.7435,    2.6898,    2.8013,    2.8557,    2.8841,    2.7857,    2.8929,    2.9738,    3.0389,    2.8273,    2.7938,    2.9060,    7.3630,    7.0390,    6.9739,    6.7720,    6.2676,    5.8887,    5.1730,    4.7607,    4.5834,    4.0203,    3.0892,    2.8703,    2.2124,    2.0341,    1.5495,    1.4781,    0.9955,    0.7219,    0.5821,    0.2332,    0.2049,    0.1450,    0.0501,    0.0406
 1050,    0.5000,  216.2964,    0.3163,  102.4411,  101.4516,   -0.5677,   -0.9726,  158.4330,  157.6263,  158.3769,  159.2416,  160.3000,  160.7941,  161.1964,  161.5930,  161.9692,  162.4985,  163.5992,  165.5966,  168.7580,  172.9963,  177.8433,  182.1798,  186.0991,  189.8312,  194.7303,  200.3465,  203.4598,  205.0413,  205.6823,  206.0237,  206.1427,    0.0667,    0.2520,    0.5306,    0.8737,    1.2563,    1.6574,    2.0586,    2.4454,    2.8062,    3.1310,    3.4130,    3.6487,    3.2869,    3.3914,    3.4616,    3.4962,    3.4979,    3.4780,    3.4389,    3.3867,    3.3293,    3.2555,    3.1530,    3.0196,    1.0318,    1.0140,    0.9951,    0.9648,    0.9280,    0.8847,    0.7640,    0.7412,    0.6916,    0.5844,    0.5551,    0.4190,    0.2690,    0.2348,    0.2041,    0.1959,    0.1860,    0.1676,    0.1785,    0.1776,    0.1835,    0.1993,    0.2289,    0.2718,    0.3622,    0.4137,    0.3430,    0.4585,    0.4477,    0.4513,    0.4644,    0.5211,    0.5356,    0.5439,    0.5441,    0.5378,    1.4312,    1.3457,    1.2641,    1.1678,    1.0806,    1.0012,    0.9311,    0.8625,    0.7960,    0.7326,    0.6747,    0.6265,    0.9186,    0.8339,    0.7626,    0.7251,    0.7024,    0.6592,    0.6096,    0.5596,    0.5112,    0.4658,    0.4151,    0.3714,    0.9182,    0.6470,    0.4580,    0.3162,    0.2162,    0.1467,    0.0988,    0.0646,    0.0422,    0.0268,    0.0173,    0.0125,    0.0851,    0.0479,    0.0688,    0.0744,    0.0831,    0.0770,    0.0836,    0.0938,    0.0819,    0.1122,    0.0990,    0.1081,    0.1189,    0.0966,    0.1403,    0.1558,    0.1274,    0.1565,    0.1940,    0.2068,    0.1965,    0.1236,    0.1972,    0.2080,    0.2552,    0.2723,    0.2818,    0.2995,    0.3074,    0.3232,    0.3300,    0.3835,    0.4226,    0.3964,    0.3982,    0.4069,    0.6931,    0.7581,    0.7975,    0.8273,    0.8519,    0.9227,    0.8653,    0.9239,    0.9094,    0.9493,    0.9018,    0.9700,    2.0956,    2.0787,    2.1303,    2.1736,    2.2053,    2.1241,    2.2048,    2.2675,    2.3203,    2.1628,    2.1345,    2.2211,    5.6365,    5.3919,    5.3498,    5.2018,    4.8213,    4.5315,    3.9896,    3.6796,    3.5438,    3.1122,    2.3966,    2.2293,    1.7236,    1.5897,    1.2158,    1.1633,    0.7874,    0.5733,    0.4650,    0.1874,    0.1661,    0.1186,    0.0414,    0.0338,    0.0000,    0.0003,    0.0011,    0.0036,    0.0084,    0.0158,    0.0260,    0.0422,    0.0616,    0.0887,    0.1216,    0.1604,    0.1776,    0.2149,    0.2605,    0.3138,    0.3740,    0.4231,    0.4621,    0.4855,    0.4865,    0.4867,    0.5061,    0.5526,    0.1929,    0.1984,    0.2071,    0.2342,    0.2730,    0.3201,    0.4782,    0.4873,    0.5317,    0.6473,    0.6652,    0.7950,    0.6361,    0.6449,    0.6538,    0.6414,    0.6400,    0.6678,    0.6209,    0.6092,    0.5933,    0.5741,    0.5463,    0.5033,    0.4361,    0.3533,    0.4175,    0.2615,    0.2617,    0.2454,    0.2176,    0.1329,    0.1016,    0.0768,    0.0629,    0.0576,    0.1557,    0.1620,    0.1608,    0.1749,    0.1840,    0.1889,    0.1886,    0.1891,    0.1895,    0.1897,    0.1878,    0.1798,    0.2605,    0.2269,    0.1965,    0.1531,    0.1067,    0.0781,    0.0610,    0.0486,    0.0394,    0.0327,    0.0323,    0.0295,    0.0631,    0.0486,    0.0337,    0.0259,    0.0197,    0.0150,    0.0112,    0.0086,    0.0064,    0.0048,    0.0035,    0.0021,    0.0228,    0.0000,    0.0515,    0.0907,    0.1020,    0.0930,    0.1039,    0.1154,    0.1023,    0.1404,    0.1239,    0.1355,    0.1485,    0.1202,    0.1736,    0.1896,    0.1549,    0.1073,    0.0155,    0.0315,    0.1339,    0.1542,    0.2485,    0.2610,    0.3226,    0.3448,    0.3569,    0.3794,    0.3887,    0.3984,    0.3763,    0.3422,    0.3033,    0.3598,    0.4964,    0.5027,    0.8811,    0.9642,    1.0117,    1.0313,    1.0169,    1.1308,    1.0876,    1.1590,    1.0688,    1.2088,    1.1461,    1.2232,    2.6582,    2.6081,    2.7186,    2.7734,    2.8030,    2.7083,    2.8145,    2.8946,    2.9588,    2.7534,    2.7219,    2.8323,    7.1796,    6.8686,    6.8078,    6.6125,    6.1224,    5.7546,    5.0558,    4.6532,    4.4815,    3.9316,    3.0212,    2.8074,    2.1637,    1.9894,    1.5151,    1.4452,    0.9730,    0.7055,    0.5687,    0.2278,    0.2000,    0.1414,    0.0488,    0.0395
 1121,    0.7500,  215.2981,    0.3537,   96.8786,   95.9065,   -0.5387,   -0.9606,  158.4330,  158.7659,  159.5256,  160.4018,  161.5918,  162.0755,  162.5008,  162.9547,  163.3984,  163.9987,  165.0363,  166.9057,  169.8293,  173.7197,  178.1393,  182.1876,  185.9707,  189.4968,  193.5566,  199.1337,  202.2059,  203.7760,  204.4251,  204.7692,  204.8914,    0.0664,    0.2506,    0.5274,    0.8678,    1.2469,    1.6434,    2.0389,    2.4188,    2.7713,    3.0858,    3.3556,    3.5773,    3.2118,    3.3030,    3.3577,    3.3746,    3.3567,    3.3194,    3.2650,    3.2010,    3.1369,    3.0569,    2.9465,    2.8058,    0.9545,    0.9365,    0.9188,    0.8917,    0.8602,    0.8240,    0.7198,    0.7007,    0.6567,    0.5636,    0.5388,    0.4178,    0.2732,    0.2412,    0.2122,    0.2044,    0.1944,    0.1757,    0.1867,    0.1856,    0.1907,    0.2049,    0.2315,    0.2697,    0.3520,    0.3977,    0.3331,    0.4364,    0.4262,    0.4289,    0.4401,    0.4905,    0.5029,    0.5093,    0.5089,    0.5026,    1.3334,    1.2450,    1.1566,    1.0532,    0.9631,    0.8830,    0.8143,    0.7474,    0.6828,    0.6223,    0.5682,    0.5239,    0.7649,    0.6913,    0.6341,    0.6145,    0.6100,    0.5787,    0.5405,    0.5000,    0.4596,    0.4218,    0.3778,    0.3386,    0.8377,    0.5895,    0.4158,    0.2858,    0.1945,    0.1312,    0.0878,    0.0572,    0.0372,    0.0234,    0.0151,    0.0108,    0.0831,    0.0477,    0.0661,    0.0704,    0.0784,    0.0726,    0.0785,    0.0880,    0.0767,    0.1049,    0.0924,    0.1009,    0.1108,    0.0899,    0.1305,    0.1448,    0.1183,    0.1474,    0.1890,    0.2003,    0.1867,    0.1143,    0.1823,    0.1922,    0.2357,    0.2514,    0.2601,    0.2763,    0.2835,    0.2985,    0.3057,    0.3579,    0.3967,    0.3697,    0.3678,    0.3761,    0.6398,    0.7003,    0.7372,    0.7658,    0.7905,    0.8560,    0.8027,    0.8576,    0.8468,    0.8825,    0.8387,    0.9032,    1.9535,    1.9418,    1.9912,    2.0351,    2.0681,    1.9944,    2.0721,    2.1333,    2.1856,    2.0394,    2.0136,    2.0968,    5.3297,    5.1064,    5.0739,    4.9392,    4.5845,    4.3127,    3.8021,    3.5108,    3.3841,    2.9746,    2.2933,    2.1348,    1.6529,    1.5270,    1.1697,    1.1207,    0.7600,    0.5544,    0.4506,    0.1820,    0.1618,    0.1159,    0.0405,    0.0332,    0.0001,    0.0004,    0.0017,    0.0054,    0.0125,    0.0236,    0.0388,    0.0628,    0.0916,    0.1315,    0.1798,    0.2364,    0.2607,    0.3142,    0.3792,    0.4542,    0.5378,    0.6049,    0.6570,    0.6876,    0.6876,    0.6863,    0.7068,    0.7531,    0.2644,    0.2691,    0.2748,    0.2961,    0.3264,    0.3634,    0.4996,    0.5043,    0.5420,    0.6437,    0.6564,    0.7744,    0.6190,    0.6278,    0.6367,    0.6244,    0.6232,    0.6514,    0.6042,    0.5927,    0.5768,    0.5578,    0.5304,    0.4886,    0.4261,    0.3494,    0.4092,    0.2648,    0.2644,    0.2486,    0.2228,    0.1452,    0.1162,    0.0940,    0.0811,    0.0759,    0.2074,    0.2162,    0.2212,    0.2407,    0.2515,    0.2564,    0.2546,    0.2532,    0.2518,    0.2495,    0.2443,    0.2334,    0.3387,    0.2971,    0.2567,    0.2006,    0.1428,    0.1078,    0.0847,    0.0677,    0.0551,    0.0454,    0.0426,    0.0384,    0.0853,    0.0650,    0.0463,    0.0353,    0.0268,    0.0202,    0.0150,    0.0111,    0.0081,    0.0059,    0.0042,    0.0027,    0.0213,    0.0000,    0.0479,    0.0842,    0.0946,    0.0861,    0.0961,    0.1067,    0.0945,    0.1295,    0.1142,    0.1248,    0.1367,    0.1106,    0.1596,    0.1742,    0.1422,    0.0985,    0.0143,    0.0290,    0.1229,    0.1414,    0.2278,    0.2393,    0.2957,    0.3160,    0.3270,    0.3477,    0.3563,    0.3653,    0.3450,    0.3136,    0.2780,    0.3300,    0.4558,    0.4616,    0.8097,    0.8866,    0.9310,    0.9500,    0.9374,    1.0439,    1.0050,    1.0716,    0.9889,    1.1194,    1.0624,    1.1348,    2.4696,    2.4272,    2.5349,    2.5903,    2.6217,    2.5352,    2.6387,    2.7167,    2.7787,    2.5868,    2.5600,    2.6659,    6.7647,    6.4820,    6.4303,    6.2495,    5.7914,    5.4482,    4.7876,    4.4067,    4.2477,    3.7277,    2.8647,    2.6625,    2.0516,    1.8863,    1.4357,    1.3689,    0.9210,    0.6675,    0.5374,    0.2150,    0.1884,    0.1330,    0.0458,    0.0370
 1208,    1.0000,  214.3975,    0.3859,   92.0413,   91.1256,   -0.4770,   -0.8993,  158.4330,  159.2384,  159.9996,  160.8961,  162.0476,  162.4950,  162.9968,  163.4013,  163.8210,  164.3976,  165.3979,  167.1978,  169.9049,  173.5717,  177.7446,  181.7465,  185.5961,  189.1947,  192.7279,  198.2807,  201.3247,  202.8831,  203.5391,  203.8808,  204.0072,    0.0661,    0.2494,    0.5245,    0.8625,    1.2383,    1.6307,    2.0210,    2.3943,    2.7391,    3.0441,    3.3025,    3.5112,    3.1424,    3.2215,    3.2624,    3.2636,    3.2290,    3.1773,    3.1104,    3.0370,    2.9675,    2.8828,    2.7668,    2.6214,    0.8883,    0.8702,    0.8535,    0.8291,    0.8018,    0.7712,    0.6801,    0.6641,    0.6245,    0.5424,    0.5212,    0.4111,    0.2712,    0.2410,    0.2135,    0.2059,    0.1962,    0.1781,    0.1884,    0.1870,    0.1916,    0.2045,    0.2293,    0.2649,    0.3412,    0.3823,    0.3222,    0.4161,    0.4064,    0.4084,    0.4181,    0.4631,    0.4738,    0.4786,    0.4776,    0.4715,    1.2470,    1.1568,    1.0637,    0.9560,    0.8651,    0.7859,    0.7194,    0.6552,    0.5935,    0.5365,    0.4866,    0.4461,    0.6486,    0.5838,    0.5361,    0.5273,    0.5343,    0.5117,    0.4822,    0.4493,    0.4154,    0.3838,    0.3455,    0.3101,    0.7678,    0.5397,    0.3795,    0.2598,    0.1760,    0.1181,    0.0787,    0.0510,    0.0330,    0.0207,    0.0133,    0.0094,    0.0813,    0.0475,    0.0638,    0.0670,    0.0745,    0.0688,    0.0743,    0.0832,    0.0724,    0.0988,    0.0870,    0.0949,    0.1040,    0.0843,    0.1224,    0.1358,    0.1108,    0.1398,    0.1845,    0.1946,    0.1785,    0.1067,    0.1701,    0.1792,    0.2197,    0.2342,    0.2422,    0.2572,    0.2639,    0.2781,    0.2856,    0.3365,    0.3750,    0.3475,    0.3426,    0.3506,    0.5958,    0.6523,    0.6872,    0.7146,    0.7391,    0.8001,    0.7502,    0.8020,    0.7941,    0.8263,    0.7856,    0.8469,    1.8332,    1.8256,    1.8728,    1.9167,    1.9505,    1.8830,    1.9578,    2.0175,    2.0693,    1.9326,    1.9087,    1.9889,    5.0629,    4.8572,    4.8327,    4.7094,    4.3768,    4.1205,    3.6372,    3.3624,    3.2434,    2.8533,    2.2022,    2.0515,    1.5906,    1.4718,    1.1291,    1.0832,    0.7360,    0.5378,    0.4380,    0.1773,    0.1580,    0.1135,    0.0398,    0.0327,    0.0001,    0.0005,    0.0022,    0.0072,    0.0166,    0.0313,    0.0514,    0.0829,    0.1207,    0.1728,    0.2356,    0.3087,    0.3391,    0.4073,    0.4893,    0.5828,    0.6856,    0.7668,    0.8287,    0.8639,    0.8623,    0.8588,    0.8787,    0.9231,    0.3244,    0.3282,    0.3316,    0.3482,    0.3719,    0.4009,    0.5194,    0.5204,    0.5526,    0.6431,    0.6514,    0.7600,    0.6069,    0.6156,    0.6245,    0.6124,    0.6112,    0.6390,    0.5923,    0.5809,    0.5651,    0.5461,    0.5190,    0.4783,    0.4196,    0.3479,    0.4041,    0.2691,    0.2681,    0.2528,    0.2287,    0.1569,    0.1298,    0.1095,    0.0974,    0.0922,    0.2530,    0.2635,    0.2726,    0.2953,    0.3064,    0.3102,    0.3065,    0.3030,    0.2994,    0.2944,    0.2863,    0.2727,    0.3961,    0.3487,    0.3014,    0.2375,    0.1721,    0.1322,    0.1045,    0.0839,    0.0684,    0.0563,    0.0514,    0.0460,    0.1043,    0.0788,    0.0568,    0.0431,    0.0325,    0.0243,    0.0180,    0.0131,    0.0094,    0.0068,    0.0047,    0.0031,    0.0200,    0.0000,    0.0448,    0.0786,    0.0881,    0.0801,    0.0895,    0.0992,    0.0878,    0.1202,    0.1060,    0.1157,    0.1267,    0.1024,    0.1478,    0.1613,    0.1316,    0.0911,    0.0133,    0.0268,    0.1136,    0.1307,    0.2105,    0.2211,    0.2733,    0.2921,    0.3022,    0.3214,    0.3295,    0.3377,    0.3190,    0.2897,    0.2567,    0.3050,    0.4219,    0.4274,    0.7502,    0.8219,    0.8635,    0.8820,    0.8707,    0.9709,    0.9355,    0.9981,    0.9215,    1.0439,    0.9915,    1.0599,    2.3093,    2.2729,    2.3777,    2.4331,    2.4658,    2.3858,    2.4867,    2.5626,    2.6223,    2.4420,    2.4190,    2.5208,    6.4018,    6.1427,    6.0982,    5.9294,    5.4986,    5.1768,    4.5495,    4.1874,    4.0393,    3.5458,    2.7248,    2.5328,    1.9510,    1.7936,    1.3641,    1.3002,    0.8740,    0.6331,    0.5090,    0.2034,    0.1779,    0.1253,    0.0430,    0.0347
 1284,    1.2500,  213.5972,    0.4141,   87.8377,   86.9492,   -0.4486,   -0.8554,  158.4330,  159.3080,  160.0963,  160.9875,  162.0928,  162.5461,  162.9988,  163.3998,  163.7993,  164.2988,  165.2956,  166.9803,  169.5692,  173.0349,  177.0956,  181.1757,  185.1960,  188.9198,  192.2272,  197.6214,  200.6479,  202.1938,  202.8530,  203.1940,  203.3220,    0.0658,    0.2483,    0.5220,    0.8578,    1.2306,    1.6192,    2.0046,    2.3720,    2.7096,    3.0058,    3.2536,    3.4504,    3.0786,    3.1466,    3.1751,    3.1626,    3.1136,    3.0498,    2.9728,    2.8918,    2.8181,    2.7298,    2.6098,    2.4616,    0.8314,    0.8133,    0.7975,    0.7752,    0.7513,    0.7251,    0.6449,    0.6314,    0.5953,    0.5220,    0.5039,    0.4024,    0.2668,    0.2378,    0.2117,    0.2043,    0.1949,    0.1775,    0.1871,    0.1855,    0.1896,    0.2016,    0.2251,    0.2590,    0.3306,    0.3679,    0.3115,    0.3975,    0.3882,    0.3898,    0.3981,    0.4386,    0.4479,    0.4513,    0.4499,    0.4438,    1.1706,    1.0794,    0.9832,    0.8734,    0.7830,    0.7057,    0.6419,    0.5807,    0.5224,    0.4691,    0.4231,    0.3861,    0.5593,    0.5015,    0.4607,    0.4581,    0.4720,    0.4558,    0.4330,    0.4060,    0.3774,    0.3510,    0.3174,    0.2853,    0.7072,    0.4967,    0.3482,    0.2376,    0.1602,    0.1070,    0.0710,    0.0458,    0.0295,    0.0185,    0.0118,    0.0084,    0.0797,    0.0473,    0.0618,    0.0640,    0.0711,    0.0656,    0.0707,    0.0791,    0.0687,    0.0937,    0.0824,    0.0898,    0.0983,    0.0796,    0.1156,    0.1282,    0.1045,    0.1333,    0.1804,    0.1895,    0.1715,    0.1003,    0.1598,    0.1683,    0.2062,    0.2197,    0.2272,    0.2412,    0.2474,    0.2610,    0.2686,    0.3183,    0.3564,    0.3286,    0.3213,    0.3291,    0.5585,    0.6118,    0.6449,    0.6712,    0.6955,    0.7525,    0.7055,    0.7546,    0.7489,    0.7782,    0.7400,    0.7985,    1.7298,    1.7253,    1.7703,    1.8140,    1.8483,    1.7861,    1.8581,    1.9163,    1.9674,    1.8392,    1.8168,    1.8942,    4.8281,    4.6375,    4.6197,    4.5062,    4.1929,    3.9499,    3.4910,    3.2308,    3.1184,    2.7455,    2.1213,    1.9775,    1.5353,    1.4227,    1.0931,    1.0500,    0.7148,    0.5231,    0.4269,    0.1731,    0.1547,    0.1114,    0.0392,    0.0323,    0.0001,    0.0007,    0.0028,    0.0090,    0.0206,    0.0388,    0.0636,    0.1025,    0.1490,    0.2129,    0.2894,    0.3779,    0.4136,    0.4949,    0.5919,    0.7013,    0.8199,    0.9120,    0.9810,    1.0189,    1.0153,    1.0091,    1.0274,    1.0685,    0.3754,    0.3783,    0.3797,    0.3926,    0.4109,    0.4335,    0.5376,    0.5355,    0.5632,    0.6441,    0.6490,    0.7493,    0.5976,    0.6060,    0.6145,    0.6026,    0.6013,    0.6283,    0.5826,    0.5713,    0.5557,    0.5370,    0.5104,    0.4708,    0.4155,    0.3479,    0.4010,    0.2739,    0.2725,    0.2576,    0.2349,    0.1679,    0.1424,    0.1236,    0.1120,    0.1068,    0.2938,    0.3052,    0.3169,    0.3413,    0.3519,    0.3542,    0.3484,    0.3426,    0.3367,    0.3292,    0.3185,    0.3027,    0.4397,    0.3878,    0.3358,    0.2669,    0.1964,    0.1528,    0.1215,    0.0979,    0.0800,    0.0659,    0.0592,    0.0527,    0.1209,    0.0907,    0.0657,    0.0496,    0.0372,    0.0277,    0.0204,    0.0147,    0.0105,    0.0074,    0.0051,    0.0035,    0.0189,    0.0000,    0.0420,    0.0736,    0.0825,    0.0750,    0.0837,    0.0927,    0.0820,    0.1122,    0.0989,    0.1079,    0.1181,    0.0955,    0.1377,    0.1502,    0.1226,    0.0848,    0.0123,    0.0249,    0.1057,    0.1216,    0.1958,    0.2057,    0.2542,    0.2717,    0.2811,    0.2991,    0.3067,    0.3143,    0.2969,    0.2692,    0.2385,    0.2837,    0.3931,    0.3983,    0.6996,    0.7667,    0.8059,    0.8239,    0.8136,    0.9084,    0.8759,    0.9349,    0.8636,    0.9789,    0.9305,    0.9953,    2.1707,    2.1391,    2.2413,    2.2963,    2.3296,    2.2552,    2.3535,    2.4274,    2.4849,    2.3145,    2.2947,    2.3927,    6.0807,    5.8416,    5.8027,    5.6441,    5.2372,    4.9340,    4.3362,    3.9905,    3.8520,    3.3820,    2.5987,    2.4158,    1.8601,    1.7096,    1.2992,    1.2377,    0.8312,    0.6017,    0.4831,    0.1928,    0.1683,    0.1183,    0.0405,    0.0326
 1340,    1.5000,  212.8971,    0.4389,   84.1595,   83.2601,   -0.4614,   -0.8947,  158.4330,  159.1088,  159.8983,  160.7895,  161.8936,  162.3001,  162.7736,  163.0985,  163.4956,  163.9966,  164.8982,  166.4987,  168.9988,  172.3854,  176.3929,  180.5879,  184.7978,  188.6963,  192.0943,  197.0850,  200.0983,  201.6369,  202.2915,  202.6351,  202.7624,    0.0656,    0.2473,    0.5197,    0.8536,    1.2238,    1.6089,    1.9899,    2.3518,    2.6828,    2.9707,    3.2087,    3.3943,    3.0197,    3.0777,    3.0950,    3.0702,    3.0088,    2.9348,    2.8495,    2.7625,    2.6854,    2.5945,    2.4717,    2.3222,    0.7819,    0.7640,    0.7490,    0.7284,    0.7072,    0.6846,    0.6133,    0.6018,    0.5688,    0.5028,    0.4874,    0.3929,    0.2613,    0.2333,    0.2083,    0.2010,    0.1919,    0.1753,    0.1841,    0.1825,    0.1861,    0.1975,    0.2202,    0.2529,    0.3204,    0.3544,    0.3010,    0.3804,    0.3716,    0.3728,    0.3799,    0.4166,    0.4246,    0.4269,    0.4251,    0.4192,    1.1028,    1.0112,    0.9131,    0.8025,    0.7135,    0.6387,    0.5778,    0.5198,    0.4649,    0.4154,    0.3730,    0.3391,    0.4897,    0.4375,    0.4016,    0.4024,    0.4203,    0.4087,    0.3910,    0.3689,    0.3447,    0.3225,    0.2930,    0.2637,    0.6543,    0.4593,    0.3212,    0.2185,    0.1468,    0.0977,    0.0645,    0.0415,    0.0266,    0.0166,    0.0105,    0.0074,    0.0782,    0.0471,    0.0600,    0.0615,    0.0682,    0.0629,    0.0676,    0.0756,    0.0655,    0.0893,    0.0784,    0.0855,    0.0935,    0.0756,    0.1098,    0.1217,    0.0991,    0.1276,    0.1766,    0.1849,    0.1654,    0.0948,    0.1510,    0.1590,    0.1947,    0.2073,    0.2144,    0.2275,    0.2332,    0.2463,    0.2540,    0.3026,    0.3403,    0.3123,    0.3031,    0.3106,    0.5265,    0.5769,    0.6085,    0.6336,    0.6577,    0.7112,    0.6667,    0.7134,    0.7097,    0.7365,    0.7004,    0.7564,    1.6396,    1.6376,    1.6805,    1.7238,    1.7583,    1.7007,    1.7700,    1.8268,    1.8774,    1.7565,    1.7352,    1.8101,    4.6195,    4.4417,    4.4297,    4.3249,    4.0287,    3.7975,    3.3602,    3.1132,    3.0065,    2.6490,    2.0489,    1.9112,    1.4858,    1.3789,    1.0610,    1.0204,    0.6959,    0.5101,    0.4170,    0.1695,    0.1519,    0.1096,    0.0386,    0.0319,    0.0001,    0.0008,    0.0033,    0.0107,    0.0245,    0.0463,    0.0757,    0.1218,    0.1766,    0.2517,    0.3412,    0.4441,    0.4842,    0.5775,    0.6875,    0.8104,    0.9419,    1.0423,    1.1162,    1.1554,    1.1495,    1.1404,    1.1562,    1.1932,    0.4187,    0.4207,    0.4205,    0.4303,    0.4443,    0.4617,    0.5534,    0.5489,    0.5727,    0.6454,    0.6474,    0.7403,    0.5897,    0.5979,    0.6063,    0.5945,    0.5932,    0.6194,    0.5745,    0.5634,    0.5479,    0.5294,    0.5031,    0.4644,    0.4124,    0.3485,    0.3987,    0.2786,    0.2768,    0.2623,    0.2408,    0.1780,    0.1538,    0.1364,    0.1252,    0.1200,    0.3302,    0.3420,    0.3554,    0.3803,    0.3898,    0.3902,    0.3823,    0.3743,    0.3661,    0.3562,    0.3432,    0.3256,    0.4729,    0.4177,    0.3624,    0.2903,    0.2166,    0.1702,    0.1360,    0.1100,    0.0902,    0.0743,    0.0661,    0.0587,    0.1354,    0.1011,    0.0734,    0.0551,    0.0412,    0.0305,    0.0223,    0.0160,    0.0113,    0.0079,    0.0055,    0.0037,    0.0178,    0.0000,    0.0395,    0.0692,    0.0775,    0.0704,    0.0785,    0.0870,    0.0769,    0.1052,    0.0927,    0.1011,    0.1106,    0.0894,    0.1288,    0.1405,    0.1147,    0.0792,    0.0115,    0.0232,    0.0988,    0.1137,    0.1831,    0.1924,    0.2377,    0.2541,    0.2629,    0.2798,    0.2870,    0.2941,    0.2777,    0.2515,    0.2227,    0.2652,    0.3682,    0.3730,    0.6558,    0.7189,    0.7560,    0.7734,    0.7640,    0.8540,    0.8240,    0.8799,    0.8130,    0.9221,    0.8772,    0.9388,    2.0493,    2.0216,    2.1212,    2.1756,    2.2093,    2.1396,    2.2355,    2.3073,    2.3626,    2.2010,    2.1840,    2.2784,    5.7936,    5.5719,    5.5376,    5.3877,    5.0017,    4.7151,    4.1434,    3.8124,    3.6822,    3.2335,    2.4841,    2.3093,    1.7772,    1.6329,    1.2398,    1.1805,    0.7919,    0.5729,    0.4594,    0.1831,    0.1594,    0.1118,    0.0382,    0.0306
 1367,    1.7500,  212.2976,    0.4611,   80.9859,   79.9705,   -0.5804,   -0.9503,  158.4330,  158.8167,  159.5934,  160.4876,  161.5966,  161.9994,  162.3944,  162.6982,  163.0591,  163.5019,  164.3969,  165.9600,  168.3872,  171.6855,  175.6928,  180.0230,  184.4822,  188.5119,  191.9974,  196.6973,  199.6990,  201.2332,  201.8836,  202.2302,  202.3564,    0.0654,    0.2465,    0.5177,    0.8499,    1.2178,    1.5999,    1.9769,    2.3338,    2.6587,    2.9390,    3.1680,    3.3434,    2.9662,    3.0151,    3.0225,    2.9871,    2.9151,    2.8326,    2.7406,    2.6489,    2.5692,    2.4763,    2.3518,    2.2019,    0.7395,    0.7218,    0.7074,    0.6884,    0.6694,    0.6497,    0.5858,    0.5760,    0.5456,    0.4858,    0.4726,    0.3842,    0.2560,    0.2288,    0.2046,    0.1975,    0.1887,    0.1727,    0.1809,    0.1792,    0.1825,    0.1934,    0.2156,    0.2474,    0.3114,    0.3424,    0.2917,    0.3653,    0.3569,    0.3577,    0.3638,    0.3971,    0.4040,    0.4054,    0.4033,    0.3975,    1.0432,    0.9515,    0.8525,    0.7422,    0.6553,    0.5832,    0.5252,    0.4703,    0.4187,    0.3726,    0.3336,    0.3024,    0.4355,    0.3878,    0.3555,    0.3579,    0.3777,    0.3694,    0.3557,    0.3373,    0.3166,    0.2979,    0.2719,    0.2450,    0.6086,    0.4271,    0.2980,    0.2021,    0.1353,    0.0897,    0.0590,    0.0378,    0.0242,    0.0150,    0.0095,    0.0067,    0.0769,    0.0469,    0.0585,    0.0593,    0.0657,    0.0605,    0.0649,    0.0725,    0.0628,    0.0854,    0.0750,    0.0817,    0.0892,    0.0721,    0.1047,    0.1160,    0.0944,    0.1226,    0.1732,    0.1807,    0.1600,    0.0900,    0.1433,    0.1508,    0.1847,    0.1965,    0.2032,    0.2156,    0.2209,    0.2335,    0.2413,    0.2889,    0.3261,    0.2979,    0.2872,    0.2945,    0.4986,    0.5465,    0.5766,    0.6008,    0.6246,    0.6750,    0.6327,    0.6773,    0.6752,    0.6999,    0.6655,    0.7193,    1.5600,    1.5601,    1.6010,    1.6437,    1.6782,    1.6248,    1.6915,    1.7468,    1.7969,    1.6826,    1.6623,    1.7348,    4.4325,    4.2659,    4.2590,    4.1618,    3.8809,    3.6601,    3.2424,    3.0072,    2.9056,    2.5619,    1.9836,    1.8514,    1.4412,    1.3394,    1.0322,    0.9938,    0.6790,    0.4984,    0.4083,    0.1662,    0.1493,    0.1080,    0.0382,    0.0316,    0.0001,    0.0009,    0.0039,    0.0125,    0.0285,    0.0536,    0.0877,    0.1407,    0.2037,    0.2897,    0.3917,    0.5083,    0.5521,    0.6562,    0.7781,    0.9127,    1.0548,    1.1617,    1.2388,    1.2783,    1.2700,    1.2581,    1.2709,    1.3034,    0.4567,    0.4580,    0.4564,    0.4636,    0.4741,    0.4873,    0.5689,    0.5623,    0.5828,    0.6486,    0.6481,    0.7347,    0.5843,    0.5921,    0.6001,    0.5886,    0.5870,    0.6124,    0.5685,    0.5575,    0.5422,    0.5239,    0.4982,    0.4604,    0.4113,    0.3505,    0.3981,    0.2841,    0.2819,    0.2678,    0.2473,    0.1879,    0.1648,    0.1484,    0.1376,    0.1322,    0.3639,    0.3756,    0.3900,    0.4148,    0.4228,    0.4213,    0.4114,    0.4013,    0.3910,    0.3790,    0.3640,    0.3447,    0.5008,    0.4429,    0.3849,    0.3107,    0.2346,    0.1859,    0.1493,    0.1212,    0.0996,    0.0820,    0.0725,    0.0642,    0.1488,    0.1105,    0.0803,    0.0600,    0.0446,    0.0329,    0.0240,    0.0171,    0.0120,    0.0083,    0.0057,    0.0039,    0.0168,    0.0000,    0.0373,    0.0653,    0.0731,    0.0663,    0.0740,    0.0819,    0.0724,    0.0989,    0.0871,    0.0950,    0.1040,    0.0840,    0.1210,    0.1320,    0.1077,    0.0742,    0.0107,    0.0216,    0.0927,    0.1068,    0.1719,    0.1806,    0.2232,    0.2386,    0.2468,    0.2628,    0.2696,    0.2763,    0.2609,    0.2359,    0.2087,    0.2489,    0.3463,    0.3509,    0.6172,    0.6769,    0.7121,    0.7290,    0.7203,    0.8061,    0.7783,    0.8313,    0.7682,    0.8718,    0.8300,    0.8888,    1.9416,    1.9172,    2.0143,    2.0680,    2.1019,    2.0362,    2.1299,    2.1997,    2.2529,    2.0990,    2.0845,    2.1756,    5.5348,    5.3283,    5.2976,    5.1553,    4.7878,    4.5160,    3.9679,    3.6501,    3.5274,    3.0978,    2.3793,    2.2118,    1.7013,    1.5626,    1.1853,    1.1279,    0.7558,    0.5464,    0.4374,    0.1741,    0.1513,    0.1059,    0.0361,    0.0288
 1417,    2.0000,  211.6970,    0.4810,   78.0549,   77.0135,   -0.6114,   -0.9703,  158.4330,  158.3519,  159.1412,  160.0295,  161.1010,  161.5014,  161.8938,  162.1988,  162.4992,  162.9612,  163.7957,  165.2993,  167.6878,  170.9154,  174.9747,  179.4793,  184.0989,  188.2989,  191.8965,  196.3681,  199.3698,  200.8957,  201.5401,  201.8878,  202.0126,    0.0652,    0.2456,    0.5158,    0.8463,    1.2118,    1.5908,    1.9639,    2.3158,    2.6347,    2.9076,    3.1277,    3.2933,    2.9139,    2.9543,    2.9523,    2.9073,    2.8260,    2.7363,    2.6387,    2.5432,    2.4614,    2.3671,    2.2416,    2.0922,    0.7010,    0.6836,    0.6698,    0.6520,    0.6348,    0.6175,    0.5600,    0.5515,    0.5234,    0.4689,    0.4577,    0.3748,    0.2502,    0.2236,    0.2001,    0.1930,    0.1845,    0.1692,    0.1768,    0.1751,    0.1782,    0.1888,    0.2105,    0.2414,    0.3022,    0.3306,    0.2823,    0.3507,    0.3427,    0.3432,    0.3484,    0.3787,    0.3846,    0.3852,    0.3828,    0.3772,    0.9876,    0.8964,    0.7972,    0.6882,    0.6037,    0.5346,    0.4795,    0.4278,    0.3795,    0.3367,    0.3006,    0.2719,    0.3906,    0.3468,    0.3173,    0.3202,    0.3407,    0.3348,    0.3241,    0.3088,    0.2912,    0.2755,    0.2524,    0.2278,    0.5663,    0.3973,    0.2766,    0.1871,    0.1249,    0.0825,    0.0541,    0.0345,    0.0220,    0.0137,    0.0086,    0.0061,    0.0757,    0.0467,    0.0571,    0.0573,    0.0634,    0.0584,    0.0625,    0.0698,    0.0603,    0.0820,    0.0720,    0.0784,    0.0855,    0.0691,    0.1002,    0.1110,    0.0903,    0.1181,    0.1700,    0.1769,    0.1552,    0.0859,    0.1366,    0.1437,    0.1760,    0.1871,    0.1935,    0.2051,    0.2101,    0.2223,    0.2300,    0.2767,    0.3135,    0.2853,    0.2732,    0.2803,    0.4740,    0.5197,    0.5486,    0.5719,    0.5953,    0.6430,    0.6026,    0.6452,    0.6445,    0.6673,    0.6346,    0.6863,    1.4891,    1.4909,    1.5298,    1.5720,    1.6064,    1.5567,    1.6209,    1.6749,    1.7245,    1.6161,    1.5965,    1.6669,    4.2636,    4.1069,    4.1045,    4.0142,    3.7470,    3.5355,    3.1356,    2.9113,    2.8142,    2.4830,    1.9245,    1.7972,    1.4009,    1.3038,    1.0062,    0.9699,    0.6638,    0.4880,    0.4004,    0.1633,    0.1471,    0.1066,    0.0377,    0.0314,    0.0001,    0.0011,    0.0044,    0.0142,    0.0324,    0.0609,    0.0994,    0.1592,    0.2301,    0.3264,    0.4401,    0.5693,    0.6163,    0.7301,    0.8621,    1.0064,    1.1569,    1.2682,    1.3470,    1.3859,    1.3750,    1.3601,    1.3695,    1.3971,    0.4888,    0.4893,    0.4865,    0.4915,    0.4992,    0.5089,    0.5818,    0.5736,    0.5912,    0.6510,    0.6485,    0.7295,    0.5796,    0.5870,    0.5946,    0.5833,    0.5816,    0.6059,    0.5632,    0.5522,    0.5372,    0.5191,    0.4938,    0.4568,    0.4103,    0.3522,    0.3975,    0.2889,    0.2863,    0.2725,    0.2530,    0.1967,    0.1746,    0.1591,    0.1485,    0.1431,    0.3936,    0.4050,    0.4198,    0.4438,    0.4501,    0.4467,    0.4348,    0.4228,    0.4105,    0.3967,    0.3799,    0.3593,    0.5220,    0.4621,    0.4022,    0.3269,    0.2494,    0.1991,    0.1605,    0.1307,    0.1076,    0.0888,    0.0780,    0.0690,    0.1603,    0.1185,    0.0860,    0.0641,    0.0474,    0.0348,    0.0253,    0.0179,    0.0125,    0.0087,    0.0059,    0.0041,    0.0159,    0.0000,    0.0353,    0.0617,    0.0690,    0.0626,    0.0698,    0.0773,    0.0683,    0.0933,    0.0822,    0.0896,    0.0981,    0.0792,    0.1141,    0.1244,    0.1015,    0.0697,    0.0101,    0.0203,    0.0873,    0.1006,    0.1619,    0.1702,    0.2103,    0.2249,    0.2326,    0.2478,    0.2543,    0.2605,    0.2459,    0.2219,    0.1963,    0.2345,    0.3269,    0.3312,    0.5830,    0.6395,    0.6730,    0.6896,    0.6814,    0.7634,    0.7375,    0.7880,    0.7283,    0.8269,    0.7878,    0.8440,    1.8451,    1.8235,    1.9183,    1.9712,    2.0051,    1.9429,    2.0344,    2.1024,    2.1536,    2.0065,    1.9942,    2.0823,    5.2996,    5.1065,    5.0788,    4.9432,    4.5924,    4.3339,    3.8071,    3.5012,    3.3852,    2.9730,    2.2828,    2.1221,    1.6313,    1.4976,    1.1349,    1.0792,    0.7223,    0.5217,    0.4170,    0.1658,    0.1437,    0.1003,    0.0341,    0.0272
