Particle       ,data/QEXT_96IR_84_VIS_coreshell_9p1um9um
Ncase          ,  14
dt (sols)      ,  0.020833
Qext 0.67um    ,  9.133000
Alb sfc        ,  0.220000
Conrath nu     ,  0.002000
Sun Flux (W/m2),148.393084
BWN IR (cm-1)  ,     10.0000,     34.1670,     58.3330,     82.5000,    106.6670,    130.8330,    155.0000,    179.1670,    203.3330,    227.5000,    251.6670,    275.8330,    300.0000,    320.7880,    341.5750,    362.3630,    383.1500,    403.9380,    424.7250,    445.5130,    466.3010,    487.0880,    507.8760,    528.6630,    549.4510,    556.7420,    564.0330,    571.3240,    578.6150,    585.9060,    593.1970,    600.4880,    607.7790,    615.0700,    622.3610,    629.6520,    636.9430,    642.5500,    648.1570,    653.7640,    659.3700,    664.9770,    670.5840,    676.1910,    681.7980,    687.4050,    693.0110,    698.6180,    704.2250,    710.1390,    716.0530,    721.9670,    727.8810,    733.7950,    739.7090,    745.6240,    751.5380,    757.4520,    763.3660,    769.2800,    775.1940,    791.5010,    807.8070,    824.1140,    840.4210,    856.7270,    873.0340,    889.3410,    905.6470,    921.9540,    938.2610,    954.5670,    970.8740,    996.8050,   1022.7370,   1048.6680,   1074.6000,   1100.5310,   1126.4630,   1152.3940,   1178.3250,   1204.2570,   1230.1880,   1256.1200,   1282.0510,   1360.3990,   1438.7460,   1517.0940,   1595.4410,   1673.7890,   1752.1370,   1830.4840,   1908.8320,   1987.1790,   2065.5270,   2143.8740,   2222.2220
BWN VIS (cm-1) ,   2222.2200,   2294.3160,   2366.4120,   2438.5080,   2510.6030,   2582.6990,   2654.7950,   2726.8910,   2798.9870,   2871.0820,   2943.1780,   3015.2740,   3087.3700,   3165.9750,   3244.5800,   3323.1850,   3401.7900,   3480.3950,   3559.0000,   3637.6050,   3716.2100,   3794.8150,   3873.4200,   3952.0250,   4030.6300,   4142.2920,   4253.9530,   4365.6150,   4477.2770,   4588.9380,   4700.6000,   4812.2620,   4923.9230,   5035.5850,   5147.2470,   5258.9080,   5370.5700,   5560.6150,   5750.6600,   5940.7050,   6130.7500,   6320.7950,   6510.8400,   6700.8850,   6890.9300,   7080.9750,   7271.0200,   7461.0650,   7651.1100,   8055.1840,   8459.2580,   8863.3330,   9267.4070,   9671.4810,  10075.5550,  10479.6290,  10883.7030,  11287.7780,  11691.8520,  12095.9260,  12500.0000,  13541.6670,  14583.3330,  15625.0000,  16666.6670,  17708.3330,  18750.0000,  19791.6670,  20833.3330,  21875.0000,  22916.6670,  23958.3330,  25000.0000,  26388.8890,  27777.7780,  29166.6670,  30555.5570,  31944.4460,  33333.3350,  34722.2240,  36111.1130,  37500.0030,  38888.8920,  40277.7810,  41666.6700
================
wavelenght [um],    0.244068,    0.252632,    0.261818,    0.271698,    0.282353,    0.293878,    0.306383,    0.320000,    0.334884,    0.351220,    0.369231,    0.389189,    0.408511,    0.426667,    0.446512,    0.468293,    0.492308,    0.518919,    0.548571,    0.581818,    0.619355,    0.662069,    0.711111,    0.768000,    0.813143,    0.840768,    0.870336,    0.902060,    0.936184,    0.972991,    1.012810,    1.056028,    1.103099,    1.154562,    1.211061,    1.273375,    1.323436,    1.357581,    1.393534,    1.431444,    1.471474,    1.513807,    1.558648,    1.606226,    1.656801,    1.710664,    1.768147,    1.829628,    1.881560,    1.921939,    1.964090,    2.008131,    2.054193,    2.102417,    2.152960,    2.205992,    2.261704,    2.320302,    2.382017,    2.447105,    2.505432,    2.555765,    2.608162,    2.662752,    2.719677,    2.779088,    2.841153,    2.906054,    2.973989,    3.045176,    3.119855,    3.198288,    3.277268,    3.356577,    3.439819,    3.527294,    3.619334,    3.716307,    3.818620,    3.926726,    4.041130,    4.162400,    4.291175,    4.428172,    4.580751,    4.751270,    4.934974,    5.133456,    5.348572,    5.582505,    5.837838,    6.117648,    6.425631,    6.766266,    7.145039,    7.568734,    7.879690,    8.044056,    8.215425,    8.394255,    8.581043,    8.776330,    8.980716,    9.194848,    9.419442,    9.655282,    9.903235,   10.164260,   10.387231,   10.566200,   10.751445,   10.943308,   11.142136,   11.348323,   11.562291,   11.784476,   12.015368,   12.255495,   12.505409,   12.765727,   12.949392,   13.049328,   13.150818,   13.253898,   13.358608,   13.464994,   13.573088,   13.682923,   13.794549,   13.908012,   14.023357,   14.140631,   14.256763,   14.371646,   14.488386,   14.607038,   14.727660,   14.850291,   14.974981,   15.101782,   15.230738,   15.361915,   15.495384,   15.631191,   15.790367,   15.974275,   16.162517,   16.355249,   16.552633,   16.754839,   16.962047,   17.174443,   17.392227,   17.615605,   17.844795,   18.080028,   18.550914,   19.294981,   20.101230,   20.977796,   21.934298,   22.982219,   24.135264,   25.410119,   26.827165,   28.411593,   30.194923,   32.217118,   34.732292,   37.914692,   41.739101,   46.421699,   52.287582,   59.850314,   69.970927,   84.210526,  105.726686,  142.012170,  216.216216,  452.826771
Qext           ,      8.0720,      8.0720,      8.0720,      8.0720,      8.0720,      8.0720,      8.0720,      8.0720,      8.0720,      8.0720,      8.0720,      9.1330,      9.1330,      9.1330,      9.1330,      9.1330,      9.1330,      9.1330,      9.1330,      9.1330,      9.1330,      9.1330,      9.1330,      9.8430,      9.8430,      9.8430,      9.8430,      9.8430,      9.8430,      9.8430,      9.8430,      9.8430,      9.8430,     10.5260,     10.5260,     10.5260,     10.5260,     10.5260,     10.5260,     10.5260,     10.5260,     11.4120,     11.4120,     11.4120,     11.4120,     11.4120,     11.4120,     11.4120,     12.2840,     12.2840,     12.2840,     12.2840,     12.2840,     12.2840,     12.2840,     12.2840,     12.2850,     12.2850,     12.2850,     12.2850,     12.2850,     12.2850,     14.5520,     14.5520,     14.5520,     14.5520,     14.5520,     14.5520,     13.1120,     13.1120,     13.1120,     13.1120,     13.1120,     14.9630,     14.9630,     14.9630,     14.9630,     18.3520,     18.3520,     18.3520,     14.4530,     14.4530,     14.4530,     14.6490,     14.6490,     14.6490,     15.8600,     17.6780,     17.6780,     20.1190,     20.1190,     24.2090,     30.2090,     29.0250,     20.6370,     17.7180,     16.7090,     16.7090,     17.2050,     17.2050,     17.5930,     17.5930,     18.5120,     19.1700,     19.1700,     20.2600,     21.0550,     21.0550,     22.2500,     22.2500,     23.5330,     23.5330,     24.4180,     25.8230,     25.8230,     27.8120,     27.8120,     29.3830,     30.5390,     30.5390,     32.3470,     32.3470,     32.3470,     35.2330,     35.2330,     35.2330,     38.4230,     38.4230,     38.4230,     41.0410,     41.0410,     41.0410,     41.0410,     43.1950,     43.1950,     43.1950,     45.8680,     45.8680,     45.8680,     49.9860,     49.9860,     55.6740,     55.6740,     55.6740,     62.2660,     62.2660,     68.9080,     68.9080,     75.2180,     75.2180,     81.6030,     81.6030,     89.0970,     98.9010,     98.9010,    111.8600,    137.5220,    176.7190,    210.0740,    225.1180,    209.0470,    168.6440,    105.5110,     58.1630,     34.2750,     23.3470,     18.3790,     11.7730,      3.9480,      0.9680,      3.2140,      3.9690,      0.8350,     -0.8370,     -0.8370,     -0.8370,     -0.8370,     -0.8370,     -0.8370,     -0.8370
Qscat          ,      6.0050,      6.0050,      6.0050,      6.0050,      6.0050,      6.0050,      6.0050,      6.0050,      6.0050,      6.0050,      6.0050,      8.4490,      8.4490,      8.4490,      8.4490,      8.4490,      8.4490,      8.4490,      8.4490,      8.4490,      8.4490,      8.4490,      8.4490,      9.4570,      9.4570,      9.4570,      9.4570,      9.4570,      9.4570,      9.4570,      9.4570,      9.4570,      9.4570,     10.2300,     10.2300,     10.2300,     10.2300,     10.2300,     10.2300,     10.2300,     10.2300,     11.1730,     11.1730,     11.1730,     11.1730,     11.1730,     11.1730,     11.1730,     12.0010,     12.0010,     12.0010,     12.0010,     12.0010,     12.0010,     12.0010,     12.0010,     12.0730,     12.0730,     12.0730,     12.0730,     12.0730,     12.0730,     14.1960,     14.1960,     14.1960,     14.1960,     14.1960,     14.1960,     12.8560,     12.8560,     12.8560,     12.8560,     12.8560,     14.6480,     14.6480,     14.6480,     14.6480,     17.8420,     17.8420,     17.8420,     14.1000,     14.1000,     14.1000,     14.2900,     14.2900,     14.2900,     15.5840,     17.1910,     17.1910,     19.5070,     19.5070,     23.4150,     29.0450,     27.5090,     19.8500,     16.9320,     16.0960,     16.0960,     16.7080,     16.7080,     16.9830,     16.9830,     17.8930,     18.7790,     18.7790,     19.2570,     20.6540,     20.6540,     21.6850,     21.6850,     22.2390,     22.2390,     23.6580,     25.5210,     25.5210,     26.6840,     26.6840,     27.5360,     29.2370,     29.2370,     31.8990,     31.8990,     31.8990,     34.5540,     34.5540,     34.5540,     36.4950,     36.4950,     36.4950,     38.0980,     38.0980,     38.0980,     38.0980,     40.3960,     40.3960,     40.3960,     44.1150,     44.1150,     44.1150,     49.1250,     49.1250,     54.6380,     54.6380,     54.6380,     59.8470,     59.8470,     64.5130,     64.5130,     69.1530,     69.1530,     74.8310,     74.8310,     82.7070,     93.5850,     93.5850,    107.6230,    133.3100,    168.6590,    195.1890,    203.7730,    187.4780,    153.1460,    100.2330,     58.1572,     33.6170,     19.1730,     13.2210,      9.6220,      3.9476,      0.9679,      1.4510,      1.3820,      0.8349,      0.5500,      0.5500,      0.5500,      0.5500,      0.5500,      0.5500,      0.5500
G factor       ,    0.4250,    0.4250,    0.4250,    0.4250,    0.4250,    0.4250,    0.4250,    0.4250,    0.4250,    0.4250,    0.4250,    0.2470,    0.2470,    0.2470,    0.2470,    0.2470,    0.2470,    0.2470,    0.2470,    0.2470,    0.2470,    0.2470,    0.2470,    0.2490,    0.2490,    0.2490,    0.2490,    0.2490,    0.2490,    0.2490,    0.2490,    0.2490,    0.2490,    0.2210,    0.2210,    0.2210,    0.2210,    0.2210,    0.2210,    0.2210,    0.2210,    0.1950,    0.1950,    0.1950,    0.1950,    0.1950,    0.1950,    0.1950,    0.1740,    0.1740,    0.1740,    0.1740,    0.1740,    0.1740,    0.1740,    0.1740,    0.1660,    0.1660,    0.1660,    0.1660,    0.1660,    0.1660,    0.1190,    0.1190,    0.1190,    0.1190,    0.1190,    0.1190,    0.1250,    0.1250,    0.1250,    0.1250,    0.1250,    0.1010,    0.1010,    0.1010,    0.1010,    0.0690,    0.0690,    0.0690,    0.0780,    0.0780,    0.0780,    0.0760,    0.0760,    0.0760,    0.0660,    0.0560,    0.0560,    0.0470,    0.0470,    0.0360,    0.0240,    0.0190,    0.0240,    0.0300,    0.0320,    0.0320,    0.0310,    0.0310,    0.0290,    0.0290,    0.0270,    0.0250,    0.0250,    0.0240,    0.0220,    0.0220,    0.0200,    0.0200,    0.0190,    0.0190,    0.0170,    0.0160,    0.0160,    0.0140,    0.0140,    0.0130,    0.0120,    0.0120,    0.0110,    0.0110,    0.0110,    0.0100,    0.0100,    0.0100,    0.0090,    0.0090,    0.0090,    0.0090,    0.0090,    0.0090,    0.0090,    0.0080,    0.0080,    0.0080,    0.0070,    0.0070,    0.0070,    0.0070,    0.0070,    0.0060,    0.0060,    0.0060,    0.0050,    0.0050,    0.0050,    0.0050,    0.0040,    0.0040,    0.0040,    0.0040,    0.0040,    0.0030,    0.0030,    0.0030,    0.0020,    0.0010,    0.0010,    0.0000,   -0.0010,   -0.0010,   -0.0020,   -0.0020,   -0.0030,   -0.0040,   -0.0040,   -0.0040,   -0.0050,   -0.0060,   -0.0060,   -0.0060,   -0.0060,   -0.0060,   -0.0060,   -0.0060,   -0.0060,   -0.0060,   -0.0060,   -0.0060
================
P [mbar]       ,    0.1004,    0.1015,    0.1034,    0.1069,    0.1130,    0.1239,    0.1432,    0.1740,    0.2226,    0.3028,    0.4349,    0.6529,    1.0121,    1.6044,    2.4646,    3.4606,    4.3994,    5.2226,    5.8426,    6.2132,    6.3980,    6.4686,    6.5039,    6.5168
Temp initial[K],  155.0000,  155.0000,  155.0000,  155.0000,  155.0000,  155.0000,  155.0000,  155.0000,  155.0000,  155.0000,  155.0000,  155.0000,  158.8233,  165.4041,  173.2716,  181.4436,  190.2788,  198.8130,  204.5783,  207.8249,  209.4219,  210.0497,  210.3719,  210.4891
================
it   ,   tau    ,  Tsfc    ,   alb    ,   OLR    ,    ASR   ,  NET top ,  NET bot , T lev  01, T lev  02, T lev  03, T lev  04, T lev  05, T lev  06, T lev  07, T lev  08, T lev  09, T lev  10, T lev  11, T lev  12, T lev  13, T lev  14, T lev  15, T lev  16, T lev  17, T lev  18, T lev  19, T lev  20, T lev  21, T lev  22, T lev  23, T lev  24, T lev  25,  OLR IR01,  OLR IR02,  OLR IR03,  OLR IR04,  OLR IR05,  OLR IR06,  OLR IR07,  OLR IR08,  OLR IR09,  OLR IR10,  OLR IR11,  OLR IR12,  OLR IR13,  OLR IR14,  OLR IR15,  OLR IR16,  OLR IR17,  OLR IR18,  OLR IR19,  OLR IR20,  OLR IR21,  OLR IR22,  OLR IR23,  OLR IR24,  OLR IR25,  OLR IR26,  OLR IR27,  OLR IR28,  OLR IR29,  OLR IR30,  OLR IR31,  OLR IR32,  OLR IR33,  OLR IR34,  OLR IR35,  OLR IR36,  OLR IR37,  OLR IR38,  OLR IR39,  OLR IR40,  OLR IR41,  OLR IR42,  OLR IR43,  OLR IR44,  OLR IR45,  OLR IR46,  OLR IR47,  OLR IR48,  OLR IR49,  OLR IR50,  OLR IR51,  OLR IR52,  OLR IR53,  OLR IR54,  OLR IR55,  OLR IR56,  OLR IR57,  OLR IR58,  OLR IR59,  OLR IR60,  OLR IR61,  OLR IR62,  OLR IR63,  OLR IR64,  OLR IR65,  OLR IR66,  OLR IR67,  OLR IR68,  OLR IR69,  OLR IR70,  OLR IR71,  OLR IR72,  OLR IR73,  OLR IR74,  OLR IR75,  OLR IR76,  OLR IR77,  OLR IR78,  OLR IR79,  OLR IR80,  OLR IR81,  OLR IR82,  OLR IR83,  OLR IR84,  OLR IR85,  OLR IR86,  OLR IR87,  OLR IR88,  OLR IR89,  OLR IR90,  OLR IR91,  OLR IR92,  OLR IR93,  OLR IR94,  OLR IR95,  OLR IR96, ASR VIS01, ASR VIS02, ASR VIS03, ASR VIS04, ASR VIS05, ASR VIS06, ASR VIS07, ASR VIS08, ASR VIS09, ASR VIS10, ASR VIS11, ASR VIS12, ASR VIS13, ASR VIS14, ASR VIS15, ASR VIS16, ASR VIS17, ASR VIS18, ASR VIS19, ASR VIS20, ASR VIS21, ASR VIS22, ASR VIS23, ASR VIS24, ASR VIS25, ASR VIS26, ASR VIS27, ASR VIS28, ASR VIS29, ASR VIS30, ASR VIS31, ASR VIS32, ASR VIS33, ASR VIS34, ASR VIS35, ASR VIS36, ASR VIS37, ASR VIS38, ASR VIS39, ASR VIS40, ASR VIS41, ASR VIS42, ASR VIS43, ASR VIS44, ASR VIS45, ASR VIS46, ASR VIS47, ASR VIS48, ASR VIS49, ASR VIS50, ASR VIS51, ASR VIS52, ASR VIS53, ASR VIS54, ASR VIS55, ASR VIS56, ASR VIS57, ASR VIS58, ASR VIS59, ASR VIS60, ASR VIS61, ASR VIS62, ASR VIS63, ASR VIS64, ASR VIS65, ASR VIS66, ASR VIS67, ASR VIS68, ASR VIS69, ASR VIS70, ASR VIS71, ASR VIS72, ASR VIS73, ASR VIS74, ASR VIS75, ASR VIS76, ASR VIS77, ASR VIS78, ASR VIS79, ASR VIS80, ASR VIS81, ASR VIS82, ASR VIS83, ASR VIS84, SFC DIR01, SFC DIR02, SFC DIR03, SFC DIR04, SFC DIR05, SFC DIR06, SFC DIR07, SFC DIR08, SFC DIR09, SFC DIR10, SFC DIR11, SFC DIR12, SFC DIR13, SFC DIR14, SFC DIR15, SFC DIR16, SFC DIR17, SFC DIR18, SFC DIR19, SFC DIR20, SFC DIR21, SFC DIR22, SFC DIR23, SFC DIR24, SFC DIR25, SFC DIR26, SFC DIR27, SFC DIR28, SFC DIR29, SFC DIR30, SFC DIR31, SFC DIR32, SFC DIR33, SFC DIR34, SFC DIR35, SFC DIR36, SFC DIR37, SFC DIR38, SFC DIR39, SFC DIR40, SFC DIR41, SFC DIR42, SFC DIR43, SFC DIR44, SFC DIR45, SFC DIR46, SFC DIR47, SFC DIR48, SFC DIR49, SFC DIR50, SFC DIR51, SFC DIR52, SFC DIR53, SFC DIR54, SFC DIR55, SFC DIR56, SFC DIR57, SFC DIR58, SFC DIR59, SFC DIR60, SFC DIR61, SFC DIR62, SFC DIR63, SFC DIR64, SFC DIR65, SFC DIR66, SFC DIR67, SFC DIR68, SFC DIR69, SFC DIR70, SFC DIR71, SFC DIR72, SFC DIR73, SFC DIR74, SFC DIR75, SFC DIR76, SFC DIR77, SFC DIR78, SFC DIR79, SFC DIR80, SFC DIR81, SFC DIR82, SFC DIR83, SFC DIR84, SFC DIR85, SFC DIR86, SFC DIR87, SFC DIR88, SFC DIR89, SFC DIR90, SFC DIR91, SFC DIR92, SFC DIR93, SFC DIR94, SFC DIR95, SFC DIR96,SFC DVIS01,SFC DVIS02,SFC DVIS03,SFC DVIS04,SFC DVIS05,SFC DVIS06,SFC DVIS07,SFC DVIS08,SFC DVIS09,SFC DVIS10,SFC DVIS11,SFC DVIS12,SFC DVIS13,SFC DVIS14,SFC DVIS15,SFC DVIS16,SFC DVIS17,SFC DVIS18,SFC DVIS19,SFC DVIS20,SFC DVIS21,SFC DVIS22,SFC DVIS23,SFC DVIS24,SFC DVIS25,SFC DVIS26,SFC DVIS27,SFC DVIS28,SFC DVIS29,SFC DVIS30,SFC DVIS31,SFC DVIS32,SFC DVIS33,SFC DVIS34,SFC DVIS35,SFC DVIS36,SFC DVIS37,SFC DVIS38,SFC DVIS39,SFC DVIS40,SFC DVIS41,SFC DVIS42,SFC DVIS43,SFC DVIS44,SFC DVIS45,SFC DVIS46,SFC DVIS47,SFC DVIS48,SFC DVIS49,SFC DVIS50,SFC DVIS51,SFC DVIS52,SFC DVIS53,SFC DVIS54,SFC DVIS55,SFC DVIS56,SFC DVIS57,SFC DVIS58,SFC DVIS59,SFC DVIS60,SFC DVIS61,SFC DVIS62,SFC DVIS63,SFC DVIS64,SFC DVIS65,SFC DVIS66,SFC DVIS67,SFC DVIS68,SFC DVIS69,SFC DVIS70,SFC DVIS71,SFC DVIS72,SFC DVIS73,SFC DVIS74,SFC DVIS75,SFC DVIS76,SFC DVIS77,SFC DVIS78,SFC DVIS79,SFC DVIS80,SFC DVIS81,SFC DVIS82,SFC DVIS83,SFC DVIS84
 1007,    0.0000,  218.8983,    0.2194,  117.0969,  115.8380,   -0.8625,   -0.7595,  158.4330,  155.0000,  155.0000,  155.0000,  155.0000,  155.0000,  155.0000,  155.0000,  155.0000,  155.0000,  155.0000,  155.0000,  155.0000,  158.8202,  165.3996,  173.2672,  181.4393,  190.2764,  198.8104,  204.5754,  207.8212,  209.4182,  210.0462,  210.3680,  210.4855,    0.0676,    0.2556,    0.5389,    0.8888,    1.2804,    1.6928,    2.1082,    2.5121,    2.8933,    3.2429,    3.5544,    3.8241,    3.4712,    3.6087,    3.7179,    3.7987,    3.8530,    3.8815,    3.8866,    3.8696,    3.8324,    3.7775,    3.7019,    3.5964,    1.2424,    1.2267,    1.2047,    1.1662,    1.1137,    1.0481,    0.8756,    0.8393,    0.7711,    0.6138,    0.5638,    0.3590,    0.1995,    0.1649,    0.1438,    0.1375,    0.1329,    0.1277,    0.1258,    0.1235,    0.1245,    0.1364,    0.1735,    0.2440,    0.3730,    0.4452,    0.3502,    0.5089,    0.4971,    0.5051,    0.5244,    0.6000,    0.6202,    0.6335,    0.6351,    0.6285,    1.6842,    1.6087,    1.5504,    1.4822,    1.4116,    1.3421,    1.2748,    1.2087,    1.1452,    1.0819,    1.0194,    0.9639,    1.4270,    1.3066,    1.1824,    1.0659,    0.9702,    0.8860,    0.8005,    0.7221,    0.6504,    0.5836,    0.5141,    0.4584,    1.1328,    0.8012,    0.5722,    0.3992,    0.2764,    0.1901,    0.1299,    0.0861,    0.0569,    0.0365,    0.0240,    0.0175,    0.0899,    0.0485,    0.0757,    0.0853,    0.0957,    0.0892,    0.0975,    0.1095,    0.0962,    0.1325,    0.1172,    0.1283,    0.1417,    0.1155,    0.1679,    0.1865,    0.1530,    0.1811,    0.2062,    0.2231,    0.2234,    0.1500,    0.2398,    0.2531,    0.3109,    0.3324,    0.3440,    0.3658,    0.3756,    0.3936,    0.3989,    0.4549,    0.4935,    0.4704,    0.4844,    0.4940,    0.8433,    0.9209,    0.9662,    0.9986,    1.0221,    1.1068,    1.0376,    1.1056,    1.0799,    1.1314,    1.0731,    1.1504,    2.4777,    2.4439,    2.4989,    2.5383,    2.5642,    2.4625,    2.5489,    2.6139,    2.6670,    2.4800,    2.4441,    2.5380,    6.4157,    6.1123,    6.0433,    5.8603,    5.4132,    5.0767,    4.4565,    4.0997,    3.9404,    3.4535,    2.6528,    2.4637,    1.8993,    1.7458,    1.3311,    1.2705,    0.8565,    0.6215,    0.5021,    0.2015,    0.1776,    0.1261,    0.0437,    0.0355,    0.0000,    0.0000,    0.0000,    0.0000,    0.0000,    0.0000,    0.0000,    0.0000,    0.0000,    0.0000,    0.0000,    0.0000,    0.0000,    0.0000,    0.0000,    0.0000,    0.0000,    0.0000,    0.0000,    0.0001,    0.0002,    0.0007,    0.0108,    0.0490,    0.0110,    0.0180,    0.0344,    0.0771,    0.1397,    0.2137,    0.4309,    0.4495,    0.5119,    0.6671,    0.7005,    0.8672,    0.6959,    0.7036,    0.7106,    0.6982,    0.6956,    0.7186,    0.6761,    0.6645,    0.6491,    0.6306,    0.6025,    0.5551,    0.4721,    0.3712,    0.4491,    0.2585,    0.2602,    0.2432,    0.2110,    0.1067,    0.0696,    0.0377,    0.0207,    0.0150,    0.0329,    0.0299,    0.0085,    0.0020,    0.0004,    0.0004,    0.0002,    0.0011,    0.0019,    0.0049,    0.0091,    0.0081,    0.0085,    0.0012,    0.0075,    0.0141,    0.0089,    0.0000,    0.0000,    0.0000,    0.0000,    0.0008,    0.0066,    0.0072,    0.0065,    0.0059,    0.0000,    0.0000,    0.0000,    0.0000,    0.0000,    0.0009,    0.0011,    0.0014,    0.0012,    0.0002,    0.0266,    0.0000,    0.0608,    0.1075,    0.1214,    0.1110,    0.1245,    0.1386,    0.1233,    0.1698,    0.1501,    0.1645,    0.1808,    0.1468,    0.2123,    0.2321,    0.1900,    0.1318,    0.0189,    0.0386,    0.1649,    0.1902,    0.3067,    0.3223,    0.3984,    0.4260,    0.4410,    0.4686,    0.4799,    0.4920,    0.4648,    0.4226,    0.3741,    0.4433,    0.6104,    0.6178,    1.0805,    1.1804,    1.2359,    1.2564,    1.2364,    1.3694,    1.3136,    1.3975,    1.2854,    1.4503,    1.3718,    1.4606,    3.1621,    3.0885,    3.2030,    3.2531,    3.2748,    3.1568,    3.2678,    3.3511,    3.4192,    3.1776,    3.1334,    3.2539,    8.2247,    7.8363,    7.7478,    7.5132,    6.9399,    6.5086,    5.7135,    5.2561,    5.0518,    4.4276,    3.4010,    3.1586,    2.4350,    2.2382,    1.7066,    1.6288,    1.0981,    0.7968,    0.6438,    0.2584,    0.2277,    0.1616,    0.0560,    0.0455
15001,    0.0500,  239.8998,    0.2402,  226.9521,  112.7148, -112.3930,   -0.1688,  158.4330,  217.1287,  217.9087,  219.0295,  220.8981,  223.6987,  227.8100,  236.0184,  248.0861,  264.1793,  285.4049,  311.6887,  333.7183,  390.0211,  250.6778,  351.7161,  231.2996,  319.5736,  193.6927,  275.4022,  157.2273,  160.1587,  161.4565,  162.4681,  162.9132,    0.0747,    0.2844,    0.6042,    1.0045,    1.4595,    1.9466,    2.4466,    2.9294,    3.4261,    3.8686,    4.2690,    4.5665,    4.1065,    4.3069,    4.3382,    4.0837,    3.7321,    3.4926,    3.5968,    3.7608,    3.7580,    3.5396,    3.4646,    4.0025,    1.5252,    1.7672,    1.9479,    2.2517,    2.5899,    2.7315,    3.3268,    3.2356,    3.4406,    3.4760,    3.7922,    3.9280,    2.9235,    2.6805,    2.3325,    2.5020,    2.2948,    1.5896,    2.3468,    2.4358,    2.5650,    2.6995,    2.9264,    3.0416,    3.2161,    3.0173,    2.8834,    2.6094,    2.6059,    2.6854,    2.4825,    2.1233,    2.1538,    1.6731,    1.5349,    1.4130,    3.4137,    3.0498,    2.5804,    2.4768,    2.2364,    2.2046,    2.0689,    2.0688,    2.0663,    2.0664,    2.0420,    1.8411,    2.7487,    2.3473,    2.6146,    2.6710,    2.5018,    1.6677,    1.4523,    1.3317,    1.2198,    1.1923,    1.1765,    1.0699,    2.5408,    2.0275,    1.3224,    0.9472,    0.6886,    0.5005,    0.3759,    0.5319,    0.4316,    0.5450,    0.6348,    0.4860,    0.0885,    0.0454,    0.0731,    0.0813,    0.0895,    0.0835,    0.0910,    0.1037,    0.0910,    0.1252,    0.1108,    0.1223,    0.1353,    0.1102,    0.1608,    0.1791,    0.1494,    0.1822,    0.2014,    0.2179,    0.2208,    0.1433,    0.2299,    0.2431,    0.2977,    0.3180,    0.3292,    0.3501,    0.3603,    0.3796,    0.3926,    0.4459,    0.4827,    0.4582,    0.4682,    0.4755,    0.8112,    0.8863,    0.9293,    0.9643,    0.9903,    1.0695,    1.0005,    1.0734,    1.0465,    1.0931,    1.0373,    1.1130,    2.3952,    2.3672,    2.4140,    2.4627,    2.4888,    2.3893,    2.4729,    2.5360,    2.5875,    2.4061,    2.3713,    2.4624,    6.2246,    5.9609,    5.8936,    5.7152,    5.2792,    4.9512,    4.3464,    3.9985,    3.8432,    3.3684,    2.5875,    2.4032,    1.8528,    1.7387,    1.3258,    1.2655,    0.8533,    0.6193,    0.5004,    0.2008,    0.1770,    0.1257,    0.0436,    0.0354,    0.0000,   -0.0000,    0.0000,   -0.0000,    0.0000,   -0.0000,   -0.0000,    0.0137,    0.1504,    0.1291,    0.0231,    0.1008,    0.3518,    0.6392,    0.7300,    0.8062,    1.2099,    2.1179,    3.1443,    3.6636,    3.7916,    3.5211,    3.1240,    2.9749,    1.0046,    1.1180,    1.2460,    1.3959,    1.5622,    1.6260,    1.7574,    1.7224,    1.7274,    1.5167,    1.4457,    0.9745,    0.4813,    0.3938,    0.4283,    0.3847,    0.4234,    0.6667,    0.4042,    0.3806,    0.3417,    0.3455,    0.4987,    0.7724,    1.1345,    1.2746,    1.0571,    1.2818,    1.2659,    1.3312,    1.2089,    1.1181,    1.1672,    0.8079,    0.7253,    0.6451,    1.3428,    1.0625,    0.7305,    0.6707,    0.5173,    0.5164,    0.4521,    0.4881,    0.5297,    0.5768,    0.5772,    0.4505,    0.6523,    0.4490,    0.7596,    0.8703,    0.8411,    0.2744,    0.1711,    0.1585,    0.1426,    0.1940,    0.2258,    0.1983,    0.4479,    0.4714,    0.3314,    0.2328,    0.1366,    0.0852,    0.0772,    0.2027,    0.1508,    0.2077,    0.2633,    0.2662,    0.0141,    0.0000,    0.0544,    0.0997,    0.1120,    0.1021,    0.1150,    0.1300,    0.1158,    0.1596,    0.1411,    0.1560,    0.1706,    0.1386,    0.1989,    0.2161,    0.1662,    0.0854,    0.0081,    0.0201,    0.1270,    0.1763,    0.2912,    0.3050,    0.3794,    0.4062,    0.4204,    0.4467,    0.4563,    0.4629,    0.4100,    0.3723,    0.3290,    0.3998,    0.5682,    0.5827,    1.0335,    1.1280,    1.1828,    1.1918,    1.1612,    1.2956,    1.2499,    1.3287,    1.2216,    1.3937,    1.3169,    1.3996,    3.0356,    2.9516,    3.0783,    3.1350,    3.1542,    3.0420,    3.1493,    3.2296,    3.2952,    3.0624,    3.0198,    3.1359,    7.9265,    7.5524,    7.4672,    7.2412,    6.6887,    6.2730,    5.5068,    5.0660,    4.8692,    4.2676,    3.2782,    3.0447,    2.3473,    2.1516,    1.6405,    1.5657,    1.0556,    0.7661,    0.6189,    0.2484,    0.2189,    0.1554,    0.0539,    0.0438
15001,    0.1000,  245.3000,    0.2601,  232.1773,  109.7372, -117.5470,    0.0245,  158.4330,  263.6837,  264.4123,  265.6898,  267.9111,  271.7159,  278.0652,  288.2599,  302.1725,  319.8743,  327.1686,  384.2650,  265.2299,  363.7309,  250.6778,  351.7161,  232.7750,  320.3932,  199.0830,  278.8473,  168.3963,  226.0030,  160.0544,  169.7387,  172.3650,    0.0765,    0.2917,    0.6206,    1.0337,    1.5047,    2.0108,    2.5324,    3.0245,    3.5586,    4.0184,    4.4338,    4.6786,    4.1469,    4.3721,    4.3058,    3.7543,    3.1730,    3.0989,    3.6723,    4.0688,    4.0830,    3.6607,    3.2504,    3.5170,    1.3610,    1.6117,    1.7781,    2.1040,    2.4265,    2.5628,    3.1926,    3.0552,    3.2730,    3.5289,    3.6622,    3.9873,    3.1240,    3.0653,    3.0016,    3.1013,    2.9869,    2.5272,    3.0583,    3.0963,    3.0813,    3.1272,    3.1295,    3.0940,    3.1400,    2.9053,    3.0214,    2.4880,    2.4700,    2.5564,    2.4015,    1.9921,    1.9991,    1.5615,    1.4234,    1.3261,    3.2713,    2.9600,    2.5856,    2.4618,    2.2421,    2.1687,    2.0473,    2.0798,    2.1085,    2.1016,    2.0432,    1.8630,    2.7869,    2.4113,    2.6699,    2.6667,    2.4932,    1.7781,    1.5825,    1.4570,    1.3356,    1.2948,    1.2908,    1.1822,    2.8545,    2.2555,    1.5443,    1.1039,    0.8108,    0.5987,    0.4505,    0.5659,    0.4560,    0.5380,    0.5935,    0.4155,    0.0833,    0.0423,    0.0700,    0.0773,    0.0841,    0.0785,    0.0855,    0.0985,    0.0864,    0.1188,    0.1051,    0.1168,    0.1293,    0.1053,    0.1538,    0.1714,    0.1424,    0.1732,    0.1951,    0.2094,    0.2113,    0.1364,    0.2206,    0.2333,    0.2856,    0.3051,    0.3158,    0.3358,    0.3460,    0.3650,    0.3780,    0.4300,    0.4657,    0.4411,    0.4496,    0.4571,    0.7816,    0.8539,    0.8954,    0.9299,    0.9552,    1.0313,    0.9644,    1.0394,    1.0126,    1.0578,    1.0039,    1.0774,    2.3181,    2.2920,    2.3361,    2.3929,    2.4184,    2.3215,    2.4028,    2.4640,    2.5141,    2.3379,    2.3040,    2.3926,    6.0481,    5.8209,    5.7554,    5.5812,    5.1555,    4.8352,    4.2447,    3.9051,    3.7535,    3.2899,    2.5273,    2.3474,    1.8098,    1.7325,    1.3212,    1.2612,    0.8505,    0.6174,    0.4989,    0.2003,    0.1766,    0.1254,    0.0435,    0.0354,    0.0000,    0.0000,    0.0000,   -0.0000,    0.0000,    0.0000,    0.0000,    0.0283,    0.2992,    0.2585,    0.0480,    0.2065,    0.6905,    1.2182,    1.3754,    1.4691,    2.0567,    3.3235,    4.5458,    5.0424,    5.1444,    4.8782,    4.3881,    4.0217,    1.3506,    1.4219,    1.5050,    1.6030,    1.7002,    1.7320,    1.7562,    1.7422,    1.7193,    1.5171,    1.4596,    1.0769,    0.6404,    0.5624,    0.5441,    0.4785,    0.5096,    0.7530,    0.4875,    0.4720,    0.4628,    0.5056,    0.6151,    0.7903,    1.0962,    1.2321,    1.0438,    1.2641,    1.2489,    1.2933,    1.1821,    1.1168,    1.1408,    0.8369,    0.7539,    0.6937,    1.5664,    1.3389,    1.0780,    0.9593,    0.8231,    0.7419,    0.6797,    0.7088,    0.7518,    0.7827,    0.7380,    0.6240,    0.8899,    0.6876,    0.9500,    0.9809,    0.9281,    0.4541,    0.3540,    0.3281,    0.2911,    0.3228,    0.3481,    0.3141,    0.7760,    0.7382,    0.6518,    0.4644,    0.2792,    0.1763,    0.1427,    0.2174,    0.1667,    0.1975,    0.2273,    0.1928,    0.0134,    0.0000,    0.0512,    0.0941,    0.1041,    0.0949,    0.1069,    0.1227,    0.1092,    0.1506,    0.1331,    0.1483,    0.1622,    0.1318,    0.1891,    0.2055,    0.1577,    0.0812,    0.0074,    0.0187,    0.1200,    0.1667,    0.2783,    0.2914,    0.3625,    0.3881,    0.4018,    0.4268,    0.4359,    0.4423,    0.3918,    0.3555,    0.3136,    0.3816,    0.5430,    0.5566,    0.9914,    1.0821,    1.1345,    1.1431,    1.1136,    1.2426,    1.1989,    1.2789,    1.1756,    1.3415,    1.2675,    1.3470,    2.9218,    2.8409,    2.9629,    3.0250,    3.0434,    2.9352,    3.0387,    3.1163,    3.1795,    2.9549,    2.9138,    3.0259,    7.6484,    7.2858,    7.2037,    6.9857,    6.4528,    6.0519,    5.3127,    4.8876,    4.6978,    4.1175,    3.1630,    2.9378,    2.2650,    2.0692,    1.5778,    1.5059,    1.0154,    0.7369,    0.5953,    0.2390,    0.2106,    0.1495,    0.0518,    0.0421
15001,    0.1500,  249.0001,    0.2785,  236.7961,  106.9763, -118.8808,    0.0827,  158.4330,  310.0047,  310.7438,  312.0445,  314.2946,  318.0565,  323.9415,  332.4405,  331.6097,  380.4693,  267.7283,  362.2074,  265.2299,  363.7309,  250.6778,  351.7161,  232.8325,  320.4251,  199.2934,  278.9818,  169.5206,  226.8588,  160.4334,  175.8875,  178.6522,    0.0777,    0.2967,    0.6321,    1.0541,    1.5363,    2.0558,    2.5925,    3.0863,    3.6455,    4.1154,    4.5415,    4.7256,    4.1361,    4.3931,    4.2518,    3.4634,    2.7554,    2.9514,    3.8808,    4.3781,    4.3976,    3.8986,    3.2953,    3.3498,    1.3022,    1.5653,    1.7283,    2.0660,    2.3841,    2.5092,    3.1593,    2.9896,    3.2133,    3.6119,    3.6147,    4.0290,    3.2043,    3.2556,    3.3472,    3.3348,    3.3327,    3.2966,    3.3621,    3.3486,    3.3209,    3.3026,    3.2158,    3.1500,    3.1370,    2.8887,    3.1386,    2.4726,    2.4346,    2.5381,    2.3863,    1.9448,    1.9645,    1.5237,    1.3827,    1.2946,    3.2238,    2.9153,    2.5886,    2.4424,    2.2245,    2.1162,    2.0010,    2.0715,    2.1389,    2.1357,    2.0520,    1.8694,    2.7998,    2.4314,    2.7334,    2.6984,    2.5279,    1.8381,    1.6529,    1.5264,    1.3994,    1.3541,    1.3633,    1.2534,    3.0585,    2.4119,    1.7120,    1.2195,    0.8981,    0.6693,    0.5072,    0.6079,    0.4980,    0.5641,    0.6213,    0.4092,    0.0764,    0.0386,    0.0673,    0.0738,    0.0794,    0.0743,    0.0807,    0.0938,    0.0823,    0.1132,    0.1001,    0.1119,    0.1239,    0.1009,    0.1474,    0.1644,    0.1359,    0.1626,    0.1882,    0.1992,    0.2009,    0.1302,    0.2122,    0.2244,    0.2746,    0.2934,    0.3036,    0.3229,    0.3331,    0.3517,    0.3640,    0.4147,    0.4484,    0.4246,    0.4327,    0.4405,    0.7545,    0.8243,    0.8644,    0.8983,    0.9229,    0.9962,    0.9314,    1.0079,    0.9813,    1.0253,    0.9731,    1.0446,    2.2472,    2.2226,    2.2643,    2.3282,    2.3532,    2.2587,    2.3378,    2.3974,    2.4461,    2.2747,    2.2417,    2.3279,    5.8847,    5.6914,    5.6273,    5.4571,    5.0409,    4.7279,    4.1505,    3.8185,    3.6704,    3.2172,    2.4716,    2.2957,    1.7701,    1.7270,    1.3171,    1.2575,    0.8481,    0.6157,    0.4976,    0.1998,    0.1762,    0.1252,    0.0434,    0.0353,    0.0000,    0.0000,    0.0000,   -0.0000,   -0.0000,   -0.0000,    0.0000,    0.0433,    0.4414,    0.3839,    0.0738,    0.3128,    1.0047,    1.7235,    1.9283,    2.0106,    2.6784,    4.1066,    5.2556,    5.6060,    5.6834,    5.5352,    5.1258,    4.7144,    1.5955,    1.6510,    1.7085,    1.7731,    1.8277,    1.8329,    1.7848,    1.7725,    1.7334,    1.5329,    1.4671,    1.0956,    0.6665,    0.5990,    0.5924,    0.5258,    0.5595,    0.8159,    0.5370,    0.5188,    0.5042,    0.5388,    0.6354,    0.7998,    1.0952,    1.2319,    1.0536,    1.2805,    1.2649,    1.3025,    1.2054,    1.1617,    1.1826,    0.9087,    0.8319,    0.7792,    1.8502,    1.6387,    1.4139,    1.2529,    1.1193,    0.9813,    0.9150,    0.9429,    0.9893,    1.0080,    0.9229,    0.8094,    1.1537,    0.9429,    1.1911,    1.1604,    1.0928,    0.6466,    0.5353,    0.4967,    0.4405,    0.4574,    0.4724,    0.4296,    1.1082,    1.0129,    0.9587,    0.6881,    0.4222,    0.2703,    0.2131,    0.2549,    0.1958,    0.2093,    0.2297,    0.1836,    0.0127,    0.0000,    0.0484,    0.0891,    0.0972,    0.0886,    0.0998,    0.1161,    0.1034,    0.1425,    0.1260,    0.1414,    0.1546,    0.1256,    0.1803,    0.1959,    0.1496,    0.0771,    0.0070,    0.0177,    0.1138,    0.1581,    0.2665,    0.2791,    0.3471,    0.3716,    0.3847,    0.4087,    0.4173,    0.4234,    0.3752,    0.3403,    0.3001,    0.3652,    0.5199,    0.5328,    0.9526,    1.0398,    1.0901,    1.0984,    1.0700,    1.1940,    1.1519,    1.2327,    1.1330,    1.2929,    1.2217,    1.2983,    2.8161,    2.7381,    2.8558,    2.9221,    2.9399,    2.8353,    2.9354,    3.0103,    3.0714,    2.8544,    2.8147,    2.9229,    7.3883,    7.0349,    6.9557,    6.7452,    6.2307,    5.8437,    5.1301,    4.7196,    4.5365,    3.9762,    3.0546,    2.8372,    2.1875,    1.9907,    1.5179,    1.4489,    0.9769,    0.7090,    0.5729,    0.2300,    0.2027,    0.1439,    0.0499,    0.0406
15001,    0.2000,  244.7002,    0.2956,  199.5317,  104.4322,  -84.8462,    0.1570,  158.4330,  305.9873,  306.7160,  307.9998,  310.2118,  313.8997,  319.5906,  328.8271,  318.3822,  375.5396,  267.7283,  362.2074,  258.7888,  242.5094,  350.8320,  221.3604,  213.1463,  292.7672,  186.0452,  270.5144,  156.9977,  156.4721,  160.5682,  161.8003,  162.2878,    0.0763,    0.2908,    0.6188,    1.0304,    1.4995,    2.0036,    2.5227,    2.9845,    3.4722,    3.9226,    4.3657,    4.4661,    3.7887,    3.9556,    3.7758,    2.9717,    2.2637,    2.4835,    3.3259,    3.7471,    3.7466,    3.2940,    2.7289,    2.6611,    1.0338,    1.2364,    1.3543,    1.6300,    1.8792,    1.9599,    2.5454,    2.3369,    2.5466,    3.0132,    2.9406,    3.4328,    2.7680,    2.8582,    3.0198,    2.9556,    2.9868,    3.0897,    3.0135,    2.9706,    2.9149,    2.8977,    2.7674,    2.6790,    2.5718,    2.3069,    2.6473,    1.8964,    1.8511,    1.9564,    1.8612,    1.4564,    1.4878,    1.1609,    1.0574,    0.9981,    2.5428,    2.3199,    2.1019,    1.9947,    1.8281,    1.7323,    1.6418,    1.6960,    1.7433,    1.7219,    1.6352,    1.5015,    2.2510,    1.9918,    2.1729,    2.0990,    1.9627,    1.5087,    1.3664,    1.2584,    1.1515,    1.0986,    1.0905,    0.9987,    2.4470,    1.8789,    1.3293,    0.9392,    0.6940,    0.5181,    0.3873,    0.4352,    0.3488,    0.3775,    0.4152,    0.2736,    0.0749,    0.0388,    0.0649,    0.0704,    0.0753,    0.0705,    0.0766,    0.0897,    0.0786,    0.1081,    0.0957,    0.1075,    0.1189,    0.0969,    0.1414,    0.1576,    0.1293,    0.1553,    0.1857,    0.1957,    0.1940,    0.1244,    0.2043,    0.2161,    0.2646,    0.2826,    0.2925,    0.3111,    0.3212,    0.3389,    0.3493,    0.3996,    0.4337,    0.4096,    0.4164,    0.4246,    0.7294,    0.7968,    0.8358,    0.8680,    0.8916,    0.9628,    0.9003,    0.9773,    0.9525,    0.9952,    0.9445,    1.0139,    2.1812,    2.1567,    2.1979,    2.2682,    2.2925,    2.2005,    2.2775,    2.3356,    2.3831,    2.2161,    2.1839,    2.2679,    5.7330,    5.5713,    5.5086,    5.3420,    4.9347,    4.6283,    4.0632,    3.7383,    3.5934,    3.1498,    2.4198,    2.2477,    1.7332,    1.7220,    1.3134,    1.2541,    0.8459,    0.6142,    0.4965,    0.1994,    0.1759,    0.1250,    0.0434,    0.0353,    0.0000,    0.0000,    0.0000,   -0.0000,   -0.0000,    0.0000,   -0.0000,    0.0558,    0.4960,    0.4350,    0.0946,    0.3942,    1.1480,    1.8614,    2.0965,    2.2650,    2.9334,    4.1072,    4.7863,    4.9059,    4.9441,    4.9432,    4.7669,    4.4577,    1.4997,    1.5060,    1.5273,    1.5451,    1.5586,    1.5474,    1.5140,    1.4827,    1.4520,    1.3206,    1.2563,    0.9204,    0.4803,    0.4065,    0.4505,    0.4010,    0.4437,    0.7141,    0.4246,    0.3990,    0.3577,    0.3581,    0.4905,    0.7221,    0.9737,    1.0302,    0.9006,    0.9967,    0.9880,    1.0234,    0.9595,    0.8936,    0.8975,    0.7280,    0.6762,    0.6461,    1.6168,    1.4888,    1.3494,    1.2155,    1.1246,    0.9911,    0.9381,    0.9288,    0.9352,    0.9257,    0.8298,    0.7587,    1.0822,    0.9464,    1.0411,    0.9564,    0.8930,    0.6475,    0.5541,    0.5116,    0.4547,    0.4450,    0.4314,    0.3918,    1.0312,    0.8965,    0.8569,    0.6190,    0.3850,    0.2467,    0.1874,    0.1769,    0.1295,    0.1188,    0.1219,    0.1085,    0.0149,    0.0000,    0.0469,    0.0850,    0.0912,    0.0832,    0.0937,    0.1102,    0.0981,    0.1353,    0.1195,    0.1351,    0.1479,    0.1202,    0.1728,    0.1882,    0.1455,    0.0835,    0.0091,    0.0212,    0.1164,    0.1510,    0.2560,    0.2683,    0.3331,    0.3565,    0.3690,    0.3921,    0.4005,    0.4077,    0.3687,    0.3356,    0.2965,    0.3573,    0.5023,    0.5126,    0.9171,    1.0014,    1.0493,    1.0600,    1.0361,    1.1533,    1.1107,    1.1939,    1.0975,    1.2478,    1.1794,    1.2540,    2.7186,    2.6469,    2.7561,    2.8256,    2.8433,    2.7418,    2.8385,    2.9109,    2.9700,    2.7602,    2.7219,    2.8265,    7.1445,    6.7983,    6.7218,    6.5184,    6.0213,    5.6474,    4.9578,    4.5612,    4.3843,    3.8430,    2.9523,    2.7422,    2.1144,    1.9156,    1.4608,    1.3944,    0.9402,    0.6824,    0.5514,    0.2214,    0.1951,    0.1386,    0.0480,    0.0391
   11,    0.3000,       NaN,    0.3255,       NaN,   99.9865,       NaN,       NaN,  158.4330,       NaN,       NaN,       NaN,       NaN,       NaN,       NaN,       NaN,       NaN,       NaN,       NaN,       NaN,       NaN,       NaN,       NaN,       NaN,       NaN,       NaN,       NaN,       NaN,       NaN,       NaN,       NaN,       NaN,       NaN,       NaN,    0.2686,    0.5683,    0.9408,    1.3608,    1.8067,    2.2599,    2.6312,    3.2186,    3.5521,    3.7607,    3.7080,    3.3078,    3.8272,    3.5460,    2.2176,    1.4739,    2.7634,    4.2817,    4.8187,    4.8304,    4.3063,    3.4929,    3.1005,    1.1902,    1.4636,    1.6041,    1.9366,    2.2272,    2.3287,    2.9168,    2.7378,    2.9338,    3.3398,    3.3140,    3.7439,    3.0010,    3.0729,    3.1962,    3.1717,    3.1936,    3.2985,    3.2081,    3.1824,    3.1726,    3.1377,    3.0321,    2.9698,    2.9336,    2.6877,    2.9498,    2.2671,    2.2286,    2.3375,    2.1601,    1.6905,    1.7051,    1.2284,    1.0725,    0.9814,    2.4658,    2.1678,    1.9296,    1.6665,    1.4674,    1.2228,    1.1322,    1.3111,    1.4936,    1.5228,    1.3557,    1.1877,    1.7183,    1.3899,    1.9120,    1.8201,    1.7014,    1.0711,    0.9362,    0.8627,    0.7627,    0.7701,    0.8479,    0.7793,    1.9266,    1.5908,    1.3942,    0.9340,    0.5996,    0.4122,    0.3263,    0.4553,    0.3903,    0.4663,    0.5453,    0.3443,    0.0718,    0.0375,    0.0618,    0.0653,    0.0687,    0.0644,    0.0698,    0.0827,    0.0724,    0.0996,    0.0881,    0.0998,    0.1106,    0.0901,    0.1318,    0.1472,    0.1216,    0.1504,    0.1811,    0.1901,    0.1862,    0.1155,    0.1909,    0.2021,    0.2471,    0.2638,    0.2731,    0.2904,    0.3008,    0.3185,    0.3325,    0.3819,    0.4152,    0.3897,    0.3917,    0.3986,    0.6855,    0.7491,    0.7855,    0.8179,    0.8429,    0.9081,    0.8475,    0.9273,    0.9047,    0.9416,    0.8939,    0.9602,    2.0645,    2.0441,    2.0795,    2.1604,    2.1841,    2.0959,    2.1692,    2.2246,    2.2698,    2.1108,    2.0801,    2.1601,    5.4606,    5.3558,    5.2957,    5.1356,    4.7442,    4.4497,    3.9066,    3.5943,    3.4552,    3.0288,    2.3271,    2.1617,    1.6671,    1.7134,    1.3070,    1.2482,    0.8421,    0.6116,    0.4946,    0.1987,    0.1753,    0.1246,    0.0433,    0.0352,       NaN,   -0.0000,    0.0000,    0.0000,    0.0000,   -0.0000,    0.0000,    0.0738,    0.7983,    0.6958,    0.1222,    0.4910,    1.5627,    2.5788,    2.7322,    2.4410,    2.8620,    4.3084,    4.8148,    4.7419,    4.7233,    4.7994,    4.7270,    4.4563,    1.5438,    1.6074,    1.6360,    1.6907,    1.7235,    1.7055,    1.6257,    1.6046,    1.5675,    1.3559,    1.3081,    0.8986,    0.4540,    0.3690,    0.3870,    0.3551,    0.3843,    0.5657,    0.3648,    0.3454,    0.3122,    0.3182,    0.4617,    0.7116,    1.0256,    1.1528,    0.9496,    1.1969,    1.1868,    1.2249,    1.1498,    1.1102,    1.1205,    0.8785,    0.8039,    0.7571,    1.9186,    1.7280,    1.5948,    1.3535,    1.2263,    0.9820,    0.9150,    0.9998,    1.1029,    1.1119,    0.9455,    0.8369,    1.1702,    0.9579,    1.2798,    1.1457,    1.0697,    0.6928,    0.5877,    0.5434,    0.4684,    0.4765,    0.5004,    0.4544,    1.2245,    1.0655,    1.0948,    0.7440,    0.4513,    0.2908,    0.2307,    0.2546,    0.1974,    0.1973,    0.2207,    0.1718,    0.0111,    0.0000,    0.0418,    0.0767,    0.0810,    0.0738,    0.0832,    0.1000,    0.0890,    0.1228,    0.1085,    0.1240,    0.1356,    0.1102,    0.1581,    0.1718,    0.1296,    0.0672,    0.0063,    0.0157,    0.0989,    0.1367,    0.2365,    0.2476,    0.3080,    0.3297,    0.3413,    0.3626,    0.3698,    0.3753,    0.3331,    0.3020,    0.2665,    0.3239,    0.4610,    0.4723,    0.8526,    0.9307,    0.9757,    0.9832,    0.9581,    1.0689,    1.0312,    1.1121,    1.0221,    1.1662,    1.1019,    1.1711,    2.5400,    2.4699,    2.5758,    2.6497,    2.6659,    2.5711,    2.6618,    2.7297,    2.7852,    2.5884,    2.5525,    2.6506,    6.6999,    6.3632,    6.2916,    6.1014,    5.6362,    5.2863,    4.6409,    4.2698,    4.1044,    3.5978,    2.7641,    2.5676,    1.9799,    1.7753,    1.3538,    1.2924,    0.8715,    0.6326,    0.5113,    0.2053,    0.1810,    0.1285,    0.0446,    0.0363
    9,    0.4000,       NaN,    0.3512,       NaN,   96.2171,       NaN,       NaN,  158.4330,       NaN,       NaN,       NaN,       NaN,       NaN,       NaN,       NaN,       NaN,       NaN,       NaN,       NaN,       NaN,       NaN,       NaN,       NaN,       NaN,       NaN,       NaN,       NaN,       NaN,       NaN,       NaN,       NaN,       NaN,       NaN,    0.2697,    0.5707,    0.9452,    1.3676,    1.8163,    2.2727,    2.6233,    3.5260,    3.8126,    3.7485,    3.5962,    3.5703,    4.5337,    4.1362,    2.1220,    1.2228,    3.2176,    4.0904,    4.1503,    4.0824,    3.9157,    3.6324,    3.4980,    1.3980,    1.6864,    1.7897,    2.0346,    2.2360,    2.2838,    2.4715,    2.4383,    2.5295,    2.5689,    2.5777,    2.5281,    1.9183,    1.9152,    1.9163,    1.8563,    1.8870,    1.9980,    1.8707,    1.8464,    1.8512,    1.8750,    1.9384,    2.0244,    2.2430,    2.3152,    2.2147,    2.3773,    2.3609,    2.3732,    2.2932,    2.2043,    2.2740,    1.8294,    1.7383,    1.6054,    3.8663,    3.1978,    2.8362,    2.3889,    2.0276,    1.5979,    1.4536,    1.8902,    2.3254,    2.4357,    2.1808,    1.7706,    2.5899,    1.8900,    3.3265,    3.2949,    3.2302,    1.5259,    1.2206,    1.1436,    0.9935,    1.0592,    1.2186,    1.1259,    3.0131,    2.6303,    2.7013,    1.8281,    1.1719,    0.8142,    0.7029,    0.9909,    0.8551,    1.0164,    1.3082,    1.0589,    0.0770,    0.0410,    0.0601,    0.0612,    0.0635,    0.0596,    0.0645,    0.0769,    0.0674,    0.0926,    0.0819,    0.0934,    0.1037,    0.0845,    0.1239,    0.1389,    0.1171,    0.1553,    0.1822,    0.1942,    0.1853,    0.1088,    0.1798,    0.1904,    0.2322,    0.2479,    0.2566,    0.2729,    0.2835,    0.3015,    0.3220,    0.3717,    0.4063,    0.3779,    0.3724,    0.3767,    0.6480,    0.7084,    0.7423,    0.7753,    0.8027,    0.8622,    0.8024,    0.8851,    0.8656,    0.8952,    0.8502,    0.9138,    1.9637,    1.9468,    1.9770,    2.0665,    2.0896,    2.0048,    2.0749,    2.1279,    2.1711,    2.0190,    1.9897,    2.0662,    5.2233,    5.1688,    5.1108,    4.9565,    4.5788,    4.2947,    3.7706,    3.4693,    3.3352,    2.9238,    2.2465,    2.0870,    1.6096,    1.7063,    1.3018,    1.2435,    0.8391,    0.6095,    0.4930,    0.1981,    0.1749,    0.1244,    0.0432,    0.0352,       NaN,   -0.0000,    0.0000,    0.0000,    0.0000,    0.0000,    0.0000,    0.0981,    1.3374,    1.1645,    0.1624,    0.6349,    2.4061,    4.2385,    4.3233,    3.0391,    3.1617,    6.2298,    7.5730,    7.6590,    7.7123,    7.8024,    7.6190,    7.6131,    2.8762,    3.3032,    3.5535,    3.8488,    4.0985,    4.1162,    3.9762,    4.0193,    4.0036,    3.2534,    3.3429,    1.9709,    0.7760,    0.4430,    0.3780,    0.3433,    0.3742,    0.5637,    0.3550,    0.3350,    0.3039,    0.3974,    0.9649,    1.7937,    2.9811,    3.5123,    2.6033,    3.8589,    3.8212,    3.9731,    3.7044,    3.7923,    4.1060,    3.1299,    2.9818,    2.7516,    6.0868,    4.8215,    3.9004,    3.3470,    2.6772,    2.1730,    1.9393,    2.5009,    3.0875,    3.3226,    3.0500,    2.3472,    3.4151,    2.3083,    4.5630,    4.7677,    4.8101,    1.6963,    1.1852,    1.1206,    0.9535,    1.1249,    1.3307,    1.2102,    3.3687,    3.2731,    3.6216,    2.4854,    1.4949,    0.9836,    0.8763,    1.5649,    1.2884,    1.7046,    2.3809,    2.1908,    0.0056,    0.0000,    0.0364,    0.0694,    0.0726,    0.0661,    0.0747,    0.0914,    0.0814,    0.1123,    0.0993,    0.1145,    0.1249,    0.1016,    0.1450,    0.1566,    0.1109,    0.0421,    0.0028,    0.0078,    0.0827,    0.1235,    0.2190,    0.2292,    0.2862,    0.3067,    0.3175,    0.3373,    0.3432,    0.3456,    0.2930,    0.2621,    0.2306,    0.2863,    0.4211,    0.4366,    0.7961,    0.8682,    0.9115,    0.9142,    0.8847,    0.9919,    0.9607,    1.0363,    0.9524,    1.0943,    1.0336,    1.0975,    2.3822,    2.3113,    2.4171,    2.4932,    2.5079,    2.4191,    2.5046,    2.5685,    2.6207,    2.4355,    2.4017,    2.4940,    6.3043,    5.9721,    5.9050,    5.7266,    5.2900,    4.9617,    4.3561,    4.0079,    3.8527,    3.3773,    2.5948,    2.4105,    1.8589,    1.6468,    1.2559,    1.1990,    0.8086,    0.5870,    0.4745,    0.1905,    0.1680,    0.1193,    0.0414,    0.0337
    2,    0.5000,       NaN,    0.3754,       NaN,   92.6917,       NaN,       NaN,  158.4330,       NaN,       NaN,       NaN,       NaN,       NaN,       NaN,       NaN,       NaN,       NaN,       NaN,       NaN,       NaN,       NaN,       NaN,       NaN,       NaN,       NaN,       NaN,       NaN,       NaN,       NaN,       NaN,       NaN,       NaN,       NaN,    0.2675,    0.5658,    0.9364,    1.3541,    1.7971,    2.2470,    2.5687,    2.8120,    3.1769,    3.6569,    3.4138,    2.5402,    2.4703,    2.2246,    1.5370,    1.0129,    1.1090,    1.1446,    1.0960,    1.0226,    0.9325,    0.8423,    0.8024,    0.3112,    0.3478,    0.3446,    0.3776,    0.3982,    0.3958,    0.4110,    0.4062,    0.4088,    0.4026,    0.4117,    0.4080,    0.3084,    0.2879,    0.2612,    0.2576,    0.2437,    0.2150,    0.2381,    0.2379,    0.2476,    0.2622,    0.2809,    0.2977,    0.3222,    0.3201,    0.2978,    0.3145,    0.3111,    0.3061,    0.3039,    0.2981,    0.2917,    0.2971,    0.2915,    0.2868,    0.8186,    0.7828,    0.7773,    0.7520,    0.7173,    0.6986,    0.6659,    0.6624,    0.6506,    0.6174,    0.5954,    0.5647,    0.8617,    0.7912,    0.7435,    0.6916,    0.6313,    0.5891,    0.5492,    0.4983,    0.4565,    0.4126,    0.3751,    0.3377,    0.8110,    0.5395,    0.3169,    0.2203,    0.1792,    0.1400,    0.0974,    0.0713,    0.0485,    0.0342,    0.0238,    0.0172,    0.0757,    0.0466,    0.0566,    0.0567,    0.0592,    0.0554,    0.0601,    0.0720,    0.0631,    0.0868,    0.0768,    0.0879,    0.0972,    0.0793,    0.1155,    0.1288,    0.1036,    0.1354,    0.1811,    0.1909,    0.1735,    0.1008,    0.1691,    0.1788,    0.2192,    0.2342,    0.2424,    0.2578,    0.2679,    0.2824,    0.2915,    0.3417,    0.3802,    0.3522,    0.3470,    0.3542,    0.6146,    0.6711,    0.7045,    0.7312,    0.7539,    0.8126,    0.7587,    0.8381,    0.8249,    0.8546,    0.8111,    0.8709,    1.8734,    1.8517,    1.8875,    1.9840,    2.0056,    1.9248,    1.9922,    2.0430,    2.0846,    1.9386,    1.9104,    1.9839,    5.0151,    5.0056,    4.9495,    4.8001,    4.4344,    4.1594,    3.6519,    3.3602,    3.2304,    2.8321,    2.1761,    2.0218,    1.5594,    1.7004,    1.2975,    1.2396,    0.8366,    0.6079,    0.4918,    0.1977,    0.1745,    0.1242,    0.0431,    0.0352,       NaN,    0.0000,    0.0000,    0.0000,    0.0000,    0.0000,    0.0000,    0.1200,    0.8395,    0.7486,    0.1980,    0.7532,    1.7610,    2.5100,    2.7406,    2.8457,    3.2793,    4.0011,    4.2301,    4.2626,    4.2448,    4.1841,    4.0700,    3.8854,    1.3167,    1.2991,    1.2904,    1.2791,    1.2682,    1.2661,    1.2776,    1.2646,    1.2522,    1.2640,    1.2498,    1.2670,    0.9709,    0.9645,    0.9572,    0.9473,    0.9379,    0.9287,    0.9178,    0.9075,    0.8967,    0.8846,    0.8698,    0.8510,    0.8619,    0.8215,    0.8333,    0.7522,    0.7446,    0.7332,    0.6939,    0.6308,    0.6026,    0.5538,    0.5323,    0.5200,    1.3850,    1.3235,    1.2487,    1.1455,    1.0910,    0.9879,    0.9415,    0.8885,    0.8448,    0.8061,    0.7384,    0.6990,    1.0043,    0.9125,    0.8408,    0.7470,    0.6772,    0.5960,    0.5272,    0.4784,    0.4271,    0.3877,    0.3521,    0.3186,    0.7975,    0.6232,    0.5145,    0.3691,    0.2363,    0.1512,    0.1052,    0.0693,    0.0484,    0.0325,    0.0218,    0.0137,    0.0138,    0.0000,    0.0363,    0.0653,    0.0660,    0.0603,    0.0678,    0.0844,    0.0751,    0.1035,    0.0914,    0.1065,    0.1169,    0.0949,    0.1370,    0.1495,    0.1158,    0.0741,    0.0088,    0.0196,    0.0972,    0.1170,    0.2063,    0.2165,    0.2681,    0.2867,    0.2968,    0.3154,    0.3215,    0.3290,    0.3059,    0.2771,    0.2438,    0.2918,    0.4072,    0.4131,    0.7485,    0.8177,    0.8561,    0.8685,    0.8525,    0.9458,    0.9087,    0.9911,    0.9105,    1.0306,    0.9745,    1.0371,    2.2463,    2.1918,    2.2762,    2.3529,    2.3682,    2.2832,    2.3636,    2.4239,    2.4731,    2.2984,    2.2665,    2.3537,    5.9495,    5.6184,    5.5554,    5.3876,    4.9770,    4.6681,    4.0985,    3.7709,    3.6251,    3.1779,    2.4417,    2.2683,    1.7494,    1.5288,    1.1660,    1.1133,    0.7509,    0.5452,    0.4407,    0.1770,    0.1561,    0.1109,    0.0385,    0.0313
    6,    0.7500,       NaN,    0.4198,       NaN,   86.0791,       NaN,       NaN,  158.4330,       NaN,       NaN,       NaN,       NaN,       NaN,       NaN,       NaN,       NaN,       NaN,       NaN,       NaN,       NaN,       NaN,       NaN,       NaN,       NaN,       NaN,       NaN,       NaN,       NaN,       NaN,       NaN,       NaN,       NaN,       NaN,    0.2691,    0.5695,    0.9430,    1.3642,    1.8115,    2.2663,    2.5355,    3.7637,    4.0051,    3.6042,    3.1671,    3.5706,    4.6097,    4.1547,    1.7843,    0.7512,    2.5910,    2.4070,    2.2088,    2.1108,    2.1256,    2.2318,    2.4294,    0.9838,    1.1253,    1.1441,    1.2570,    1.3452,    1.3445,    1.3872,    1.3935,    1.4460,    1.3575,    1.4592,    1.3167,    0.9343,    0.8210,    0.6979,    0.6608,    0.6480,    0.6173,    0.6322,    0.6423,    0.7075,    0.8129,    0.9799,    1.1407,    1.3482,    1.4275,    1.2375,    1.5372,    1.5410,    1.5265,    1.5390,    1.5596,    1.5959,    1.3732,    1.3266,    1.2358,    3.2688,    2.8410,    2.8043,    2.2958,    2.0501,    1.3727,    1.2621,    1.8209,    2.3400,    2.4024,    1.9747,    1.6572,    2.3627,    1.7860,    3.2772,    2.9371,    2.8863,    1.6472,    1.3887,    1.3158,    1.1164,    1.1605,    1.3350,    1.2446,    3.6227,    3.1046,    3.4698,    2.4050,    1.5949,    1.1288,    0.9689,    1.0805,    0.9136,    0.9462,    1.2040,    1.0040,    0.0757,    0.0445,    0.0535,    0.0505,    0.0517,    0.0487,    0.0525,    0.0631,    0.0551,    0.0758,    0.0671,    0.0774,    0.0860,    0.0701,    0.1029,    0.1157,    0.0978,    0.1404,    0.1751,    0.1866,    0.1693,    0.0903,    0.1504,    0.1594,    0.1942,    0.2072,    0.2145,    0.2282,    0.2390,    0.2550,    0.2766,    0.3245,    0.3605,    0.3297,    0.3156,    0.3186,    0.5500,    0.6012,    0.6301,    0.6596,    0.6869,    0.7353,    0.6823,    0.7659,    0.7543,    0.7731,    0.7344,    0.7901,    1.6966,    1.6841,    1.7073,    1.8171,    1.8380,    1.7629,    1.8246,    1.8711,    1.9092,    1.7755,    1.7497,    1.8170,    4.5933,    4.6785,    4.6262,    4.4867,    4.1450,    3.8882,    3.4140,    3.1415,    3.0204,    2.6482,    2.0351,    1.8910,    1.4588,    1.6900,    1.2899,    1.2327,    0.8323,    0.6050,    0.4897,    0.1970,    0.1740,    0.1239,    0.0431,    0.0351,       NaN,    0.0000,   -0.0000,   -0.0000,    0.0000,    0.0000,   -0.0000,    0.1777,    2.3395,    2.0783,    0.2928,    1.0485,    3.9078,    6.5062,    6.5137,    4.0572,    3.6210,    7.8008,    9.4009,    9.8222,    9.9378,    9.7557,    9.2990,    9.2586,    3.5131,    4.0109,    4.2909,    4.6915,    5.0374,    5.0934,    5.2242,    5.2501,    5.3224,    4.6324,    5.0536,    4.0794,    2.4204,    1.8138,    1.0914,    1.0232,    0.9197,    0.7486,    0.8961,    0.9860,    1.2317,    1.7234,    2.5991,    3.3850,    4.3948,    4.7379,    3.7714,    4.8230,    4.8032,    4.9547,    4.5917,    4.5078,    4.7916,    3.7244,    3.5265,    3.2750,    7.7293,    6.3945,    5.6652,    4.6939,    3.9683,    2.8501,    2.5853,    3.5338,    4.4862,    4.7332,    4.0487,    3.2437,    4.6119,    3.2814,    6.3710,    6.1214,    6.1304,    2.7075,    2.0969,    1.9959,    1.6747,    1.8412,    2.2271,    2.0838,    6.0231,    5.6618,    6.8457,    4.7670,    2.9289,    1.9551,    1.7114,    2.3481,    2.0402,    2.4316,    3.2256,    2.7226,    0.0039,    0.0000,    0.0273,    0.0530,    0.0527,    0.0480,    0.0542,    0.0701,    0.0624,    0.0861,    0.0761,    0.0903,    0.0984,    0.0800,    0.1141,    0.1230,    0.0844,    0.0302,    0.0017,    0.0052,    0.0630,    0.0947,    0.1757,    0.1839,    0.2298,    0.2463,    0.2550,    0.2708,    0.2743,    0.2760,    0.2319,    0.2061,    0.1801,    0.2256,    0.3357,    0.3488,    0.6469,    0.7053,    0.7407,    0.7423,    0.7173,    0.8050,    0.7804,    0.8496,    0.7801,    0.8978,    0.8480,    0.9004,    1.9544,    1.8958,    1.9832,    2.0572,    2.0692,    1.9961,    2.0666,    2.1193,    2.1624,    2.0096,    1.9818,    2.0580,    5.2021,    4.8648,    4.8103,    4.6651,    4.3097,    4.0424,    3.5492,    3.2658,    3.1397,    2.7525,    2.1151,    1.9651,    1.5157,    1.2739,    0.9717,    0.9279,    0.6260,    0.4545,    0.3675,    0.1476,    0.1302,    0.0925,    0.0321,    0.0261
15001,    1.0000,  294.9004,    0.4542,  233.8252,   80.8863, -131.8480,    0.2485,  158.4330,  356.1974,  346.0826,  337.2851,  372.8496,  277.5242,  358.8373,  188.6934,  197.7998,  209.4392,  223.6142,  238.1669,  246.9108,  258.2105,  351.5046,  283.2453,  357.1128,  386.3960,  400.0000,  171.5731,  162.2560,  196.1455,  157.9842,  155.8016,  177.8547,    0.0932,    0.3595,    0.7748,    1.3080,    1.9310,    2.6185,    3.3480,    3.7491,    4.5907,    5.1771,    5.7063,    4.8670,    4.3334,    5.0334,    4.5901,    2.3110,    1.0970,    2.7414,    2.8152,    2.7687,    2.6892,    2.5785,    2.5200,    2.6455,    1.0711,    1.2356,    1.2819,    1.4380,    1.5823,    1.5650,    1.8299,    1.6776,    1.8124,    2.0146,    1.9140,    2.0327,    1.5752,    1.6473,    1.8301,    1.6250,    1.7640,    2.6200,    1.6763,    1.5607,    1.6813,    1.6493,    1.6063,    1.6928,    1.7690,    1.7546,    1.8412,    1.7275,    1.6837,    1.7554,    1.7302,    1.5833,    1.6683,    1.4328,    1.3772,    1.3124,    3.6508,    3.3370,    3.3877,    2.9823,    2.7955,    2.1881,    2.0940,    2.6073,    3.0515,    3.0622,    2.6521,    2.4193,    3.6055,    3.1633,    4.2790,    3.8443,    3.7304,    2.9717,    2.7741,    2.6363,    2.4026,    2.3424,    2.4300,    2.2866,    6.3512,    5.0959,    4.6814,    3.4394,    2.6349,    2.0911,    1.7203,    1.6040,    1.3231,    1.1882,    1.2984,    1.0380,    0.0564,    0.0337,    0.0482,    0.0456,    0.0469,    0.0442,    0.0475,    0.0568,    0.0496,    0.0681,    0.0603,    0.0698,    0.0776,    0.0633,    0.0930,    0.1046,    0.0879,    0.1164,    0.1547,    0.1581,    0.1460,    0.0813,    0.1361,    0.1443,    0.1756,    0.1874,    0.1940,    0.2063,    0.2176,    0.2328,    0.2507,    0.2936,    0.3232,    0.2964,    0.2863,    0.2907,    0.5013,    0.5481,    0.5744,    0.6025,    0.6270,    0.6713,    0.6228,    0.7058,    0.6921,    0.7116,    0.6762,    0.7280,    1.5623,    1.5525,    1.5716,    1.6909,    1.7106,    1.6404,    1.6978,    1.7411,    1.7765,    1.6522,    1.6281,    1.6907,    4.2742,    4.4364,    4.3869,    4.2547,    3.9309,    3.6874,    3.2379,    2.9796,    2.8650,    2.5121,    1.9307,    1.7941,    1.3843,    1.6835,    1.2853,    1.2286,    0.8298,    0.6034,    0.4886,    0.1966,    0.1738,    0.1238,    0.0431,    0.0352,    0.0000,    0.0000,    0.0000,    0.0000,   -0.0000,   -0.0000,   -0.0000,    0.3503,    2.6365,    2.4888,    0.6181,    2.1478,    4.9427,    6.5246,    6.9806,    6.6742,    7.0556,    8.0462,    6.7116,    6.2530,    6.3917,    7.1484,    8.3038,    9.2946,    3.3527,    3.3499,    3.3676,    3.3032,    3.2551,    3.1678,    2.8863,    2.8620,    2.8652,    2.4819,    2.3504,    1.4787,    0.8036,    0.7627,    0.8679,    0.7152,    0.8024,    1.4147,    0.8002,    0.7385,    0.6977,    0.7149,    0.8157,    1.2092,    1.9772,    2.3916,    1.9722,    2.8427,    2.8010,    2.8872,    2.9655,    3.2361,    3.4374,    3.1087,    3.0839,    2.9834,    7.6728,    7.1052,    6.8219,    6.3340,    5.9724,    5.2127,    5.0127,    5.3936,    5.7496,    5.7515,    5.2074,    4.7726,    7.0607,    6.2980,    7.5916,    7.0055,    6.8413,    5.1650,    4.6203,    4.3872,    3.9861,    3.8945,    3.8399,    3.5895,   10.3127,    9.0909,    9.3139,    7.1541,    5.0638,    3.6674,    3.0024,    2.6910,    2.1312,    1.8852,    2.1036,    1.9487,    0.0040,    0.0000,    0.0238,    0.0451,    0.0434,    0.0394,    0.0446,    0.0596,    0.0531,    0.0733,    0.0648,    0.0781,    0.0852,    0.0693,    0.0989,    0.1069,    0.0734,    0.0293,    0.0022,    0.0058,    0.0547,    0.0811,    0.1539,    0.1611,    0.2011,    0.2154,    0.2230,    0.2368,    0.2391,    0.2410,    0.2060,    0.1838,    0.1616,    0.2002,    0.2941,    0.3042,    0.5691,    0.6208,    0.6515,    0.6539,    0.6333,    0.7096,    0.6870,    0.7521,    0.6906,    0.7930,    0.7491,    0.7955,    1.7265,    1.6758,    1.7517,    1.8198,    1.8305,    1.7658,    1.8282,    1.8748,    1.9129,    1.7778,    1.7532,    1.8206,    4.6020,    4.2524,    4.2049,    4.0780,    3.7674,    3.5339,    3.1029,    2.8552,    2.7451,    2.4067,    1.8494,    1.7184,    1.3256,    1.0656,    0.8129,    0.7764,    0.5238,    0.3804,    0.3076,    0.1236,    0.1091,    0.0775,    0.0269,    0.0219
15001,    1.2500,  317.6002,    0.4803,  245.5227,   77.0356, -151.6018,   -0.0574,  158.4330,  338.7487,  332.2632,  342.6557,  271.8040,  354.2232,  182.0659,  188.6898,  197.7960,  209.4353,  223.6101,  238.1628,  246.9070,  259.0359,  351.7321,  288.5821,  359.8585,  388.3646,  400.0000,  400.0000,  173.9413,  230.2235,  161.9238,  156.7883,  180.7318,    0.1009,    0.3907,    0.8459,    1.4348,    2.1285,    2.9010,    3.7286,    4.1100,    4.9918,    5.6813,    6.3441,    5.1800,    4.5911,    5.1168,    4.6553,    2.3900,    1.0643,    2.5405,    2.5078,    2.4345,    2.3487,    2.2532,    2.2221,    2.3617,    0.9570,    1.0927,    1.1216,    1.2486,    1.3637,    1.3485,    1.5425,    1.4329,    1.5356,    1.6747,    1.6182,    1.6867,    1.3070,    1.3460,    1.4681,    1.3051,    1.4202,    2.0868,    1.3382,    1.2600,    1.3563,    1.3540,    1.3380,    1.4241,    1.5067,    1.5063,    1.5444,    1.5093,    1.4812,    1.5221,    1.5319,    1.4455,    1.4949,    1.3619,    1.3231,    1.2720,    3.6645,    3.4417,    3.5656,    3.2166,    3.0756,    2.4475,    2.3657,    2.9175,    3.3566,    3.3502,    2.9447,    2.7453,    4.1376,    3.7283,    4.8239,    4.3324,    4.2046,    3.6288,    3.4619,    3.3090,    3.0551,    2.9679,    3.0518,    2.8918,    8.0590,    6.4248,    5.5322,    4.2041,    3.4594,    2.8916,    2.3989,    2.1757,    1.7914,    1.5574,    1.5970,    1.2972,    0.0560,    0.0342,    0.0458,    0.0422,    0.0435,    0.0411,    0.0441,    0.0522,    0.0456,    0.0626,    0.0554,    0.0641,    0.0714,    0.0582,    0.0856,    0.0965,    0.0820,    0.1118,    0.1506,    0.1543,    0.1400,    0.0753,    0.1252,    0.1328,    0.1614,    0.1722,    0.1783,    0.1896,    0.2013,    0.2160,    0.2349,    0.2766,    0.3058,    0.2786,    0.2658,    0.2695,    0.4638,    0.5071,    0.5315,    0.5586,    0.5830,    0.6230,    0.5770,    0.6599,    0.6483,    0.6640,    0.6311,    0.6798,    1.4582,    1.4504,    1.4664,    1.5928,    1.6117,    1.5453,    1.5993,    1.6402,    1.6735,    1.5564,    1.5337,    1.5927,    4.0265,    4.2533,    4.2059,    4.0793,    3.7689,    3.5356,    3.1047,    2.8572,    2.7474,    2.4091,    1.8517,    1.7209,    1.3279,    1.6795,    1.2824,    1.2261,    0.8283,    0.6025,    0.4880,    0.1964,    0.1737,    0.1238,    0.0431,    0.0352,   -0.0000,    0.0000,   -0.0000,   -0.0000,    0.0000,    0.0000,   -0.0000,    0.4800,    3.4573,    3.3134,    0.8589,    2.8573,    6.3535,    8.2714,    8.8113,    8.2643,    8.5398,   10.1091,    9.0208,    8.5698,    8.7831,    9.7225,   10.9778,   11.9507,    4.3250,    4.3617,    4.3820,    4.3331,    4.2689,    4.1660,    3.7676,    3.8039,    3.7666,    3.2898,    3.1885,    2.1949,    1.2507,    1.1035,    1.1472,    0.9180,    1.0174,    1.8136,    1.0362,    0.9511,    0.9436,    1.0630,    1.2917,    1.7386,    2.6163,    3.1056,    2.5888,    3.6397,    3.5982,    3.6496,    3.6897,    4.0433,    4.2553,    3.9573,    3.9547,    3.8568,   10.1905,    9.6024,    9.4110,    8.7839,    8.3987,    7.3542,    7.1306,    7.6722,    8.1584,    8.1465,    7.3926,    6.8898,   10.2676,    9.3596,   10.9935,   10.0928,    9.8730,    7.9529,    7.2565,    6.9366,    6.3725,    6.2140,    6.1557,    5.8194,   16.7382,   14.8919,   15.0875,   11.9056,    8.7538,    6.5484,    5.4232,    4.7196,    3.8275,    3.2975,    3.4273,    3.0179,    0.0029,    0.0000,    0.0200,    0.0387,    0.0362,    0.0329,    0.0372,    0.0515,    0.0459,    0.0633,    0.0560,    0.0684,    0.0746,    0.0607,    0.0864,    0.0932,    0.0621,    0.0225,    0.0014,    0.0039,    0.0465,    0.0697,    0.1361,    0.1424,    0.1780,    0.1908,    0.1975,    0.2098,    0.2106,    0.2116,    0.1779,    0.1575,    0.1376,    0.1725,    0.2578,    0.2676,    0.5061,    0.5519,    0.5795,    0.5804,    0.5604,    0.6293,    0.6103,    0.6691,    0.6140,    0.7074,    0.6680,    0.7092,    1.5396,    1.4931,    1.5626,    1.6237,    1.6331,    1.5755,    1.6312,    1.6729,    1.7069,    1.5863,    1.5643,    1.6245,    4.1063,    3.7431,    3.7013,    3.5897,    3.3164,    3.1109,    2.7315,    2.5135,    2.4167,    2.1189,    1.6283,    1.5131,    1.1673,    0.8942,    0.6822,    0.6516,    0.4397,    0.3194,    0.2583,    0.1038,    0.0916,    0.0651,    0.0226,    0.0184
15001,    1.5000,  319.8999,    0.5007,  230.9168,   74.0133, -141.8358,   -0.1678,  158.4330,  331.0842,  326.4897,  266.0218,  348.0065,  177.8687,  181.9877,  188.6093,  197.7125,  209.3483,  223.5200,  238.0718,  246.8221,  259.0217,  351.6916,  288.5702,  359.8524,  388.3602,  400.0000,  400.0000,  173.9413,  230.2235,  161.9238,  156.7883,  180.7318,    0.1016,    0.3938,    0.8530,    1.4476,    2.1484,    2.9296,    3.7671,    4.0695,    4.9538,    5.6401,    6.2734,    4.8990,    4.4712,    4.9101,    4.4585,    2.2802,    0.9211,    2.3456,    2.2760,    2.1922,    2.1042,    2.0157,    1.9919,    2.1222,    0.8587,    0.9761,    0.9956,    1.1044,    1.1996,    1.1873,    1.3392,    1.2527,    1.3379,    1.4389,    1.4082,    1.4506,    1.1260,    1.1471,    1.2244,    1.0973,    1.1877,    1.7237,    1.1251,    1.0670,    1.1447,    1.1611,    1.1563,    1.2360,    1.3194,    1.3215,    1.3343,    1.3312,    1.3096,    1.3368,    1.3569,    1.2885,    1.3225,    1.2247,    1.1930,    1.1480,    3.3851,    3.2156,    3.3571,    3.0496,    2.9353,    2.2824,    2.2101,    2.7746,    3.1931,    3.1761,    2.7694,    2.5974,    3.8921,    3.5298,    4.5877,    4.0520,    3.9282,    3.4974,    3.3516,    3.2071,    2.9509,    2.8643,    2.9551,    2.8038,    7.8713,    6.2673,    5.3187,    4.0863,    3.4172,    2.8706,    2.3874,    2.1319,    1.7559,    1.4928,    1.5155,    1.2383,    0.0549,    0.0344,    0.0437,    0.0395,    0.0411,    0.0388,    0.0417,    0.0488,    0.0425,    0.0584,    0.0517,    0.0598,    0.0666,    0.0543,    0.0799,    0.0901,    0.0771,    0.1070,    0.1463,    0.1500,    0.1346,    0.0707,    0.1165,    0.1237,    0.1503,    0.1603,    0.1659,    0.1765,    0.1886,    0.2027,    0.2215,    0.2619,    0.2905,    0.2634,    0.2494,    0.2529,    0.4342,    0.4747,    0.4975,    0.5235,    0.5474,    0.5843,    0.5405,    0.6229,    0.6129,    0.6262,    0.5952,    0.6414,    1.3755,    1.3690,    1.3829,    1.5152,    1.5333,    1.4700,    1.5214,    1.5603,    1.5920,    1.4806,    1.4590,    1.5152,    3.8304,    4.1126,    4.0668,    3.9445,    3.6444,    3.4189,    3.0023,    2.7630,    2.6570,    2.3300,    1.7909,    1.6645,    1.2845,    1.6770,    1.2807,    1.2247,    0.8275,    0.6020,    0.4878,    0.1964,    0.1737,    0.1239,    0.0431,    0.0353,   -0.0000,   -0.0000,    0.0000,    0.0000,   -0.0000,   -0.0000,    0.0000,    0.5703,    3.8623,    3.7606,    1.0192,    3.2428,    6.8297,    8.4903,    9.0366,    8.6607,    8.8354,    9.9977,    8.6982,    8.2432,    8.4635,    9.4089,   10.7386,   11.8310,    4.2751,    4.2779,    4.2888,    4.2164,    4.1427,    4.0434,    3.6753,    3.7047,    3.6875,    3.2500,    3.1573,    2.2143,    1.2794,    1.1345,    1.1791,    0.9417,    1.0420,    1.8572,    1.0632,    0.9751,    0.9701,    1.0935,    1.3134,    1.7436,    2.5795,    3.0440,    2.5653,    3.5738,    3.5340,    3.5795,    3.6555,    4.0169,    4.2138,    3.9863,    3.9943,    3.9106,   10.4386,    9.9335,    9.8020,    9.2321,    8.8866,    7.8060,    7.5880,    8.1549,    8.6256,    8.5873,    7.8079,    7.3374,   10.9515,   10.0803,   11.6626,   10.6383,   10.3912,    8.6748,    7.9833,    7.6384,    7.0286,    6.8327,    6.7602,    6.4012,   18.4439,   16.3153,   16.2920,   12.9486,    9.6778,    7.3212,    6.0706,    5.1858,    4.2102,    3.5357,    3.5951,    3.1513,    0.0025,    0.0000,    0.0173,    0.0337,    0.0306,    0.0277,    0.0314,    0.0450,    0.0401,    0.0553,    0.0489,    0.0606,    0.0660,    0.0537,    0.0765,    0.0824,    0.0540,    0.0192,    0.0011,    0.0033,    0.0405,    0.0607,    0.1216,    0.1272,    0.1591,    0.1705,    0.1765,    0.1875,    0.1873,    0.1881,    0.1577,    0.1391,    0.1212,    0.1525,    0.2291,    0.2379,    0.4541,    0.4951,    0.5198,    0.5204,    0.5022,    0.5642,    0.5473,    0.6011,    0.5513,    0.6357,    0.6003,    0.6372,    1.3835,    1.3415,    1.4043,    1.4581,    1.4664,    1.4149,    1.4649,    1.5023,    1.5328,    1.4245,    1.4048,    1.4588,    3.6876,    3.3118,    3.2748,    3.1761,    2.9343,    2.7525,    2.4169,    2.2241,    2.1384,    1.8750,    1.4410,    1.3390,    1.0331,    0.7523,    0.5740,    0.5483,    0.3700,    0.2688,    0.2174,    0.0874,    0.0771,    0.0548,    0.0190,    0.0155
15001,    1.7500,  321.5002,    0.5169,  219.6314,   71.6056, -132.7444,    0.1551,  158.4330,  332.0048,  270.5068,  350.6663,  175.3663,  177.8557,  181.9745,  188.5957,  197.6984,  209.3336,  223.5048,  238.0564,  246.8078,  259.0193,  351.6847,  288.5682,  359.8514,  388.3595,  400.0000,  400.0000,  173.9413,  230.2235,  161.9238,  156.7883,  180.7318,    0.1021,    0.3959,    0.8577,    1.4559,    2.1615,    2.9482,    3.7923,    4.0157,    4.9076,    5.5904,    6.1797,    4.6327,    4.3644,    4.7185,    4.2769,    2.1984,    0.8119,    2.1934,    2.1116,    2.0259,    1.9378,    1.8524,    1.8276,    1.9489,    0.7889,    0.8944,    0.9099,    1.0067,    1.0913,    1.0800,    1.2100,    1.1329,    1.2089,    1.2908,    1.2716,    1.3045,    1.0145,    1.0253,    1.0780,    0.9737,    1.0518,    1.4907,    0.9972,    0.9471,    1.0165,    1.0417,    1.0440,    1.1165,    1.1962,    1.1976,    1.2004,    1.2071,    1.1879,    1.2113,    1.2328,    1.1739,    1.2032,    1.1232,    1.0956,    1.0570,    3.1643,    3.0265,    3.1665,    2.9057,    2.8083,    2.1526,    2.0874,    2.6550,    3.0464,    3.0214,    2.6268,    2.4746,    3.6905,    3.3674,    4.3790,    3.8241,    3.7054,    3.3802,    3.2505,    3.1127,    2.8565,    2.7704,    2.8649,    2.7209,    7.6738,    6.0992,    5.0614,    3.9317,    3.3512,    2.8339,    2.3608,    2.0861,    1.7189,    1.4370,    1.4500,    1.1891,    0.0527,    0.0339,    0.0420,    0.0375,    0.0394,    0.0372,    0.0399,    0.0462,    0.0402,    0.0552,    0.0489,    0.0563,    0.0627,    0.0512,    0.0753,    0.0850,    0.0732,    0.1019,    0.1415,    0.1448,    0.1293,    0.0671,    0.1096,    0.1165,    0.1413,    0.1508,    0.1560,    0.1660,    0.1786,    0.1921,    0.2104,    0.2494,    0.2770,    0.2506,    0.2362,    0.2397,    0.4102,    0.4486,    0.4701,    0.4952,    0.5185,    0.5530,    0.5111,    0.5930,    0.5839,    0.5957,    0.5663,    0.6104,    1.3088,    1.3032,    1.3156,    1.4529,    1.4703,    1.4095,    1.4588,    1.4960,    1.5265,    1.4197,    1.3990,    1.4528,    3.6728,    4.0031,    3.9586,    3.8395,    3.5475,    3.3280,    2.9226,    2.6898,    2.5866,    2.2684,    1.7437,    1.6207,    1.2508,    1.6755,    1.2797,    1.2239,    0.8271,    0.6018,    0.4877,    0.1964,    0.1738,    0.1239,    0.0432,    0.0353,   -0.0000,    0.0000,    0.0000,   -0.0000,    0.0000,    0.0000,    0.0000,    0.6566,    4.2028,    4.1533,    1.1713,    3.5775,    7.1823,    8.5784,    9.1298,    8.9466,    9.0456,    9.8499,    8.4217,    7.9854,    8.2129,    9.1433,   10.5018,   11.6737,    4.2111,    4.1869,    4.1922,    4.1018,    4.0223,    3.9281,    3.5905,    3.6140,    3.6152,    3.2120,    3.1291,    2.2306,    1.3037,    1.1596,    1.2029,    0.9596,    1.0602,    1.8867,    1.0829,    0.9929,    0.9902,    1.1174,    1.3307,    1.7461,    2.5448,    2.9865,    2.5404,    3.5102,    3.4719,    3.5129,    3.6189,    3.9837,    4.1683,    3.9967,    4.0126,    3.9404,   10.5822,   10.1431,   10.0435,    9.5432,    9.2304,    8.1465,    7.9337,    8.5127,    8.9558,    8.8968,    8.1184,    7.6762,   11.4747,   10.6374,   12.1578,   11.0516,   10.7828,    9.2413,    8.5591,    8.1949,    7.5512,    7.3250,    7.2414,    6.8651,   19.7933,   17.4248,   17.1428,   13.7109,   10.3975,    7.9420,    6.5922,    5.5633,    4.5210,    3.7266,    3.7284,    3.2570,    0.0021,    0.0000,    0.0151,    0.0295,    0.0260,    0.0236,    0.0267,    0.0395,    0.0352,    0.0487,    0.0430,    0.0541,    0.0589,    0.0479,    0.0682,    0.0734,    0.0473,    0.0166,    0.0009,    0.0028,    0.0355,    0.0533,    0.1095,    0.1145,    0.1433,    0.1536,    0.1590,    0.1688,    0.1677,    0.1683,    0.1407,    0.1237,    0.1076,    0.1357,    0.2050,    0.2129,    0.4100,    0.4470,    0.4694,    0.4696,    0.4528,    0.5090,    0.4940,    0.5430,    0.4978,    0.5746,    0.5425,    0.5758,    1.2503,    1.2121,    1.2692,    1.3158,    1.3233,    1.2768,    1.3219,    1.3557,    1.3832,    1.2855,    1.2677,    1.3165,    3.3278,    2.9414,    2.9086,    2.8209,    2.6062,    2.4448,    2.1467,    1.9755,    1.8995,    1.6655,    1.2800,    1.1895,    0.9177,    0.6342,    0.4839,    0.4622,    0.3119,    0.2266,    0.1833,    0.0737,    0.0650,    0.0463,    0.0161,    0.0131
15001,    2.0000,  322.6001,    0.5300,  215.4188,   69.6731, -130.0479,    0.1506,  158.4330,  333.8965,  343.3669,  271.3985,  353.0964,  177.8687,  181.9877,  188.6093,  197.7125,  209.3483,  223.5200,  238.0718,  246.8221,  259.0217,  351.6916,  288.5702,  359.8524,  388.3602,  400.0000,  400.0000,  173.9413,  230.2235,  161.9238,  156.7883,  180.7318,    0.1025,    0.3974,    0.8611,    1.4620,    2.1710,    2.9619,    3.8107,    3.9568,    4.8631,    5.5432,    6.0775,    4.3879,    4.2748,    4.5633,    4.1303,    2.1373,    0.7267,    2.1046,    2.0872,    2.0446,    1.9633,    1.8439,    1.7717,    1.8656,    0.7539,    0.8575,    0.8777,    0.9757,    1.0659,    1.0493,    1.2175,    1.1117,    1.1993,    1.3350,    1.2678,    1.3476,    1.0604,    1.1096,    1.2353,    1.0908,    1.1975,    1.8191,    1.1303,    1.0572,    1.1371,    1.1306,    1.0872,    1.1454,    1.1909,    1.1782,    1.2409,    1.1681,    1.1411,    1.1790,    1.1962,    1.1089,    1.1465,    1.0653,    1.0369,    1.0031,    3.0103,    2.8854,    3.0126,    2.7871,    2.6985,    2.0525,    1.9925,    2.5579,    2.9228,    2.8969,    2.5207,    2.3828,    3.5414,    3.2400,    4.2125,    3.6542,    3.5426,    3.2818,    3.1649,    3.0323,    2.7779,    2.6919,    2.7892,    2.6513,    7.4914,    5.9409,    4.7999,    3.7664,    3.2763,    2.7934,    2.3297,    2.0470,    1.6906,    1.3972,    1.4095,    1.1535,    0.0508,    0.0335,    0.0406,    0.0359,    0.0382,    0.0361,    0.0387,    0.0441,    0.0384,    0.0527,    0.0467,    0.0536,    0.0597,    0.0487,    0.0717,    0.0810,    0.0701,    0.0978,    0.1374,    0.1402,    0.1247,    0.0643,    0.1040,    0.1105,    0.1341,    0.1430,    0.1480,    0.1575,    0.1705,    0.1835,    0.2015,    0.2391,    0.2659,    0.2400,    0.2256,    0.2290,    0.3907,    0.4272,    0.4478,    0.4720,    0.4948,    0.5273,    0.4871,    0.5686,    0.5602,    0.5708,    0.5427,    0.5851,    1.2543,    1.2494,    1.2606,    1.4022,    1.4191,    1.3604,    1.4079,    1.4439,    1.4732,    1.3702,    1.3502,    1.4021,    3.5447,    3.9171,    3.8736,    3.7571,    3.4714,    3.2567,    2.8600,    2.6323,    2.5313,    2.2200,    1.7065,    1.5862,    1.2243,    1.6747,    1.2792,    1.2235,    0.8269,    0.6018,    0.4878,    0.1965,    0.1739,    0.1240,    0.0432,    0.0353,    0.0000,    0.0000,    0.0000,    0.0000,   -0.0000,   -0.0000,    0.0000,    0.7394,    4.4896,    4.4994,    1.3165,    3.8725,    7.4439,    8.5860,    9.1431,    9.1595,    9.2059,    9.6941,    8.1931,    7.7871,    8.0219,    8.9278,   10.2872,   11.5096,    4.1444,    4.0980,    4.0998,    3.9949,    3.9117,    3.8231,    3.5146,    3.5331,    3.5507,    3.1778,    3.1050,    2.2460,    1.3256,    1.1814,    1.2224,    0.9744,    1.0750,    1.9089,    1.0986,    1.0075,    1.0069,    1.1376,    1.3460,    1.7482,    2.5135,    2.9341,    2.5164,    3.4509,    3.4140,    3.4514,    3.5834,    3.9490,    4.1231,    3.9972,    4.0193,    3.9567,   10.6605,   10.2746,   10.1882,    9.7633,    9.4777,    8.4164,    8.2084,    8.7866,    9.1926,    9.1173,    8.3598,    7.9429,   11.8932,   11.0873,   12.5335,   11.3788,   11.0922,    9.7013,    9.0309,    8.6514,    7.9833,    7.7317,    7.6373,    7.2473,   20.8920,   18.3161,   17.7509,   14.2801,   10.9745,    8.4571,    7.0259,    5.8800,    4.7825,    3.8865,    3.8384,    3.3443,    0.0018,    0.0000,    0.0133,    0.0260,    0.0222,    0.0201,    0.0228,    0.0350,    0.0312,    0.0431,    0.0381,    0.0485,    0.0528,    0.0430,    0.0611,    0.0658,    0.0416,    0.0144,    0.0008,    0.0024,    0.0313,    0.0471,    0.0991,    0.1036,    0.1297,    0.1390,    0.1439,    0.1529,    0.1509,    0.1513,    0.1262,    0.1105,    0.0959,    0.1214,    0.1843,    0.1915,    0.3721,    0.4056,    0.4259,    0.4260,    0.4104,    0.4616,    0.4482,    0.4927,    0.4515,    0.5216,    0.4925,    0.5227,    1.1350,    1.1001,    1.1522,    1.1920,    1.1987,    1.1566,    1.1975,    1.2281,    1.2531,    1.1645,    1.1484,    1.1926,    3.0147,    2.6200,    2.5907,    2.5127,    2.3215,    2.1777,    1.9122,    1.7597,    1.6920,    1.4836,    1.1403,    1.0597,    0.8176,    0.5355,    0.4086,    0.3903,    0.2634,    0.1914,    0.1548,    0.0622,    0.0549,    0.0391,    0.0136,    0.0111
