Particle       ,data/QEXT_96IR_84_VIS_graph_mix
Ncase          ,  14
dt (sols)      ,  0.020833
Qext 0.67um    ,  1.331000
Alb sfc        ,  0.220000
Conrath nu     ,  0.002000
Sun Flux (W/m2),148.393084
BWN IR (cm-1)  ,     10.0000,     34.1670,     58.3330,     82.5000,    106.6670,    130.8330,    155.0000,    179.1670,    203.3330,    227.5000,    251.6670,    275.8330,    300.0000,    320.7880,    341.5750,    362.3630,    383.1500,    403.9380,    424.7250,    445.5130,    466.3010,    487.0880,    507.8760,    528.6630,    549.4510,    556.7420,    564.0330,    571.3240,    578.6150,    585.9060,    593.1970,    600.4880,    607.7790,    615.0700,    622.3610,    629.6520,    636.9430,    642.5500,    648.1570,    653.7640,    659.3700,    664.9770,    670.5840,    676.1910,    681.7980,    687.4050,    693.0110,    698.6180,    704.2250,    710.1390,    716.0530,    721.9670,    727.8810,    733.7950,    739.7090,    745.6240,    751.5380,    757.4520,    763.3660,    769.2800,    775.1940,    791.5010,    807.8070,    824.1140,    840.4210,    856.7270,    873.0340,    889.3410,    905.6470,    921.9540,    938.2610,    954.5670,    970.8740,    996.8050,   1022.7370,   1048.6680,   1074.6000,   1100.5310,   1126.4630,   1152.3940,   1178.3250,   1204.2570,   1230.1880,   1256.1200,   1282.0510,   1360.3990,   1438.7460,   1517.0940,   1595.4410,   1673.7890,   1752.1370,   1830.4840,   1908.8320,   1987.1790,   2065.5270,   2143.8740,   2222.2220
BWN VIS (cm-1) ,   2222.2200,   2294.3160,   2366.4120,   2438.5080,   2510.6030,   2582.6990,   2654.7950,   2726.8910,   2798.9870,   2871.0820,   2943.1780,   3015.2740,   3087.3700,   3165.9750,   3244.5800,   3323.1850,   3401.7900,   3480.3950,   3559.0000,   3637.6050,   3716.2100,   3794.8150,   3873.4200,   3952.0250,   4030.6300,   4142.2920,   4253.9530,   4365.6150,   4477.2770,   4588.9380,   4700.6000,   4812.2620,   4923.9230,   5035.5850,   5147.2470,   5258.9080,   5370.5700,   5560.6150,   5750.6600,   5940.7050,   6130.7500,   6320.7950,   6510.8400,   6700.8850,   6890.9300,   7080.9750,   7271.0200,   7461.0650,   7651.1100,   8055.1840,   8459.2580,   8863.3330,   9267.4070,   9671.4810,  10075.5550,  10479.6290,  10883.7030,  11287.7780,  11691.8520,  12095.9260,  12500.0000,  13541.6670,  14583.3330,  15625.0000,  16666.6670,  17708.3330,  18750.0000,  19791.6670,  20833.3330,  21875.0000,  22916.6670,  23958.3330,  25000.0000,  26388.8890,  27777.7780,  29166.6670,  30555.5570,  31944.4460,  33333.3350,  34722.2240,  36111.1130,  37500.0030,  38888.8920,  40277.7810,  41666.6700
================
wavelenght [um],    0.244068,    0.252632,    0.261818,    0.271698,    0.282353,    0.293878,    0.306383,    0.320000,    0.334884,    0.351220,    0.369231,    0.389189,    0.408511,    0.426667,    0.446512,    0.468293,    0.492308,    0.518919,    0.548571,    0.581818,    0.619355,    0.662069,    0.711111,    0.768000,    0.813143,    0.840768,    0.870336,    0.902060,    0.936184,    0.972991,    1.012810,    1.056028,    1.103099,    1.154562,    1.211061,    1.273375,    1.323436,    1.357581,    1.393534,    1.431444,    1.471474,    1.513807,    1.558648,    1.606226,    1.656801,    1.710664,    1.768147,    1.829628,    1.881560,    1.921939,    1.964090,    2.008131,    2.054193,    2.102417,    2.152960,    2.205992,    2.261704,    2.320302,    2.382017,    2.447105,    2.505432,    2.555765,    2.608162,    2.662752,    2.719677,    2.779088,    2.841153,    2.906054,    2.973989,    3.045176,    3.119855,    3.198288,    3.277268,    3.356577,    3.439819,    3.527294,    3.619334,    3.716307,    3.818620,    3.926726,    4.041130,    4.162400,    4.291175,    4.428172,    4.580751,    4.751270,    4.934974,    5.133456,    5.348572,    5.582505,    5.837838,    6.117648,    6.425631,    6.766266,    7.145039,    7.568734,    7.879690,    8.044056,    8.215425,    8.394255,    8.581043,    8.776330,    8.980716,    9.194848,    9.419442,    9.655282,    9.903235,   10.164260,   10.387231,   10.566200,   10.751445,   10.943308,   11.142136,   11.348323,   11.562291,   11.784476,   12.015368,   12.255495,   12.505409,   12.765727,   12.949392,   13.049328,   13.150818,   13.253898,   13.358608,   13.464994,   13.573088,   13.682923,   13.794549,   13.908012,   14.023357,   14.140631,   14.256763,   14.371646,   14.488386,   14.607038,   14.727660,   14.850291,   14.974981,   15.101782,   15.230738,   15.361915,   15.495384,   15.631191,   15.790367,   15.974275,   16.162517,   16.355249,   16.552633,   16.754839,   16.962047,   17.174443,   17.392227,   17.615605,   17.844795,   18.080028,   18.550914,   19.294981,   20.101230,   20.977796,   21.934298,   22.982219,   24.135264,   25.410119,   26.827165,   28.411593,   30.194923,   32.217118,   34.732292,   37.914692,   41.739101,   46.421699,   52.287582,   59.850314,   69.970927,   84.210526,  105.726686,  142.012170,  216.216216,  452.826771
Qext           ,      4.4560,      6.2550,      7.5890,      7.9630,      7.1270,      5.6860,      4.6640,      4.1210,      3.4960,      2.8400,      2.1510,      1.7900,      1.7460,      1.7030,      1.6590,      1.6100,      1.5560,      1.4990,      1.4510,      1.4050,      1.3600,      1.3310,      1.3030,      1.2820,      1.2700,      1.2640,      1.2590,      1.2550,      1.2520,      1.2510,      1.2500,      1.2510,      1.2450,      1.2370,      1.2400,      1.2410,      1.2340,      1.2150,      1.2000,      1.2100,      1.2230,      1.2410,      1.2480,      1.2350,      1.2090,      1.1800,      1.1820,      1.2210,      1.2460,      1.2530,      1.2510,      1.2460,      1.2580,      1.2500,      1.1980,      1.1980,      1.2010,      1.1620,      1.1910,      1.2110,      1.2140,      1.2200,      1.2740,      1.2840,      1.2630,      1.2480,      1.2800,      1.2810,      1.2400,      1.1910,      1.2010,      1.2150,      1.1750,      1.1270,      1.1480,      1.1920,      1.2060,      1.1780,      1.1790,      1.2510,      1.3010,      1.2930,      1.2580,      1.2820,      1.3400,      1.3250,      1.2520,      1.2180,      1.2510,      1.2320,      1.1460,      1.1050,      1.1510,      1.1830,      1.1390,      1.1140,      1.1520,      1.2110,      1.3160,      1.4270,      1.9660,      2.9480,      3.9500,      4.7350,      5.5360,      7.9380,     13.9680,     19.0090,     22.1230,     25.1380,     27.3740,     24.6760,     21.1020,     16.3250,     11.0530,      7.0390,      5.5530,      4.6010,      4.1010,      4.4120,      4.5250,      4.2760,      4.0260,      3.7730,      3.7730,      3.5180,      3.2470,      2.9590,      2.6680,      2.3750,      2.0790,      2.1760,      2.3250,      2.4740,      2.6250,      2.9080,      3.3230,      3.3230,      3.7400,      4.1620,      4.5360,      4.7810,      5.0270,      5.2760,      5.4540,      5.4110,      5.3820,      5.3750,      5.4020,      5.4200,      5.8990,      6.6250,      7.6110,      9.2330,     10.9950,     13.2220,     17.3260,     24.4850,     29.1090,     28.4470,     23.1920,     16.1400,      9.4480,      5.0370,      3.3110,      2.9360,      2.5680,      1.7550,      0.9010,      0.4710,      0.5700,      0.6800,      0.4280,      0.3150,      0.3150,      0.3150,      0.3150,      0.3150,      0.3150,      0.3150
Qscat          ,      0.3420,      0.4890,      0.5840,      0.5930,      0.5000,      0.3620,      0.2620,      0.2030,      0.1440,      0.0930,      0.0510,      0.0340,      0.0310,      0.0290,      0.0270,      0.0240,      0.0220,      0.0200,      0.0180,      0.0170,      0.0150,      0.0130,      0.0130,      0.0130,      0.0130,      0.0130,      0.0130,      0.0130,      0.0130,      0.0130,      0.0130,      0.0130,      0.0120,      0.0120,      0.0120,      0.0120,      0.0120,      0.0120,      0.0120,      0.0120,      0.0120,      0.0120,      0.0120,      0.0120,      0.0120,      0.0120,      0.0120,      0.0120,      0.0120,      0.0130,      0.0130,      0.0120,      0.0130,      0.0130,      0.0120,      0.0120,      0.0120,      0.0120,      0.0120,      0.0120,      0.0120,      0.0120,      0.0130,      0.0130,      0.0130,      0.0120,      0.0130,      0.0130,      0.0120,      0.0120,      0.0120,      0.0120,      0.0120,      0.0110,      0.0110,      0.0120,      0.0120,      0.0120,      0.0120,      0.0130,      0.0130,      0.0130,      0.0130,      0.0130,      0.0130,      0.0130,      0.0130,      0.0120,      0.0130,      0.0120,      0.0110,      0.0110,      0.0120,      0.0120,      0.0110,      0.0110,      0.0120,      0.0120,      0.0130,      0.0140,      0.0200,      0.0290,      0.0390,      0.0470,      0.0550,      0.0790,      0.1400,      0.1900,      0.2210,      0.2510,      0.2740,      0.2470,      0.2110,      0.1630,      0.1110,      0.0700,      0.0560,      0.0460,      0.0410,      0.0440,      0.0450,      0.0430,      0.0400,      0.0380,      0.0380,      0.0350,      0.0320,      0.0300,      0.0270,      0.0240,      0.0210,      0.0220,      0.0230,      0.0250,      0.0260,      0.0290,      0.0330,      0.0330,      0.0370,      0.0420,      0.0450,      0.0480,      0.0500,      0.0530,      0.0550,      0.0540,      0.0540,      0.0540,      0.0540,      0.0540,      0.0590,      0.0660,      0.0760,      0.0920,      0.1100,      0.1320,      0.1730,      0.2450,      0.2910,      0.2840,      0.2320,      0.1610,      0.0940,      0.0500,      0.0330,      0.0290,      0.0260,      0.0180,      0.0090,      0.0050,      0.0060,      0.0070,      0.0040,      0.0030,      0.0030,      0.0030,      0.0030,      0.0030,      0.0030,      0.0030
G factor       ,   -0.0000,   -0.0000,   -0.0000,   -0.0000,    0.0000,    0.0000,    0.0000,    0.0000,    0.0000,    0.0000,    0.0000,    0.0000,   -0.0000,   -0.0000,   -0.0000,   -0.0000,   -0.0000,   -0.0000,   -0.0000,   -0.0000,    0.0000,    0.0000,   -0.0000,   -0.0000,   -0.0000,   -0.0000,   -0.0000,   -0.0000,   -0.0000,   -0.0000,   -0.0000,   -0.0000,   -0.0000,   -0.0000,   -0.0000,   -0.0000,   -0.0000,   -0.0000,   -0.0000,   -0.0000,   -0.0000,   -0.0000,   -0.0000,   -0.0000,   -0.0000,   -0.0000,    0.0000,    0.0000,   -0.0000,   -0.0000,   -0.0000,   -0.0000,   -0.0000,   -0.0000,    0.0000,    0.0000,    0.0000,    0.0000,    0.0000,    0.0000,    0.0000,    0.0000,   -0.0000,   -0.0010,   -0.0020,   -0.0010,   -0.0010,   -0.0010,   -0.0010,   -0.0010,   -0.0010,   -0.0000,   -0.0000,   -0.0010,   -0.0000,   -0.0000,   -0.0000,   -0.0000,   -0.0000,   -0.0000,   -0.0000,   -0.0000,   -0.0000,   -0.0000,   -0.0000,   -0.0000,   -0.0000,   -0.0000,   -0.0010,   -0.0000,   -0.0000,   -0.0010,   -0.0010,   -0.0000,   -0.0000,   -0.0000,   -0.0000,   -0.0000,   -0.0000,   -0.0000,    0.0000,    0.0000,    0.0000,    0.0000,    0.0000,    0.0000,    0.0000,    0.0000,    0.0000,    0.0000,   -0.0000,   -0.0000,   -0.0000,   -0.0000,   -0.0000,   -0.0000,   -0.0000,   -0.0000,   -0.0000,   -0.0000,   -0.0000,   -0.0000,    0.0000,    0.0000,    0.0000,    0.0000,    0.0000,    0.0000,    0.0000,    0.0000,    0.0000,    0.0000,    0.0000,    0.0000,    0.0000,    0.0000,    0.0000,    0.0000,    0.0000,    0.0000,    0.0000,    0.0000,    0.0000,    0.0000,    0.0000,    0.0000,    0.0000,    0.0000,    0.0000,    0.0000,    0.0000,    0.0000,    0.0000,    0.0000,    0.0000,    0.0000,    0.0000,    0.0000,    0.0000,    0.0000,    0.0000,    0.0000,    0.0000,    0.0000,    0.0000,    0.0000,    0.0000,   -0.0000,   -0.0000,   -0.0000,    0.0000,    0.0000,    0.0000,    0.0000,    0.0000,    0.0000,    0.0000,    0.0000,    0.0000,    0.0000
================
P [mbar]       ,    0.1004,    0.1015,    0.1034,    0.1069,    0.1130,    0.1239,    0.1432,    0.1740,    0.2226,    0.3028,    0.4349,    0.6529,    1.0121,    1.6044,    2.4646,    3.4606,    4.3994,    5.2226,    5.8426,    6.2132,    6.3980,    6.4686,    6.5039,    6.5168
Temp initial[K],  155.0000,  155.0000,  155.0000,  155.0000,  155.0000,  155.0000,  155.0000,  155.0000,  155.0000,  155.0000,  155.0000,  155.0000,  158.8233,  165.4041,  173.2716,  181.4436,  190.2788,  198.8130,  204.5783,  207.8249,  209.4219,  210.0497,  210.3719,  210.4891
================
it   ,   tau    ,  Tsfc    ,   alb    ,   OLR    ,    ASR   ,  NET top ,  NET bot , T lev  01, T lev  02, T lev  03, T lev  04, T lev  05, T lev  06, T lev  07, T lev  08, T lev  09, T lev  10, T lev  11, T lev  12, T lev  13, T lev  14, T lev  15, T lev  16, T lev  17, T lev  18, T lev  19, T lev  20, T lev  21, T lev  22, T lev  23, T lev  24, T lev  25,  OLR IR01,  OLR IR02,  OLR IR03,  OLR IR04,  OLR IR05,  OLR IR06,  OLR IR07,  OLR IR08,  OLR IR09,  OLR IR10,  OLR IR11,  OLR IR12,  OLR IR13,  OLR IR14,  OLR IR15,  OLR IR16,  OLR IR17,  OLR IR18,  OLR IR19,  OLR IR20,  OLR IR21,  OLR IR22,  OLR IR23,  OLR IR24,  OLR IR25,  OLR IR26,  OLR IR27,  OLR IR28,  OLR IR29,  OLR IR30,  OLR IR31,  OLR IR32,  OLR IR33,  OLR IR34,  OLR IR35,  OLR IR36,  OLR IR37,  OLR IR38,  OLR IR39,  OLR IR40,  OLR IR41,  OLR IR42,  OLR IR43,  OLR IR44,  OLR IR45,  OLR IR46,  OLR IR47,  OLR IR48,  OLR IR49,  OLR IR50,  OLR IR51,  OLR IR52,  OLR IR53,  OLR IR54,  OLR IR55,  OLR IR56,  OLR IR57,  OLR IR58,  OLR IR59,  OLR IR60,  OLR IR61,  OLR IR62,  OLR IR63,  OLR IR64,  OLR IR65,  OLR IR66,  OLR IR67,  OLR IR68,  OLR IR69,  OLR IR70,  OLR IR71,  OLR IR72,  OLR IR73,  OLR IR74,  OLR IR75,  OLR IR76,  OLR IR77,  OLR IR78,  OLR IR79,  OLR IR80,  OLR IR81,  OLR IR82,  OLR IR83,  OLR IR84,  OLR IR85,  OLR IR86,  OLR IR87,  OLR IR88,  OLR IR89,  OLR IR90,  OLR IR91,  OLR IR92,  OLR IR93,  OLR IR94,  OLR IR95,  OLR IR96, ASR VIS01, ASR VIS02, ASR VIS03, ASR VIS04, ASR VIS05, ASR VIS06, ASR VIS07, ASR VIS08, ASR VIS09, ASR VIS10, ASR VIS11, ASR VIS12, ASR VIS13, ASR VIS14, ASR VIS15, ASR VIS16, ASR VIS17, ASR VIS18, ASR VIS19, ASR VIS20, ASR VIS21, ASR VIS22, ASR VIS23, ASR VIS24, ASR VIS25, ASR VIS26, ASR VIS27, ASR VIS28, ASR VIS29, ASR VIS30, ASR VIS31, ASR VIS32, ASR VIS33, ASR VIS34, ASR VIS35, ASR VIS36, ASR VIS37, ASR VIS38, ASR VIS39, ASR VIS40, ASR VIS41, ASR VIS42, ASR VIS43, ASR VIS44, ASR VIS45, ASR VIS46, ASR VIS47, ASR VIS48, ASR VIS49, ASR VIS50, ASR VIS51, ASR VIS52, ASR VIS53, ASR VIS54, ASR VIS55, ASR VIS56, ASR VIS57, ASR VIS58, ASR VIS59, ASR VIS60, ASR VIS61, ASR VIS62, ASR VIS63, ASR VIS64, ASR VIS65, ASR VIS66, ASR VIS67, ASR VIS68, ASR VIS69, ASR VIS70, ASR VIS71, ASR VIS72, ASR VIS73, ASR VIS74, ASR VIS75, ASR VIS76, ASR VIS77, ASR VIS78, ASR VIS79, ASR VIS80, ASR VIS81, ASR VIS82, ASR VIS83, ASR VIS84, SFC DIR01, SFC DIR02, SFC DIR03, SFC DIR04, SFC DIR05, SFC DIR06, SFC DIR07, SFC DIR08, SFC DIR09, SFC DIR10, SFC DIR11, SFC DIR12, SFC DIR13, SFC DIR14, SFC DIR15, SFC DIR16, SFC DIR17, SFC DIR18, SFC DIR19, SFC DIR20, SFC DIR21, SFC DIR22, SFC DIR23, SFC DIR24, SFC DIR25, SFC DIR26, SFC DIR27, SFC DIR28, SFC DIR29, SFC DIR30, SFC DIR31, SFC DIR32, SFC DIR33, SFC DIR34, SFC DIR35, SFC DIR36, SFC DIR37, SFC DIR38, SFC DIR39, SFC DIR40, SFC DIR41, SFC DIR42, SFC DIR43, SFC DIR44, SFC DIR45, SFC DIR46, SFC DIR47, SFC DIR48, SFC DIR49, SFC DIR50, SFC DIR51, SFC DIR52, SFC DIR53, SFC DIR54, SFC DIR55, SFC DIR56, SFC DIR57, SFC DIR58, SFC DIR59, SFC DIR60, SFC DIR61, SFC DIR62, SFC DIR63, SFC DIR64, SFC DIR65, SFC DIR66, SFC DIR67, SFC DIR68, SFC DIR69, SFC DIR70, SFC DIR71, SFC DIR72, SFC DIR73, SFC DIR74, SFC DIR75, SFC DIR76, SFC DIR77, SFC DIR78, SFC DIR79, SFC DIR80, SFC DIR81, SFC DIR82, SFC DIR83, SFC DIR84, SFC DIR85, SFC DIR86, SFC DIR87, SFC DIR88, SFC DIR89, SFC DIR90, SFC DIR91, SFC DIR92, SFC DIR93, SFC DIR94, SFC DIR95, SFC DIR96,SFC DVIS01,SFC DVIS02,SFC DVIS03,SFC DVIS04,SFC DVIS05,SFC DVIS06,SFC DVIS07,SFC DVIS08,SFC DVIS09,SFC DVIS10,SFC DVIS11,SFC DVIS12,SFC DVIS13,SFC DVIS14,SFC DVIS15,SFC DVIS16,SFC DVIS17,SFC DVIS18,SFC DVIS19,SFC DVIS20,SFC DVIS21,SFC DVIS22,SFC DVIS23,SFC DVIS24,SFC DVIS25,SFC DVIS26,SFC DVIS27,SFC DVIS28,SFC DVIS29,SFC DVIS30,SFC DVIS31,SFC DVIS32,SFC DVIS33,SFC DVIS34,SFC DVIS35,SFC DVIS36,SFC DVIS37,SFC DVIS38,SFC DVIS39,SFC DVIS40,SFC DVIS41,SFC DVIS42,SFC DVIS43,SFC DVIS44,SFC DVIS45,SFC DVIS46,SFC DVIS47,SFC DVIS48,SFC DVIS49,SFC DVIS50,SFC DVIS51,SFC DVIS52,SFC DVIS53,SFC DVIS54,SFC DVIS55,SFC DVIS56,SFC DVIS57,SFC DVIS58,SFC DVIS59,SFC DVIS60,SFC DVIS61,SFC DVIS62,SFC DVIS63,SFC DVIS64,SFC DVIS65,SFC DVIS66,SFC DVIS67,SFC DVIS68,SFC DVIS69,SFC DVIS70,SFC DVIS71,SFC DVIS72,SFC DVIS73,SFC DVIS74,SFC DVIS75,SFC DVIS76,SFC DVIS77,SFC DVIS78,SFC DVIS79,SFC DVIS80,SFC DVIS81,SFC DVIS82,SFC DVIS83,SFC DVIS84
 1007,    0.0000,  218.8983,    0.2194,  117.0969,  115.8380,   -0.8625,   -0.7595,  158.4330,  155.0000,  155.0000,  155.0000,  155.0000,  155.0000,  155.0000,  155.0000,  155.0000,  155.0000,  155.0000,  155.0000,  155.0000,  158.8202,  165.3996,  173.2672,  181.4393,  190.2764,  198.8104,  204.5754,  207.8212,  209.4182,  210.0462,  210.3680,  210.4855,    0.0676,    0.2556,    0.5389,    0.8888,    1.2804,    1.6928,    2.1082,    2.5121,    2.8933,    3.2429,    3.5544,    3.8241,    3.4712,    3.6087,    3.7179,    3.7987,    3.8530,    3.8815,    3.8866,    3.8696,    3.8324,    3.7775,    3.7019,    3.5964,    1.2424,    1.2267,    1.2047,    1.1662,    1.1137,    1.0481,    0.8756,    0.8393,    0.7711,    0.6138,    0.5638,    0.3590,    0.1995,    0.1649,    0.1438,    0.1375,    0.1329,    0.1277,    0.1258,    0.1235,    0.1245,    0.1364,    0.1735,    0.2440,    0.3730,    0.4452,    0.3502,    0.5089,    0.4971,    0.5051,    0.5244,    0.6000,    0.6202,    0.6335,    0.6351,    0.6285,    1.6842,    1.6087,    1.5504,    1.4822,    1.4116,    1.3421,    1.2748,    1.2087,    1.1452,    1.0819,    1.0194,    0.9639,    1.4270,    1.3066,    1.1824,    1.0659,    0.9702,    0.8860,    0.8005,    0.7221,    0.6504,    0.5836,    0.5141,    0.4584,    1.1328,    0.8012,    0.5722,    0.3992,    0.2764,    0.1901,    0.1299,    0.0861,    0.0569,    0.0365,    0.0240,    0.0175,    0.0899,    0.0485,    0.0757,    0.0853,    0.0957,    0.0892,    0.0975,    0.1095,    0.0962,    0.1325,    0.1172,    0.1283,    0.1417,    0.1155,    0.1679,    0.1865,    0.1530,    0.1811,    0.2062,    0.2231,    0.2234,    0.1500,    0.2398,    0.2531,    0.3109,    0.3324,    0.3440,    0.3658,    0.3756,    0.3936,    0.3989,    0.4549,    0.4935,    0.4704,    0.4844,    0.4940,    0.8433,    0.9209,    0.9662,    0.9986,    1.0221,    1.1068,    1.0376,    1.1056,    1.0799,    1.1314,    1.0731,    1.1504,    2.4777,    2.4439,    2.4989,    2.5383,    2.5642,    2.4625,    2.5489,    2.6139,    2.6670,    2.4800,    2.4441,    2.5380,    6.4157,    6.1123,    6.0433,    5.8603,    5.4132,    5.0767,    4.4565,    4.0997,    3.9404,    3.4535,    2.6528,    2.4637,    1.8993,    1.7458,    1.3311,    1.2705,    0.8565,    0.6215,    0.5021,    0.2015,    0.1776,    0.1261,    0.0437,    0.0355,    0.0000,    0.0000,    0.0000,    0.0000,    0.0000,    0.0000,    0.0000,    0.0000,    0.0000,    0.0000,    0.0000,    0.0000,    0.0000,    0.0000,    0.0000,    0.0000,    0.0000,    0.0000,    0.0000,    0.0001,    0.0002,    0.0007,    0.0108,    0.0490,    0.0110,    0.0180,    0.0344,    0.0771,    0.1397,    0.2137,    0.4309,    0.4495,    0.5119,    0.6671,    0.7005,    0.8672,    0.6959,    0.7036,    0.7106,    0.6982,    0.6956,    0.7186,    0.6761,    0.6645,    0.6491,    0.6306,    0.6025,    0.5551,    0.4721,    0.3712,    0.4491,    0.2585,    0.2602,    0.2432,    0.2110,    0.1067,    0.0696,    0.0377,    0.0207,    0.0150,    0.0329,    0.0299,    0.0085,    0.0020,    0.0004,    0.0004,    0.0002,    0.0011,    0.0019,    0.0049,    0.0091,    0.0081,    0.0085,    0.0012,    0.0075,    0.0141,    0.0089,    0.0000,    0.0000,    0.0000,    0.0000,    0.0008,    0.0066,    0.0072,    0.0065,    0.0059,    0.0000,    0.0000,    0.0000,    0.0000,    0.0000,    0.0009,    0.0011,    0.0014,    0.0012,    0.0002,    0.0266,    0.0000,    0.0608,    0.1075,    0.1214,    0.1110,    0.1245,    0.1386,    0.1233,    0.1698,    0.1501,    0.1645,    0.1808,    0.1468,    0.2123,    0.2321,    0.1900,    0.1318,    0.0189,    0.0386,    0.1649,    0.1902,    0.3067,    0.3223,    0.3984,    0.4260,    0.4410,    0.4686,    0.4799,    0.4920,    0.4648,    0.4226,    0.3741,    0.4433,    0.6104,    0.6178,    1.0805,    1.1804,    1.2359,    1.2564,    1.2364,    1.3694,    1.3136,    1.3975,    1.2854,    1.4503,    1.3718,    1.4606,    3.1621,    3.0885,    3.2030,    3.2531,    3.2748,    3.1568,    3.2678,    3.3511,    3.4192,    3.1776,    3.1334,    3.2539,    8.2247,    7.8363,    7.7478,    7.5132,    6.9399,    6.5086,    5.7135,    5.2561,    5.0518,    4.4276,    3.4010,    3.1586,    2.4350,    2.2382,    1.7066,    1.6288,    1.0981,    0.7968,    0.6438,    0.2584,    0.2277,    0.1616,    0.0560,    0.0455
  598,    0.0500,  229.6010,    0.1791,  121.4651,  121.8127,    0.9392,    0.4015,  158.4330,  171.2798,  172.1532,  173.1069,  174.2149,  174.9949,  175.8014,  176.7048,  177.6454,  178.7542,  180.2990,  182.5046,  185.7035,  190.0108,  195.2941,  200.8020,  206.1017,  210.5001,  214.1047,  217.2480,  220.5659,  222.2262,  222.9112,  223.3081,  223.4429,    0.0710,    0.2695,    0.5704,    0.9445,    1.3666,    1.8149,    2.2708,    2.7146,    3.1300,    3.5314,    3.8970,    4.1835,    3.7580,    3.8655,    3.9696,    4.0408,    3.9822,    3.7285,    3.3902,    3.1004,    2.9002,    2.8158,    2.8627,    3.0280,    1.1110,    1.1403,    1.1592,    1.1627,    1.1423,    1.1086,    0.9839,    0.9647,    0.9135,    0.7936,    0.7710,    0.6329,    0.4240,    0.3798,    0.3376,    0.3289,    0.3134,    0.2807,    0.3041,    0.3032,    0.3115,    0.3321,    0.3709,    0.4187,    0.5195,    0.5793,    0.4923,    0.6287,    0.6126,    0.6058,    0.6143,    0.6769,    0.6923,    0.7028,    0.7008,    0.6895,    1.8617,    1.8022,    1.7151,    1.5960,    1.4574,    1.2380,    1.0294,    0.8770,    0.7718,    0.6918,    0.6764,    0.6764,    1.0680,    1.1103,    1.2116,    1.1919,    1.1221,    1.0645,    1.0070,    0.9521,    0.8837,    0.8022,    0.7183,    0.6486,    1.6213,    1.1718,    0.8525,    0.6094,    0.4327,    0.3038,    0.2114,    0.1433,    0.0975,    0.0641,    0.0427,    0.0316,    0.0908,    0.0478,    0.0779,    0.0893,    0.1000,    0.0929,    0.1016,    0.1143,    0.1004,    0.1380,    0.1220,    0.1338,    0.1479,    0.1205,    0.1751,    0.1947,    0.1601,    0.1861,    0.2062,    0.2236,    0.2297,    0.1569,    0.2504,    0.2643,    0.3246,    0.3467,    0.3585,    0.3817,    0.3919,    0.4104,    0.4160,    0.4691,    0.5056,    0.4852,    0.5062,    0.5158,    0.8806,    0.9604,    1.0075,    1.0418,    1.0652,    1.1551,    1.0838,    1.1542,    1.1230,    1.1807,    1.1203,    1.2014,    2.5886,    2.5523,    2.6108,    2.6527,    2.6797,    2.5738,    2.6641,    2.7322,    2.7879,    2.5927,    2.5557,    2.6545,    6.7126,    6.3996,    6.3332,    6.1465,    5.6851,    5.3394,    4.6938,    4.3255,    4.1641,    3.6547,    2.8111,    2.6142,    2.0180,    1.8734,    1.4526,    1.4062,    0.9596,    0.7032,    0.5776,    0.2365,    0.2108,    0.1492,    0.0509,    0.0403,    0.0015,    0.0056,    0.0117,    0.0191,    0.0273,    0.0359,    0.0443,    0.0710,    0.1277,    0.1194,    0.1076,    0.2164,    0.3686,    0.5415,    0.6255,    0.7066,    1.0231,    1.6735,    2.3489,    2.7877,    2.9815,    2.9507,    2.6995,    2.2492,    0.6588,    0.5878,    0.5364,    0.5197,    0.5476,    0.5944,    0.8051,    0.8141,    0.8717,    1.0011,    1.0248,    1.1475,    0.8991,    0.9042,    0.9096,    0.8964,    0.8924,    0.9111,    0.8716,    0.8592,    0.8436,    0.8251,    0.7978,    0.7605,    0.7093,    0.5978,    0.6689,    0.4605,    0.4657,    0.4555,    0.4127,    0.2855,    0.2364,    0.1904,    0.1677,    0.1626,    0.4090,    0.3638,    0.3454,    0.3730,    0.4238,    0.5632,    0.6867,    0.7501,    0.7662,    0.7597,    0.6929,    0.6136,    0.8309,    0.6189,    0.3824,    0.2734,    0.2133,    0.1495,    0.1027,    0.0630,    0.0415,    0.0363,    0.0404,    0.0367,    0.0678,    0.0513,    0.0279,    0.0186,    0.0121,    0.0084,    0.0061,    0.0063,    0.0053,    0.0053,    0.0043,    0.0014,    0.0217,    0.0000,    0.0544,    0.0972,    0.1104,    0.1015,    0.1139,    0.1264,    0.1126,    0.1556,    0.1378,    0.1505,    0.1647,    0.1339,    0.1936,    0.2106,    0.1709,    0.1128,    0.0141,    0.0309,    0.1455,    0.1723,    0.2795,    0.2936,    0.3634,    0.3892,    0.4038,    0.4278,    0.4380,    0.4485,    0.4175,    0.3795,    0.3350,    0.3993,    0.5531,    0.5611,    0.9849,    1.0791,    1.1300,    1.1445,    1.1224,    1.2432,    1.1943,    1.2718,    1.1705,    1.3241,    1.2507,    1.3292,    2.8772,    2.8085,    2.9160,    2.9598,    2.9780,    2.8712,    2.9720,    3.0476,    3.1087,    2.8882,    2.8470,    2.9550,    7.4625,    7.0987,    7.0036,    6.7771,    6.2390,    5.8310,    5.1004,    4.6720,    4.4723,    3.9056,    2.9902,    2.7681,    2.1271,    1.9034,    1.3794,    1.2550,    0.8088,    0.5645,    0.4236,    0.1532,    0.1272,    0.0928,    0.0355,    0.0329
 1058,    0.1000,  236.1515,    0.1471,  126.2439,  126.5532,    0.9753,    0.8004,  158.4330,  175.8901,  176.8034,  177.7890,  178.8099,  179.5027,  180.4011,  181.2910,  182.2020,  183.4010,  185.0122,  187.4978,  191.0042,  195.9626,  202.3857,  209.4049,  215.8980,  220.9019,  224.8002,  227.5088,  229.6276,  231.2968,  232.0044,  232.3835,  232.5210,    0.0731,    0.2777,    0.5889,    0.9774,    1.4174,    1.8871,    2.3671,    2.8338,    3.2670,    3.7003,    4.0994,    4.3899,    3.9128,    3.9960,    4.0939,    4.1570,    4.0341,    3.6714,    3.2771,    2.9886,    2.8019,    2.7176,    2.7480,    2.9060,    1.0732,    1.1115,    1.1426,    1.1641,    1.1600,    1.1425,    1.0412,    1.0290,    0.9832,    0.8685,    0.8545,    0.7196,    0.4851,    0.4354,    0.3871,    0.3782,    0.3606,    0.3229,    0.3508,    0.3503,    0.3604,    0.3852,    0.4321,    0.4872,    0.5974,    0.6572,    0.5595,    0.6980,    0.6799,    0.6669,    0.6684,    0.7222,    0.7334,    0.7391,    0.7328,    0.7179,    1.9440,    1.8947,    1.7878,    1.6386,    1.4649,    1.1914,    0.9609,    0.8103,    0.7120,    0.6390,    0.6229,    0.6214,    0.9820,    1.0391,    1.2090,    1.2431,    1.1913,    1.1531,    1.1222,    1.0943,    1.0361,    0.9476,    0.8561,    0.7781,    1.9594,    1.4325,    1.0520,    0.7621,    0.5488,    0.3894,    0.2734,    0.1877,    0.1298,    0.0866,    0.0582,    0.0432,    0.0915,    0.0476,    0.0796,    0.0925,    0.1036,    0.0960,    0.1051,    0.1182,    0.1039,    0.1427,    0.1261,    0.1385,    0.1531,    0.1247,    0.1811,    0.2015,    0.1659,    0.1897,    0.2063,    0.2241,    0.2348,    0.1626,    0.2593,    0.2736,    0.3361,    0.3589,    0.3709,    0.3951,    0.4056,    0.4245,    0.4296,    0.4806,    0.5153,    0.4972,    0.5243,    0.5339,    0.9119,    0.9939,    1.0425,    1.0779,    1.1009,    1.1952,    1.1223,    1.1949,    1.1593,    1.2223,    1.1600,    1.2441,    2.6815,    2.6429,    2.7047,    2.7486,    2.7764,    2.6670,    2.7607,    2.8312,    2.8892,    2.6870,    2.6490,    2.7517,    6.9603,    6.6386,    6.5733,    6.3827,    5.9082,    5.5534,    4.8860,    4.5068,    4.3425,    3.8142,    2.9358,    2.7320,    2.1105,    1.9679,    1.5347,    1.4904,    1.0186,    0.7469,    0.6132,    0.2504,    0.2227,    0.1581,    0.0542,    0.0429,    0.0031,    0.0116,    0.0243,    0.0400,    0.0575,    0.0758,    0.0941,    0.1507,    0.2701,    0.2550,    0.2319,    0.4621,    0.7694,    1.1073,    1.2715,    1.4282,    1.9797,    2.9218,    3.6452,    3.9828,    4.0947,    4.0629,    3.8892,    3.5226,    1.1071,    1.0225,    0.9493,    0.9006,    0.9017,    0.9216,    1.0993,    1.0983,    1.1467,    1.2505,    1.2679,    1.3626,    1.0575,    1.0589,    1.0607,    1.0481,    1.0421,    1.0511,    1.0210,    1.0087,    0.9941,    0.9770,    0.9526,    0.9210,    0.8904,    0.7774,    0.8421,    0.6329,    0.6400,    0.6368,    0.5917,    0.4625,    0.4113,    0.3596,    0.3363,    0.3329,    0.8518,    0.7668,    0.7557,    0.8128,    0.9005,    1.1089,    1.2488,    1.2918,    1.2800,    1.2461,    1.1619,    1.0655,    1.5071,    1.2203,    0.8363,    0.6178,    0.4984,    0.3727,    0.2648,    0.1680,    0.1131,    0.0976,    0.0951,    0.0843,    0.1755,    0.1322,    0.0836,    0.0569,    0.0380,    0.0271,    0.0199,    0.0176,    0.0136,    0.0124,    0.0100,    0.0042,    0.0186,    0.0000,    0.0491,    0.0880,    0.1004,    0.0927,    0.1041,    0.1153,    0.1029,    0.1427,    0.1265,    0.1377,    0.1502,    0.1222,    0.1767,    0.1915,    0.1544,    0.0988,    0.0116,    0.0262,    0.1293,    0.1563,    0.2547,    0.2676,    0.3315,    0.3556,    0.3697,    0.3905,    0.3999,    0.4092,    0.3773,    0.3426,    0.3021,    0.3612,    0.5021,    0.5101,    0.8977,    0.9865,    1.0332,    1.0435,    1.0205,    1.1297,    1.0864,    1.1583,    1.0668,    1.2088,    1.1405,    1.2101,    2.6184,    2.5552,    2.6548,    2.6930,    2.7083,    2.6114,    2.7030,    2.7715,    2.8265,    2.6252,    2.5867,    2.6837,    6.7709,    6.4305,    6.3308,    6.1130,    5.6089,    5.2239,    4.5530,    4.1529,    3.9593,    3.4451,    2.6290,    2.4260,    1.8582,    1.6188,    1.1151,    0.9671,    0.5958,    0.4000,    0.2789,    0.0910,    0.0712,    0.0534,    0.0225,    0.0237
 1188,    0.1500,  240.5013,    0.1214,  130.0914,  130.3655,    0.9866,    0.7258,  158.4330,  178.4421,  179.4171,  180.3936,  181.3088,  182.0064,  182.8011,  183.7001,  184.7043,  185.9960,  187.8966,  190.6963,  194.8065,  200.6057,  208.0084,  216.0027,  222.9978,  228.0997,  231.8124,  234.4070,  235.8782,  237.1928,  237.8457,  238.2476,  238.3950,    0.0744,    0.2831,    0.6011,    0.9992,    1.4512,    1.9350,    2.4311,    2.9124,    3.3560,    3.8109,    4.2333,    4.5226,    4.0068,    4.0711,    4.1640,    4.2209,    4.0599,    3.6514,    3.2521,    2.9755,    2.7972,    2.7136,    2.7361,    2.8815,    1.0629,    1.1027,    1.1376,    1.1674,    1.1724,    1.1648,    1.0802,    1.0720,    1.0302,    0.9194,    0.9118,    0.7807,    0.5293,    0.4752,    0.4208,    0.4117,    0.3922,    0.3494,    0.3824,    0.3827,    0.3952,    0.4244,    0.4784,    0.5389,    0.6554,    0.7144,    0.6089,    0.7466,    0.7270,    0.7096,    0.7055,    0.7515,    0.7591,    0.7604,    0.7507,    0.7333,    1.9885,    1.9455,    1.8254,    1.6586,    1.4669,    1.1740,    0.9431,    0.7978,    0.7035,    0.6332,    0.6157,    0.6118,    0.9631,    1.0164,    1.2062,    1.2682,    1.2277,    1.2021,    1.1917,    1.1875,    1.1406,    1.0485,    0.9533,    0.8703,    2.2015,    1.6210,    1.1968,    0.8744,    0.6353,    0.4538,    0.3202,    0.2216,    0.1549,    0.1043,    0.0704,    0.0524,    0.0920,    0.0475,    0.0811,    0.0952,    0.1066,    0.0986,    0.1081,    0.1216,    0.1069,    0.1467,    0.1296,    0.1424,    0.1575,    0.1282,    0.1862,    0.2072,    0.1706,    0.1925,    0.2064,    0.2245,    0.2388,    0.1674,    0.2668,    0.2814,    0.3458,    0.3691,    0.3813,    0.4065,    0.4172,    0.4363,    0.4409,    0.4901,    0.5232,    0.5072,    0.5394,    0.5491,    0.9383,    1.0222,    1.0720,    1.1082,    1.1308,    1.2287,    1.1546,    1.2290,    1.1898,    1.2573,    1.1933,    1.2799,    2.7593,    2.7188,    2.7835,    2.8289,    2.8573,    2.7451,    2.8416,    2.9142,    2.9740,    2.7660,    2.7271,    2.8330,    7.1669,    6.8373,    6.7722,    6.5775,    6.0911,    5.7279,    5.0415,    4.6524,    4.4847,    3.9405,    3.0340,    2.8243,    2.1825,    2.0381,    1.5903,    1.5428,    1.0526,    0.7705,    0.6303,    0.2561,    0.2273,    0.1616,    0.0557,    0.0445,    0.0047,    0.0177,    0.0374,    0.0617,    0.0888,    0.1175,    0.1464,    0.2343,    0.4177,    0.3971,    0.3636,    0.7170,    1.1658,    1.6435,    1.8743,    2.0914,    2.7860,    3.7871,    4.3840,    4.6106,    4.6787,    4.6547,    4.5381,    4.2817,    1.4014,    1.3273,    1.2558,    1.1968,    1.1819,    1.1829,    1.3222,    1.3148,    1.3521,    1.4312,    1.4421,    1.5123,    1.1674,    1.1661,    1.1653,    1.1532,    1.1459,    1.1489,    1.1247,    1.1126,    1.0988,    1.0829,    1.0611,    1.0341,    1.0215,    0.9140,    0.9703,    0.7742,    0.7822,    0.7838,    0.7403,    0.6202,    0.5714,    0.5197,    0.4983,    0.4966,    1.2843,    1.1688,    1.1632,    1.2366,    1.3384,    1.5537,    1.6615,    1.6691,    1.6311,    1.5767,    1.4866,    1.3874,    2.0088,    1.7090,    1.2684,    0.9733,    0.8044,    0.6250,    0.4568,    0.2984,    0.2049,    0.1764,    0.1641,    0.1446,    0.3170,    0.2396,    0.1612,    0.1115,    0.0757,    0.0548,    0.0407,    0.0339,    0.0253,    0.0219,    0.0175,    0.0085,    0.0161,    0.0000,    0.0443,    0.0797,    0.0913,    0.0848,    0.0952,    0.1052,    0.0940,    0.1308,    0.1161,    0.1259,    0.1369,    0.1115,    0.1613,    0.1741,    0.1396,    0.0874,    0.0098,    0.0226,    0.1153,    0.1418,    0.2322,    0.2440,    0.3024,    0.3249,    0.3385,    0.3565,    0.3651,    0.3734,    0.3415,    0.3099,    0.2731,    0.3272,    0.4559,    0.4638,    0.8182,    0.9018,    0.9447,    0.9515,    0.9282,    1.0269,    0.9884,    1.0551,    0.9726,    1.1036,    1.0400,    1.1017,    2.3829,    2.3250,    2.4169,    2.4502,    2.4630,    2.3752,    2.4583,    2.5204,    2.5698,    2.3861,    2.3502,    2.4372,    6.1434,    5.8252,    5.7226,    5.5140,    5.0424,    4.6800,    4.0644,    3.6914,    3.5052,    3.0389,    2.3115,    2.1262,    1.6232,    1.3767,    0.9014,    0.7454,    0.4390,    0.2836,    0.1838,    0.0541,    0.0399,    0.0308,    0.0143,    0.0172
 1319,    0.2000,  243.7020,    0.1006,  133.2649,  133.4568,    0.9406,    0.7092,  158.4330,  180.3254,  181.3011,  182.2733,  183.0190,  183.7056,  184.4463,  185.3909,  186.4355,  187.9023,  190.0996,  193.3125,  198.0116,  204.5996,  212.8080,  221.4027,  228.5080,  233.5997,  237.0966,  239.3142,  240.6111,  241.4116,  241.9389,  242.3446,  242.4808,    0.0753,    0.2869,    0.6099,    1.0147,    1.4754,    1.9693,    2.4771,    2.9686,    3.4189,    3.8896,    4.3290,    4.6158,    4.0710,    4.1218,    4.2113,    4.2644,    4.0810,    3.6525,    3.2563,    2.9867,    2.8126,    2.7294,    2.7485,    2.8877,    1.0635,    1.1034,    1.1398,    1.1739,    1.1845,    1.1832,    1.1107,    1.1051,    1.0663,    0.9586,    0.9560,    0.8292,    0.5656,    0.5082,    0.4485,    0.4394,    0.4180,    0.3701,    0.4085,    0.4096,    0.4246,    0.4579,    0.5176,    0.5816,    0.7024,    0.7601,    0.6486,    0.7842,    0.7634,    0.7428,    0.7342,    0.7735,    0.7783,    0.7759,    0.7636,    0.7445,    2.0201,    1.9809,    1.8519,    1.6745,    1.4732,    1.1727,    0.9433,    0.8005,    0.7075,    0.6378,    0.6195,    0.6144,    0.9649,    1.0147,    1.2104,    1.2872,    1.2530,    1.2351,    1.2393,    1.2537,    1.2170,    1.1229,    1.0257,    0.9393,    2.3834,    1.7635,    1.3064,    0.9601,    0.7020,    0.5036,    0.3564,    0.2481,    0.1747,    0.1185,    0.0803,    0.0598,    0.0923,    0.0474,    0.0823,    0.0975,    0.1091,    0.1008,    0.1106,    0.1244,    0.1094,    0.1501,    0.1325,    0.1457,    0.1612,    0.1312,    0.1905,    0.2119,    0.1745,    0.1947,    0.2064,    0.2248,    0.2420,    0.1713,    0.2730,    0.2880,    0.3539,    0.3778,    0.3902,    0.4160,    0.4269,    0.4462,    0.4502,    0.4979,    0.5298,    0.5155,    0.5519,    0.5618,    0.9605,    1.0461,    1.0970,    1.1337,    1.1558,    1.2568,    1.1816,    1.2576,    1.2155,    1.2869,    1.2214,    1.3099,    2.8247,    2.7824,    2.8497,    2.8963,    2.9251,    2.8105,    2.9093,    2.9838,    3.0450,    2.8320,    2.7923,    2.9009,    7.3392,    7.0026,    6.9370,    6.7383,    6.2411,    5.8700,    5.1674,    4.7694,    4.5982,    4.0406,    3.1114,    2.8967,    2.2386,    2.0903,    1.6281,    1.5755,    1.0724,    0.7834,    0.6387,    0.2585,    0.2291,    0.1632,    0.0565,    0.0454,    0.0063,    0.0240,    0.0506,    0.0837,    0.1209,    0.1602,    0.2000,    0.3197,    0.5666,    0.5421,    0.4993,    0.9733,    1.5457,    2.1353,    2.4183,    2.6804,    3.4457,    4.3893,    4.8501,    5.0116,    5.0628,    5.0473,    4.9639,    4.7808,    1.6020,    1.5430,    1.4815,    1.4237,    1.4010,    1.3905,    1.4953,    1.4842,    1.5111,    1.5688,    1.5743,    1.6240,    1.2491,    1.2454,    1.2423,    1.2306,    1.2225,    1.2214,    1.2012,    1.1893,    1.1761,    1.1614,    1.1423,    1.1193,    1.1222,    1.0231,    1.0702,    0.8929,    0.9010,    0.9056,    0.8651,    0.7583,    0.7135,    0.6647,    0.6459,    0.6452,    1.6822,    1.5454,    1.5417,    1.6187,    1.7166,    1.9049,    1.9696,    1.9467,    1.8896,    1.8211,    1.7277,    1.6282,    2.3895,    2.0963,    1.6508,    1.3109,    1.1047,    0.8832,    0.6623,    0.4445,    0.3105,    0.2677,    0.2435,    0.2143,    0.4843,    0.3676,    0.2561,    0.1793,    0.1232,    0.0900,    0.0676,    0.0545,    0.0400,    0.0335,    0.0265,    0.0141,    0.0141,    0.0000,    0.0400,    0.0722,    0.0830,    0.0775,    0.0871,    0.0960,    0.0858,    0.1198,    0.1066,    0.1152,    0.1248,    0.1018,    0.1473,    0.1583,    0.1263,    0.0777,    0.0084,    0.0197,    0.1032,    0.1286,    0.2116,    0.2224,    0.2758,    0.2968,    0.3100,    0.3254,    0.3333,    0.3408,    0.3094,    0.2806,    0.2472,    0.2967,    0.4141,    0.4217,    0.7458,    0.8244,    0.8638,    0.8678,    0.8444,    0.9336,    0.8993,    0.9611,    0.8868,    1.0076,    0.9483,    1.0031,    2.1686,    2.1157,    2.2004,    2.2293,    2.2400,    2.1603,    2.2357,    2.2921,    2.3364,    2.1687,    2.1353,    2.2133,    5.5741,    5.2768,    5.1728,    4.9737,    4.5331,    4.1927,    3.6282,    3.2813,    3.1032,    2.6807,    2.0323,    1.8634,    1.4181,    1.1709,    0.7288,    0.5746,    0.3236,    0.2011,    0.1213,    0.0322,    0.0224,    0.0178,    0.0091,    0.0124
 1475,    0.3000,  247.9108,    0.0697,  137.8501,  138.0397,    0.9875,    0.8633,  158.4330,  182.7284,  183.7105,  184.6419,  185.2022,  185.8233,  186.5995,  187.5997,  188.9067,  190.7208,  193.5010,  197.5990,  203.4089,  211.1816,  220.4918,  229.6069,  236.6980,  241.3008,  244.2666,  245.9409,  246.7546,  247.1640,  247.3216,  247.5440,  247.5931,    0.0766,    0.2919,    0.6212,    1.0348,    1.5065,    2.0137,    2.5364,    3.0408,    3.4987,    3.9901,    4.4519,    4.7333,    4.1502,    4.1844,    4.2702,    4.3193,    4.1132,    3.6693,    3.2781,    3.0157,    2.8460,    2.7636,    2.7794,    2.9129,    1.0709,    1.1108,    1.1485,    1.1872,    1.2040,    1.2104,    1.1540,    1.1510,    1.1164,    1.0141,    1.0181,    0.8999,    0.6207,    0.5598,    0.4924,    0.4842,    0.4595,    0.4017,    0.4508,    0.4533,    0.4727,    0.5120,    0.5797,    0.6474,    0.7732,    0.8278,    0.7085,    0.8380,    0.8153,    0.7903,    0.7750,    0.8042,    0.8050,    0.7972,    0.7813,    0.7601,    2.0632,    2.0278,    1.8881,    1.6995,    1.4886,    1.1817,    0.9533,    0.8118,    0.7194,    0.6499,    0.6305,    0.6240,    0.9779,    1.0245,    1.2246,    1.3155,    1.2876,    1.2772,    1.2992,    1.3386,    1.3169,    1.2211,    1.1224,    1.0319,    2.6282,    1.9565,    1.4547,    1.0770,    0.7938,    0.5724,    0.4066,    0.2854,    0.2030,    0.1390,    0.0948,    0.0703,    0.0928,    0.0473,    0.0841,    0.1009,    0.1129,    0.1043,    0.1146,    0.1288,    0.1133,    0.1555,    0.1372,    0.1509,    0.1670,    0.1358,    0.1972,    0.2192,    0.1805,    0.1979,    0.2065,    0.2252,    0.2466,    0.1774,    0.2828,    0.2982,    0.3666,    0.3913,    0.4041,    0.4309,    0.4421,    0.4617,    0.4643,    0.5098,    0.5397,    0.5281,    0.5712,    0.5813,    0.9949,    1.0834,    1.1361,    1.1733,    1.1943,    1.2999,    1.2233,    1.3018,    1.2553,    1.3329,    1.2650,    1.3563,    2.9254,    2.8805,    2.9519,    3.0001,    3.0295,    2.9113,    3.0136,    3.0908,    3.1542,    2.9335,    2.8926,    3.0051,    7.6028,    7.2544,    7.1866,    6.9805,    6.4650,    6.0803,    5.3520,    4.9390,    4.7609,    4.1828,    3.2205,    2.9979,    2.3166,    2.1579,    1.6712,    1.6091,    1.0908,    0.7947,    0.6453,    0.2603,    0.2305,    0.1643,    0.0571,    0.0463,    0.0096,    0.0365,    0.0772,    0.1280,    0.1854,    0.2464,    0.3087,    0.4912,    0.8591,    0.8308,    0.7731,    1.4714,    2.2308,    2.9658,    3.3139,    3.6271,    4.3931,    5.1135,    5.3904,    5.4963,    5.5384,    5.5359,    5.4884,    5.3827,    1.8450,    1.8098,    1.7696,    1.7254,    1.6999,    1.6804,    1.7343,    1.7203,    1.7311,    1.7578,    1.7558,    1.7770,    1.3611,    1.3538,    1.3465,    1.3356,    1.3262,    1.3186,    1.3049,    1.2936,    1.2818,    1.2690,    1.2542,    1.2367,    1.2625,    1.1817,    1.2124,    1.0753,    1.0821,    1.0879,    1.0547,    0.9756,    0.9395,    0.8999,    0.8856,    0.8851,    2.3348,    2.1780,    2.1672,    2.2246,    2.2852,    2.3867,    2.3778,    2.3148,    2.2343,    2.1488,    2.0516,    1.9523,    2.9046,    2.6332,    2.2383,    1.8768,    1.6295,    1.3597,    1.0657,    0.7510,    0.5415,    0.4691,    0.4187,    0.3689,    0.8634,    0.6598,    0.4778,    0.3401,    0.2377,    0.1760,    0.1335,    0.1043,    0.0756,    0.0607,    0.0474,    0.0282,    0.0110,    0.0000,    0.0327,    0.0592,    0.0686,    0.0648,    0.0728,    0.0800,    0.0716,    0.1007,    0.0898,    0.0964,    0.1038,    0.0848,    0.1228,    0.1310,    0.1035,    0.0621,    0.0064,    0.0154,    0.0831,    0.1059,    0.1758,    0.1849,    0.2295,    0.2477,    0.2599,    0.2712,    0.2779,    0.2839,    0.2545,    0.2305,    0.2031,    0.2443,    0.3419,    0.3488,    0.6196,    0.6890,    0.7222,    0.7219,    0.6992,    0.7719,    0.7446,    0.7978,    0.7374,    0.8399,    0.7886,    0.8316,    1.7962,    1.7520,    1.8238,    1.8455,    1.8527,    1.7871,    1.8493,    1.8956,    1.9314,    1.7917,    1.7627,    1.8254,    4.5887,    4.3302,    4.2267,    4.0468,    3.6636,    3.3651,    2.8913,    2.5926,    2.4322,    2.0860,    1.5712,    1.4314,    1.0823,    0.8471,    0.4766,    0.3417,    0.1760,    0.1014,    0.0529,    0.0115,    0.0071,    0.0060,    0.0037,    0.0065
 1629,    0.4000,  250.5017,    0.0489,  141.0003,  141.1237,    0.9545,    0.6455,  158.4330,  184.2522,  185.2237,  186.0978,  186.5959,  187.2106,  188.0126,  189.1223,  190.7014,  192.9055,  196.3027,  201.1253,  207.8833,  216.3988,  226.3081,  235.5974,  242.3943,  246.5097,  248.9135,  250.0644,  250.5170,  250.6456,  250.6908,  250.6536,  250.4696,    0.0773,    0.2949,    0.6281,    1.0471,    1.5256,    2.0407,    2.5726,    3.0848,    3.5470,    4.0511,    4.5269,    4.8043,    4.1980,    4.2231,    4.3072,    4.3546,    4.1373,    3.6870,    3.2990,    3.0403,    2.8730,    2.7910,    2.8054,    2.9362,    1.0784,    1.1184,    1.1567,    1.1978,    1.2183,    1.2290,    1.1830,    1.1811,    1.1492,    1.0515,    1.0595,    0.9494,    0.6612,    0.5989,    0.5265,    0.5194,    0.4920,    0.4255,    0.4846,    0.4883,    0.5113,    0.5551,    0.6276,    0.6966,    0.8241,    0.8756,    0.7518,    0.8745,    0.8503,    0.8224,    0.8027,    0.8248,    0.8231,    0.8116,    0.7934,    0.7710,    2.0929,    2.0593,    1.9133,    1.7186,    1.5025,    1.1921,    0.9636,    0.8225,    0.7301,    0.6604,    0.6403,    0.6331,    0.9908,    1.0357,    1.2382,    1.3364,    1.3116,    1.3049,    1.3369,    1.3916,    1.3799,    1.2834,    1.1843,    1.0914,    2.7854,    2.0812,    1.5505,    1.1530,    0.8539,    0.6176,    0.4397,    0.3103,    0.2220,    0.1531,    0.1048,    0.0775,    0.0932,    0.0473,    0.0853,    0.1033,    0.1156,    0.1068,    0.1174,    0.1319,    0.1161,    0.1593,    0.1407,    0.1546,    0.1710,    0.1391,    0.2019,    0.2244,    0.1846,    0.1999,    0.2065,    0.2254,    0.2497,    0.1816,    0.2897,    0.3054,    0.3756,    0.4009,    0.4141,    0.4415,    0.4530,    0.4727,    0.4740,    0.5180,    0.5466,    0.5368,    0.5846,    0.5950,    1.0192,    1.1102,    1.1640,    1.2014,    1.2214,    1.3301,    1.2526,    1.3331,    1.2835,    1.3657,    1.2959,    1.3890,    2.9962,    2.9494,    3.0238,    3.0731,    3.1027,    2.9820,    3.0868,    3.1658,    3.2308,    3.0046,    2.9626,    3.0778,    7.7863,    7.4285,    7.3579,    7.1455,    6.6157,    6.2200,    5.4730,    5.0486,    4.8645,    4.2723,    3.2884,    3.0602,    2.3640,    2.1954,    1.6915,    1.6227,    1.0975,    0.7986,    0.6474,    0.2609,    0.2310,    0.1647,    0.0574,    0.0467,    0.0128,    0.0487,    0.1034,    0.1717,    0.2491,    0.3319,    0.4166,    0.6593,    1.1369,    1.1100,    1.0421,    1.9353,    2.8063,    3.6034,    3.9778,    4.3059,    4.9825,    5.4956,    5.6822,    5.7678,    5.8080,    5.8137,    5.7854,    5.7175,    1.9782,    1.9565,    1.9306,    1.8997,    1.8773,    1.8573,    1.8801,    1.8661,    1.8663,    1.8738,    1.8670,    1.8704,    1.4295,    1.4204,    1.4109,    1.4005,    1.3905,    1.3798,    1.3692,    1.3582,    1.3470,    1.3352,    1.3230,    1.3089,    1.3502,    1.2862,    1.3039,    1.2024,    1.2067,    1.2105,    1.1839,    1.1276,    1.0987,    1.0681,    1.0566,    1.0544,    2.8038,    2.6455,    2.6188,    2.6407,    2.6533,    2.6756,    2.6198,    2.5342,    2.4407,    2.3456,    2.2464,    2.1475,    3.2158,    2.9609,    2.6263,    2.2872,    2.0290,    1.7461,    1.4195,    1.0445,    0.7748,    0.6749,    0.5986,    0.5291,    1.2632,    0.9700,    0.7172,    0.5163,    0.3652,    0.2724,    0.2076,    0.1596,    0.1151,    0.0904,    0.0698,    0.0441,    0.0087,    0.0000,    0.0268,    0.0485,    0.0568,    0.0542,    0.0609,    0.0666,    0.0598,    0.0846,    0.0757,    0.0806,    0.0863,    0.0707,    0.1025,    0.1084,    0.0849,    0.0501,    0.0050,    0.0122,    0.0673,    0.0872,    0.1461,    0.1537,    0.1909,    0.2068,    0.2179,    0.2260,    0.2317,    0.2366,    0.2097,    0.1897,    0.1673,    0.2015,    0.2823,    0.2885,    0.5148,    0.5758,    0.6038,    0.6006,    0.5791,    0.6383,    0.6166,    0.6623,    0.6134,    0.7000,    0.6558,    0.6895,    1.4878,    1.4511,    1.5116,    1.5277,    1.5324,    1.4784,    1.5296,    1.5676,    1.5965,    1.4801,    1.4551,    1.5055,    3.7776,    3.5533,    3.4537,    3.2926,    2.9610,    2.7010,    2.3042,    2.0486,    1.9065,    1.6233,    1.2147,    1.0997,    0.8261,    0.6130,    0.3118,    0.2034,    0.0959,    0.0512,    0.0232,    0.0041,    0.0023,    0.0020,    0.0015,    0.0034
 1727,    0.5000,  252.0163,    0.0348,  143.0861,  143.2151,    0.9854,    0.9140,  158.4330,  185.3050,  186.2931,  187.0835,  187.5281,  188.1652,  189.0159,  190.3107,  192.1184,  194.7083,  198.5988,  204.1296,  211.6139,  220.7018,  230.9060,  240.1015,  246.5051,  250.0991,  252.0166,  252.7131,  252.8153,  252.7687,  252.6894,  252.4697,  252.3349,    0.0777,    0.2967,    0.6321,    1.0542,    1.5366,    2.0564,    2.5936,    3.1104,    3.5753,    4.0867,    4.5706,    4.8462,    4.2268,    4.2466,    4.3299,    4.3763,    4.1525,    3.6988,    3.3133,    3.0573,    2.8917,    2.8100,    2.8234,    2.9522,    1.0836,    1.1235,    1.1622,    1.2048,    1.2275,    1.2411,    1.2024,    1.2008,    1.1711,    1.0774,    1.0880,    0.9850,    0.6917,    0.6293,    0.5537,    0.5480,    0.5185,    0.4446,    0.5125,    0.5171,    0.5431,    0.5897,    0.6652,    0.7341,    0.8616,    0.9102,    0.7840,    0.8998,    0.8744,    0.8444,    0.8217,    0.8384,    0.8350,    0.8208,    0.8011,    0.7779,    2.1116,    2.0791,    1.9290,    1.7306,    1.5115,    1.1991,    0.9708,    0.8298,    0.7374,    0.6676,    0.6471,    0.6393,    0.9997,    1.0434,    1.2470,    1.3496,    1.3268,    1.3221,    1.3604,    1.4245,    1.4188,    1.3219,    1.2228,    1.1285,    2.8831,    2.1592,    1.6103,    1.2006,    0.8916,    0.6461,    0.4606,    0.3264,    0.2344,    0.1624,    0.1116,    0.0822,    0.0934,    0.0472,    0.0862,    0.1049,    0.1175,    0.1086,    0.1194,    0.1341,    0.1181,    0.1621,    0.1432,    0.1573,    0.1739,    0.1415,    0.2053,    0.2280,    0.1874,    0.2013,    0.2065,    0.2255,    0.2518,    0.1845,    0.2946,    0.3105,    0.3819,    0.4078,    0.4213,    0.4490,    0.4607,    0.4805,    0.4809,    0.5237,    0.5513,    0.5429,    0.5940,    0.6046,    1.0364,    1.1293,    1.1840,    1.2213,    1.2404,    1.3513,    1.2732,    1.3551,    1.3035,    1.3890,    1.3178,    1.4121,    3.0461,    2.9979,    3.0745,    3.1244,    3.1541,    3.0316,    3.1382,    3.2185,    3.2845,    3.0544,    3.0116,    3.1285,    7.9139,    7.5490,    7.4755,    7.2578,    6.7170,    6.3128,    5.5524,    5.1194,    4.9306,    4.3286,    3.3307,    3.0986,    2.3931,    2.2164,    1.7012,    1.6286,    1.1002,    0.8001,    0.6483,    0.2612,    0.2312,    0.1650,    0.0575,    0.0469,    0.0159,    0.0606,    0.1288,    0.2141,    0.3112,    0.4152,    0.5220,    0.8212,    1.3958,    1.3744,    1.3007,    2.3571,    3.2771,    4.0796,    4.4564,    4.7795,    5.3451,    5.7120,    5.8557,    5.9329,    5.9734,    5.9846,    5.9672,    5.9196,    2.0573,    2.0428,    2.0251,    2.0032,    1.9846,    1.9664,    1.9714,    1.9581,    1.9519,    1.9475,    1.9383,    1.9309,    1.4738,    1.4632,    1.4518,    1.4419,    1.4312,    1.4174,    1.4100,    1.3994,    1.3888,    1.3779,    1.3677,    1.3559,    1.4074,    1.3570,    1.3646,    1.2915,    1.2928,    1.2934,    1.2715,    1.2315,    1.2079,    1.1843,    1.1739,    1.1692,    3.1268,    2.9752,    2.9301,    2.9157,    2.8867,    2.8532,    2.7699,    2.6715,    2.5706,    2.4701,    2.3696,    2.2707,    3.4116,    3.1663,    2.8763,    2.5694,    2.3146,    2.0375,    1.7072,    1.3046,    0.9933,    0.8699,    0.7706,    0.6834,    1.6532,    1.2733,    0.9535,    0.6921,    0.4938,    0.3700,    0.2826,    0.2151,    0.1550,    0.1198,    0.0917,    0.0601,    0.0069,    0.0000,    0.0220,    0.0398,    0.0469,    0.0453,    0.0509,    0.0554,    0.0499,    0.0711,    0.0638,    0.0675,    0.0717,    0.0589,    0.0855,    0.0898,    0.0698,    0.0406,    0.0039,    0.0098,    0.0548,    0.0718,    0.1214,    0.1278,    0.1589,    0.1726,    0.1827,    0.1884,    0.1931,    0.1971,    0.1730,    0.1562,    0.1379,    0.1662,    0.2333,    0.2387,    0.4277,    0.4813,    0.5048,    0.4998,    0.4798,    0.5280,    0.5106,    0.5499,    0.5103,    0.5835,    0.5453,    0.5717,    1.2323,    1.2019,    1.2529,    1.2647,    1.2675,    1.2231,    1.2652,    1.2965,    1.3198,    1.2228,    1.2012,    1.2417,    3.1099,    2.9159,    2.8221,    2.6791,    2.3932,    2.1680,    1.8363,    1.6188,    1.4944,    1.2634,    0.9392,    0.8449,    0.6307,    0.4437,    0.2041,    0.1212,    0.0524,    0.0259,    0.0102,    0.0015,    0.0007,    0.0007,    0.0006,    0.0018
 2009,    0.7500,  253.5050,    0.0161,  145.8972,  145.9817,    0.9811,    0.7948,  158.4330,  186.9045,  187.8173,  188.4680,  188.9435,  189.6125,  190.7238,  192.4061,  194.8022,  198.3048,  203.3822,  210.1985,  218.8104,  228.7163,  239.0144,  247.5487,  252.7054,  255.0259,  255.8092,  255.6401,  255.2290,  254.9257,  254.6909,  254.3598,  254.2684,    0.0782,    0.2985,    0.6363,    1.0617,    1.5483,    2.0731,    2.6160,    3.1382,    3.6070,    4.1263,    4.6185,    4.8943,    4.2597,    4.2718,    4.3532,    4.3976,    4.1658,    3.7127,    3.3348,    3.0844,    2.9217,    2.8407,    2.8521,    2.9765,    1.0907,    1.1299,    1.1685,    1.2125,    1.2380,    1.2554,    1.2283,    1.2266,    1.2003,    1.1155,    1.1288,    1.0407,    0.7424,    0.6825,    0.6044,    0.6022,    0.5693,    0.4814,    0.5670,    0.5729,    0.6038,    0.6540,    0.7313,    0.7968,    0.9206,    0.9623,    0.8356,    0.9350,    0.9076,    0.8745,    0.8474,    0.8548,    0.8489,    0.8308,    0.8088,    0.7845,    2.1291,    2.0980,    1.9426,    1.7402,    1.5187,    1.2072,    0.9811,    0.8413,    0.7493,    0.6794,    0.6580,    0.6491,    1.0132,    1.0534,    1.2543,    1.3604,    1.3398,    1.3378,    1.3851,    1.4633,    1.4661,    1.3692,    1.2707,    1.1746,    3.0037,    2.2564,    1.6844,    1.2597,    0.9387,    0.6819,    0.4871,    0.3471,    0.2506,    0.1749,    0.1208,    0.0885,    0.0936,    0.0471,    0.0873,    0.1071,    0.1202,    0.1111,    0.1223,    0.1372,    0.1209,    0.1662,    0.1468,    0.1611,    0.1779,    0.1448,    0.2101,    0.2329,    0.1912,    0.2031,    0.2065,    0.2257,    0.2546,    0.1885,    0.3014,    0.3177,    0.3909,    0.4175,    0.4317,    0.4596,    0.4716,    0.4915,    0.4902,    0.5314,    0.5578,    0.5512,    0.6070,    0.6179,    1.0605,    1.1565,    1.2126,    1.2493,    1.2669,    1.3806,    1.3018,    1.3860,    1.3316,    1.4220,    1.3485,    1.4442,    3.1153,    3.0652,    3.1450,    3.1955,    3.2251,    3.1003,    3.2092,    3.2913,    3.3585,    3.1230,    3.0790,    3.1981,    8.0879,    7.7118,    7.6325,    7.4061,    6.8483,    6.4308,    5.6514,    5.2056,    5.0094,    4.3947,    3.3795,    3.1424,    2.4257,    2.2373,    1.7092,    1.6332,    1.1025,    0.8016,    0.6493,    0.2615,    0.2316,    0.1653,    0.0576,    0.0471,    0.0232,    0.0883,    0.1880,    0.3133,    0.4563,    0.6100,    0.7687,    1.1900,    1.9511,    1.9577,    1.8860,    3.2197,    4.0747,    4.7693,    5.1088,    5.3902,    5.7320,    5.9192,    6.0201,    6.0872,    6.1270,    6.1432,    6.1372,    6.1118,    2.1335,    2.1265,    2.1177,    2.1066,    2.0938,    2.0801,    2.0666,    2.0551,    2.0415,    2.0232,    2.0111,    1.9903,    1.5166,    1.5044,    1.4910,    1.4815,    1.4704,    1.4540,    1.4492,    1.4389,    1.4289,    1.4190,    1.4114,    1.4028,    1.4684,    1.4412,    1.4322,    1.4044,    1.3990,    1.3918,    1.3760,    1.3582,    1.3416,    1.3269,    1.3159,    1.3058,    3.5178,    3.3887,    3.3053,    3.2260,    3.1342,    3.0304,    2.9160,    2.8034,    2.6946,    2.5883,    2.4871,    2.3891,    3.6016,    3.3699,    3.1416,    2.8991,    2.6690,    2.4305,    2.1471,    1.7696,    1.4249,    1.2632,    1.1232,    1.0042,    2.4768,    1.9134,    1.4543,    1.0692,    0.7740,    0.5822,    0.4441,    0.3332,    0.2403,    0.1812,    0.1364,    0.0941,    0.0041,    0.0000,    0.0134,    0.0243,    0.0292,    0.0289,    0.0326,    0.0351,    0.0317,    0.0460,    0.0416,    0.0432,    0.0452,    0.0373,    0.0544,    0.0560,    0.0428,    0.0244,    0.0023,    0.0058,    0.0332,    0.0443,    0.0764,    0.0806,    0.1004,    0.1099,    0.1176,    0.1195,    0.1226,    0.1251,    0.1072,    0.0965,    0.0855,    0.1031,    0.1449,    0.1487,    0.2692,    0.3074,    0.3227,    0.3158,    0.3000,    0.3286,    0.3188,    0.3456,    0.3222,    0.3702,    0.3439,    0.3579,    0.7696,    0.7507,    0.7837,    0.7886,    0.7887,    0.7614,    0.7873,    0.8065,    0.8200,    0.7586,    0.7438,    0.7671,    1.9126,    1.7790,    1.7034,    1.6001,    1.4057,    1.2516,    1.0414,    0.8988,    0.8133,    0.6753,    0.4940,    0.4374,    0.3213,    0.1979,    0.0709,    0.0334,    0.0116,    0.0048,    0.0013,    0.0001,    0.0000,    0.0000,    0.0001,    0.0004
 2217,    1.0000,  253.2470,    0.0088,  147.0224,  147.0638,    0.9658,    0.9006,  158.4330,  187.8848,  188.7445,  189.2360,  189.8089,  190.6099,  191.8502,  193.9440,  196.9899,  201.2233,  207.2248,  214.9803,  224.1966,  234.3042,  244.3096,  251.8020,  255.6111,  256.8049,  256.7022,  256.0037,  255.2681,  254.6888,  254.4934,  254.5461,  254.7623,    0.0782,    0.2985,    0.6363,    1.0617,    1.5483,    2.0732,    2.6163,    3.1401,    3.6118,    4.1310,    4.6226,    4.9038,    4.2670,    4.2759,    4.3562,    4.3998,    4.1668,    3.7180,    3.3448,    3.0971,    2.9358,    2.8550,    2.8656,    2.9879,    1.0939,    1.1327,    1.1709,    1.2153,    1.2419,    1.2611,    1.2408,    1.2385,    1.2144,    1.1362,    1.1501,    1.0726,    0.7734,    0.7169,    0.6395,    0.6404,    0.6055,    0.5082,    0.6068,    0.6134,    0.6473,    0.6986,    0.7747,    0.8357,    0.9543,    0.9901,    0.8663,    0.9517,    0.9231,    0.8885,    0.8594,    0.8609,    0.8536,    0.8333,    0.8102,    0.7855,    2.1311,    2.1001,    1.9430,    1.7403,    1.5194,    1.2103,    0.9860,    0.8468,    0.7549,    0.6850,    0.6632,    0.6538,    1.0197,    1.0579,    1.2554,    1.3606,    1.3401,    1.3379,    1.3881,    1.4719,    1.4778,    1.3811,    1.2833,    1.1868,    3.0340,    2.2815,    1.7029,    1.2746,    0.9505,    0.6911,    0.4940,    0.3530,    0.2554,    0.1789,    0.1239,    0.0904,    0.0937,    0.0471,    0.0878,    0.1080,    0.1212,    0.1122,    0.1235,    0.1386,    0.1221,    0.1679,    0.1484,    0.1628,    0.1796,    0.1462,    0.2122,    0.2350,    0.1928,    0.2037,    0.2064,    0.2257,    0.2557,    0.1901,    0.3043,    0.3208,    0.3947,    0.4217,    0.4362,    0.4642,    0.4762,    0.4963,    0.4940,    0.5346,    0.5604,    0.5546,    0.6123,    0.6234,    1.0707,    1.1683,    1.2250,    1.2612,    1.2778,    1.3927,    1.3136,    1.3989,    1.3435,    1.4361,    1.3615,    1.4576,    3.1440,    3.0931,    3.1743,    3.2249,    3.2544,    3.1286,    3.2385,    3.3213,    3.3890,    3.1512,    3.1066,    3.2265,    8.1583,    7.7767,    7.6940,    7.4630,    6.8973,    6.4736,    5.6863,    5.2350,    5.0354,    4.4160,    3.3950,    3.1561,    2.4358,    2.2428,    1.7112,    1.6345,    1.1033,    0.8022,    0.6498,    0.2617,    0.2317,    0.1654,    0.0577,    0.0472,    0.0296,    0.1130,    0.2407,    0.4015,    0.5853,    0.7834,    0.9882,    1.5045,    2.3823,    2.4297,    2.3775,    3.8368,    4.4914,    5.0385,    5.3328,    5.5748,    5.7988,    5.9269,    6.0139,    6.0755,    6.1124,    6.1278,    6.1235,    6.1028,    2.1324,    2.1273,    2.1210,    2.1132,    2.1026,    2.0910,    2.0726,    2.0620,    2.0460,    2.0223,    2.0100,    1.9838,    1.5098,    1.4961,    1.4809,    1.4715,    1.4599,    1.4435,    1.4387,    1.4287,    1.4195,    1.4105,    1.4050,    1.3987,    1.4701,    1.4556,    1.4365,    1.4310,    1.4210,    1.4090,    1.3946,    1.3847,    1.3708,    1.3583,    1.3458,    1.3327,    3.5995,    3.4849,    3.3811,    3.2729,    3.1577,    3.0326,    2.9103,    2.7947,    2.6844,    2.5774,    2.4772,    2.3806,    3.5909,    3.3658,    3.1600,    2.9487,    2.7378,    2.5309,    2.3035,    2.0010,    1.6846,    1.5089,    1.3506,    1.2155,    3.0301,    2.3392,    1.7853,    1.3217,    0.9650,    0.7250,    0.5497,    0.4087,    0.2951,    0.2192,    0.1627,    0.1148,    0.0025,    0.0000,    0.0082,    0.0148,    0.0182,    0.0185,    0.0208,    0.0222,    0.0202,    0.0297,    0.0271,    0.0277,    0.0285,    0.0237,    0.0346,    0.0350,    0.0263,    0.0149,    0.0014,    0.0035,    0.0203,    0.0273,    0.0481,    0.0509,    0.0634,    0.0699,    0.0757,    0.0758,    0.0778,    0.0794,    0.0666,    0.0598,    0.0532,    0.0641,    0.0900,    0.0927,    0.1694,    0.1964,    0.2063,    0.1996,    0.1877,    0.2046,    0.1991,    0.2173,    0.2036,    0.2348,    0.2170,    0.2241,    0.4807,    0.4690,    0.4902,    0.4919,    0.4909,    0.4741,    0.4900,    0.5018,    0.5096,    0.4707,    0.4607,    0.4740,    1.1764,    1.0855,    1.0284,    0.9559,    0.8259,    0.7228,    0.5908,    0.4992,    0.4428,    0.3612,    0.2600,    0.2266,    0.1638,    0.0884,    0.0247,    0.0093,    0.0026,    0.0009,    0.0002,    0.0000,    0.0000,    0.0000,    0.0000,    0.0001
 2404,    1.2500,  252.3759,    0.0059,  147.4816,  147.4943,    0.9635,    0.7858,  158.4330,  188.8879,  189.4273,  189.7978,  190.3600,  191.2560,  192.7793,  195.3020,  198.8051,  203.7816,  210.4983,  218.8550,  228.4231,  238.5019,  247.9802,  254.3060,  256.7968,  257.0129,  256.2144,  255.1988,  254.3572,  253.6642,  253.6304,  254.0796,  254.2282,    0.0781,    0.2980,    0.6351,    1.0596,    1.5450,    2.0685,    2.6100,    3.1345,    3.6088,    4.1257,    4.6141,    4.9017,    4.2653,    4.2724,    4.3520,    4.3951,    4.1628,    3.7186,    3.3499,    3.1050,    2.9451,    2.8646,    2.8741,    2.9939,    1.0952,    1.1334,    1.1713,    1.2156,    1.2427,    1.2628,    1.2469,    1.2440,    1.2214,    1.1485,    1.1621,    1.0923,    0.7939,    0.7408,    0.6656,    0.6691,    0.6334,    0.5301,    0.6379,    0.6446,    0.6802,    0.7312,    0.8048,    0.8614,    0.9749,    1.0060,    0.8859,    0.9600,    0.9307,    0.8954,    0.8651,    0.8626,    0.8545,    0.8329,    0.8091,    0.7843,    2.1272,    2.0959,    1.9383,    1.7364,    1.5168,    1.2105,    0.9880,    0.8498,    0.7583,    0.6885,    0.6663,    0.6564,    1.0228,    1.0591,    1.2531,    1.3567,    1.3356,    1.3327,    1.3835,    1.4698,    1.4775,    1.3812,    1.2842,    1.1876,    3.0348,    2.2828,    1.7032,    1.2749,    0.9507,    0.6913,    0.4943,    0.3537,    0.2561,    0.1798,    0.1247,    0.0907,    0.0937,    0.0470,    0.0879,    0.1083,    0.1217,    0.1127,    0.1241,    0.1391,    0.1226,    0.1687,    0.1492,    0.1635,    0.1804,    0.1468,    0.2131,    0.2359,    0.1934,    0.2040,    0.2064,    0.2256,    0.2561,    0.1908,    0.3055,    0.3220,    0.3963,    0.4235,    0.4382,    0.4661,    0.4782,    0.4983,    0.4955,    0.5358,    0.5614,    0.5560,    0.6145,    0.6256,    1.0750,    1.1734,    1.2303,    1.2662,    1.2824,    1.3976,    1.3185,    1.4044,    1.3485,    1.4421,    1.3670,    1.4631,    3.1559,    3.1047,    3.1866,    3.2371,    3.2665,    3.1403,    3.2507,    3.3337,    3.4016,    3.1627,    3.1179,    3.2381,    8.1868,    7.8027,    7.7181,    7.4850,    6.9158,    6.4893,    5.6988,    5.2453,    5.0443,    4.4232,    3.4002,    3.1607,    2.4393,    2.2447,    1.7120,    1.6352,    1.1038,    0.8026,    0.6501,    0.2618,    0.2318,    0.1655,    0.0577,    0.0473,    0.0353,    0.1347,    0.2871,    0.4791,    0.6988,    0.9357,    1.1809,    1.7685,    2.7092,    2.8036,    2.7823,    4.2629,    4.6861,    5.1128,    5.3741,    5.5902,    5.7604,    5.8661,    5.9447,    6.0004,    6.0325,    6.0447,    6.0390,    6.0187,    2.1033,    2.0987,    2.0930,    2.0862,    2.0763,    2.0655,    2.0460,    2.0356,    2.0189,    1.9935,    1.9810,    1.9527,    1.4850,    1.4709,    1.4550,    1.4452,    1.4338,    1.4192,    1.4125,    1.4026,    1.3936,    1.3850,    1.3806,    1.3754,    1.4487,    1.4408,    1.4164,    1.4205,    1.4077,    1.3932,    1.3789,    1.3714,    1.3585,    1.3462,    1.3328,    1.3183,    3.5631,    3.4558,    3.3436,    3.2250,    3.1029,    2.9721,    2.8481,    2.7323,    2.6226,    2.5164,    2.4180,    2.3235,    3.5043,    3.2853,    3.0903,    2.8936,    2.6943,    2.5055,    2.3156,    2.0821,    1.8141,    1.6385,    1.4763,    1.3358,    3.3519,    2.5815,    1.9697,    1.4641,    1.0748,    0.8049,    0.6057,    0.4472,    0.3232,    0.2375,    0.1743,    0.1243,    0.0015,    0.0000,    0.0050,    0.0091,    0.0113,    0.0118,    0.0133,    0.0141,    0.0129,    0.0192,    0.0177,    0.0177,    0.0180,    0.0150,    0.0220,    0.0219,    0.0162,    0.0091,    0.0009,    0.0022,    0.0125,    0.0168,    0.0303,    0.0321,    0.0401,    0.0445,    0.0487,    0.0481,    0.0494,    0.0504,    0.0414,    0.0371,    0.0331,    0.0399,    0.0560,    0.0578,    0.1066,    0.1254,    0.1319,    0.1262,    0.1175,    0.1275,    0.1244,    0.1366,    0.1287,    0.1490,    0.1369,    0.1404,    0.3003,    0.2931,    0.3067,    0.3068,    0.3056,    0.2952,    0.3051,    0.3122,    0.3168,    0.2922,    0.2854,    0.2930,    0.7237,    0.6625,    0.6210,    0.5712,    0.4854,    0.4175,    0.3353,    0.2774,    0.2412,    0.1933,    0.1369,    0.1175,    0.0836,    0.0396,    0.0087,    0.0026,    0.0006,    0.0002,    0.0000,    0.0000,    0.0000,    0.0000,    0.0000,    0.0000
 2600,    1.5000,  251.2870,    0.0047,  147.6728,  147.6685,    0.9826,    0.5496,  158.4330,  190.1565,  189.8511,  190.2051,  190.7876,  191.8827,  193.5771,  196.4364,  200.4855,  206.0518,  213.3571,  222.1454,  231.8728,  241.7998,  250.5814,  255.7273,  257.0193,  256.4000,  255.2500,  254.0642,  253.1444,  252.3305,  252.3934,  253.1056,  253.3671,    0.0779,    0.2973,    0.6336,    1.0569,    1.5408,    2.0625,    2.6020,    3.1268,    3.6034,    4.1176,    4.6021,    4.8957,    4.2607,    4.2670,    4.3463,    4.3892,    4.1586,    3.7183,    3.3527,    3.1097,    2.9508,    2.8705,    2.8792,    2.9973,    1.0958,    1.1336,    1.1712,    1.2155,    1.2429,    1.2634,    1.2506,    1.2473,    1.2257,    1.1570,    1.1699,    1.1060,    0.8086,    0.7586,    0.6861,    0.6917,    0.6559,    0.5488,    0.6631,    0.6697,    0.7063,    0.7565,    0.8272,    0.8797,    0.9886,    1.0161,    0.8999,    0.9647,    0.9350,    0.8993,    0.8683,    0.8629,    0.8542,    0.8318,    0.8076,    0.7829,    2.1227,    2.0910,    1.9335,    1.7326,    1.5143,    1.2101,    0.9891,    0.8515,    0.7603,    0.6906,    0.6682,    0.6579,    1.0246,    1.0595,    1.2508,    1.3526,    1.3310,    1.3269,    1.3772,    1.4640,    1.4724,    1.3766,    1.2803,    1.1840,    3.0241,    2.2747,    1.6962,    1.2693,    0.9464,    0.6881,    0.4920,    0.3522,    0.2551,    0.1794,    0.1245,    0.0903,    0.0936,    0.0470,    0.0880,    0.1085,    0.1219,    0.1129,    0.1243,    0.1394,    0.1228,    0.1691,    0.1495,    0.1638,    0.1807,    0.1471,    0.2135,    0.2362,    0.1936,    0.2040,    0.2063,    0.2255,    0.2562,    0.1910,    0.3060,    0.3226,    0.3970,    0.4243,    0.4391,    0.4669,    0.4791,    0.4991,    0.4961,    0.5363,    0.5618,    0.5565,    0.6154,    0.6266,    1.0768,    1.1756,    1.2327,    1.2683,    1.2843,    1.3997,    1.3206,    1.4066,    1.3506,    1.4447,    1.3693,    1.4655,    3.1609,    3.1096,    3.1917,    3.2422,    3.2715,    3.1452,    3.2557,    3.3388,    3.4068,    3.1675,    3.1225,    3.2428,    8.1984,    7.8131,    7.7277,    7.4936,    6.9228,    6.4952,    5.7034,    5.2490,    5.0476,    4.4259,    3.4022,    3.1624,    2.4407,    2.2456,    1.7125,    1.6356,    1.1041,    0.8028,    0.6502,    0.2619,    0.2319,    0.1656,    0.0578,    0.0473,    0.0403,    0.1537,    0.3277,    0.5470,    0.7979,    1.0687,    1.3490,    1.9881,    2.9529,    3.0955,    3.1115,    4.5474,    4.7576,    5.1011,    5.3411,    5.5412,    5.6873,    5.7834,    5.8563,    5.9066,    5.9338,    5.9422,    5.9342,    5.9122,    2.0655,    2.0609,    2.0550,    2.0483,    2.0387,    2.0280,    2.0083,    1.9979,    1.9809,    1.9546,    1.9424,    1.9131,    1.4538,    1.4390,    1.4220,    1.4119,    1.4004,    1.3875,    1.3790,    1.3694,    1.3610,    1.3530,    1.3497,    1.3455,    1.4188,    1.4140,    1.3866,    1.3947,    1.3805,    1.3650,    1.3504,    1.3434,    1.3309,    1.3183,    1.3044,    1.2895,    3.4852,    3.3812,    3.2667,    3.1459,    3.0230,    2.8925,    2.7697,    2.6550,    2.5466,    2.4418,    2.3455,    2.2530,    3.3964,    3.1826,    2.9932,    2.8039,    2.6117,    2.4328,    2.2640,    2.0790,    1.8577,    1.6889,    1.5305,    1.3907,    3.5043,    2.6905,    2.0482,    1.5257,    1.1239,    0.8382,    0.6258,    0.4596,    0.3322,    0.2421,    0.1760,    0.1261,    0.0009,    0.0000,    0.0031,    0.0055,    0.0070,    0.0076,    0.0085,    0.0089,    0.0082,    0.0125,    0.0115,    0.0114,    0.0114,    0.0095,    0.0140,    0.0137,    0.0099,    0.0056,    0.0005,    0.0014,    0.0077,    0.0104,    0.0191,    0.0203,    0.0253,    0.0284,    0.0314,    0.0305,    0.0314,    0.0320,    0.0258,    0.0230,    0.0207,    0.0248,    0.0348,    0.0360,    0.0671,    0.0802,    0.0844,    0.0798,    0.0736,    0.0794,    0.0777,    0.0860,    0.0814,    0.0946,    0.0864,    0.0880,    0.1876,    0.1832,    0.1920,    0.1914,    0.1903,    0.1839,    0.1899,    0.1943,    0.1969,    0.1814,    0.1768,    0.1811,    0.4454,    0.4044,    0.3751,    0.3414,    0.2854,    0.2413,    0.1904,    0.1543,    0.1315,    0.1035,    0.0722,    0.0610,    0.0427,    0.0177,    0.0030,    0.0007,    0.0001,    0.0000,    0.0000,    0.0000,    0.0000,    0.0000,    0.0000,    0.0000
 2776,    1.7500,  250.1415,    0.0042,  147.7710,  147.7409,    0.9886,    0.1359,  158.4330,  191.1313,  190.0211,  190.6304,  191.1837,  192.3619,  194.3636,  197.5611,  202.0807,  208.1220,  215.8576,  224.9307,  234.7477,  244.3847,  252.4131,  256.4939,  256.7229,  255.4978,  254.0566,  252.7963,  251.8612,  250.9976,  251.3755,  252.1815,  252.4062,    0.0777,    0.2966,    0.6320,    1.0542,    1.5366,    2.0566,    2.5941,    3.1191,    3.5976,    4.1091,    4.5899,    4.8884,    4.2550,    4.2613,    4.3405,    4.3835,    4.1553,    3.7194,    3.3568,    3.1150,    2.9565,    2.8762,    2.8848,    3.0021,    1.0970,    1.1345,    1.1717,    1.2157,    1.2431,    1.2639,    1.2534,    1.2496,    1.2288,    1.1637,    1.1757,    1.1164,    0.8201,    0.7729,    0.7031,    0.7105,    0.6747,    0.5651,    0.6844,    0.6908,    0.7279,    0.7769,    0.8445,    0.8933,    0.9982,    1.0227,    0.9103,    0.9674,    0.9374,    0.9016,    0.8702,    0.8626,    0.8535,    0.8306,    0.8062,    0.7815,    2.1184,    2.0861,    1.9291,    1.7294,    1.5126,    1.2109,    0.9911,    0.8539,    0.7627,    0.6930,    0.6704,    0.6600,    1.0274,    1.0611,    1.2495,    1.3491,    1.3266,    1.3213,    1.3704,    1.4566,    1.4653,    1.3700,    1.2745,    1.1785,    3.0085,    2.2625,    1.6861,    1.2614,    0.9401,    0.6833,    0.4884,    0.3498,    0.2533,    0.1783,    0.1238,    0.0896,    0.0936,    0.0469,    0.0880,    0.1085,    0.1220,    0.1130,    0.1244,    0.1395,    0.1229,    0.1692,    0.1496,    0.1640,    0.1808,    0.1472,    0.2136,    0.2364,    0.1937,    0.2040,    0.2062,    0.2254,    0.2562,    0.1911,    0.3062,    0.3228,    0.3973,    0.4247,    0.4395,    0.4673,    0.4794,    0.4995,    0.4964,    0.5365,    0.5619,    0.5567,    0.6157,    0.6269,    1.0775,    1.1766,    1.2337,    1.2693,    1.2850,    1.4005,    1.3214,    1.4076,    1.3515,    1.4458,    1.3703,    1.4665,    3.1629,    3.1116,    3.1938,    3.2443,    3.2736,    3.1472,    3.2577,    3.3409,    3.4090,    3.1695,    3.1244,    3.2447,    8.2032,    7.8173,    7.7315,    7.4971,    6.9256,    6.4975,    5.7052,    5.2505,    5.0489,    4.4270,    3.4030,    3.1633,    2.4413,    2.2461,    1.7129,    1.6359,    1.1043,    0.8030,    0.6504,    0.2619,    0.2319,    0.1656,    0.0578,    0.0473,    0.0446,    0.1703,    0.3632,    0.6061,    0.8842,    1.1844,    1.4951,    2.1695,    3.1317,    3.3208,    3.3771,    4.7302,    4.7640,    5.0546,    5.2811,    5.4710,    5.6060,    5.6973,    5.7647,    5.8083,    5.8295,    5.8338,    5.8241,    5.8017,    2.0266,    2.0218,    2.0157,    2.0088,    1.9990,    1.9882,    1.9686,    1.9581,    1.9411,    1.9146,    1.9024,    1.8727,    1.4222,    1.4071,    1.3897,    1.3792,    1.3678,    1.3573,    1.3464,    1.3369,    1.3287,    1.3211,    1.3185,    1.3151,    1.3873,    1.3838,    1.3550,    1.3641,    1.3493,    1.3335,    1.3186,    1.3115,    1.2991,    1.2863,    1.2722,    1.2573,    3.3970,    3.2946,    3.1804,    3.0606,    2.9395,    2.8110,    2.6893,    2.5752,    2.4677,    2.3641,    2.2702,    2.1804,    3.2859,    3.0781,    2.8932,    2.7081,    2.5208,    2.3476,    2.1897,    2.0343,    1.8503,    1.6903,    1.5390,    1.4028,    3.5441,    2.7120,    2.0579,    1.5344,    1.1326,    0.8410,    0.6233,    0.4556,    0.3293,    0.2384,    0.1719,    0.1234,    0.0006,    0.0000,    0.0019,    0.0034,    0.0044,    0.0048,    0.0055,    0.0056,    0.0052,    0.0081,    0.0075,    0.0073,    0.0072,    0.0060,    0.0089,    0.0085,    0.0061,    0.0035,    0.0003,    0.0008,    0.0047,    0.0064,    0.0120,    0.0128,    0.0160,    0.0181,    0.0202,    0.0193,    0.0199,    0.0203,    0.0161,    0.0143,    0.0129,    0.0155,    0.0217,    0.0225,    0.0423,    0.0512,    0.0540,    0.0505,    0.0461,    0.0495,    0.0486,    0.0541,    0.0515,    0.0600,    0.0545,    0.0551,    0.1173,    0.1145,    0.1201,    0.1194,    0.1185,    0.1146,    0.1183,    0.1210,    0.1225,    0.1126,    0.1096,    0.1120,    0.2741,    0.2470,    0.2266,    0.2041,    0.1678,    0.1395,    0.1082,    0.0858,    0.0717,    0.0555,    0.0381,    0.0317,    0.0218,    0.0080,    0.0011,    0.0002,    0.0000,    0.0000,    0.0000,    0.0000,    0.0000,    0.0000,    0.0000,    0.0000
 2954,    2.0000,  249.0354,    0.0040,  147.8350,  147.7721,    0.9789,   -0.0492,  158.4330,  192.0320,  190.1816,  190.9171,  191.5876,  192.8559,  195.0074,  198.6473,  203.6057,  210.0252,  218.0824,  227.3585,  237.2265,  246.5028,  253.7895,  256.7127,  256.0980,  254.4339,  252.7927,  251.5287,  250.5345,  249.7202,  250.3647,  251.1031,  251.3538,    0.0776,    0.2960,    0.6307,    1.0517,    1.5328,    2.0513,    2.5869,    3.1123,    3.5926,    4.1018,    4.5792,    4.8823,    4.2504,    4.2569,    4.3361,    4.3792,    4.1526,    3.7198,    3.3592,    3.1183,    2.9603,    2.8801,    2.8884,    3.0050,    1.0977,    1.1349,    1.1719,    1.2157,    1.2432,    1.2641,    1.2554,    1.2512,    1.2311,    1.1688,    1.1800,    1.1243,    0.8289,    0.7842,    0.7170,    0.7259,    0.6903,    0.5788,    0.7023,    0.7084,    0.7457,    0.7935,    0.8584,    0.9039,    1.0056,    1.0277,    0.9186,    0.9695,    0.9392,    0.9034,    0.8717,    0.8624,    0.8530,    0.8296,    0.8051,    0.7804,    2.1152,    2.0825,    1.9257,    1.7269,    1.5112,    1.2112,    0.9922,    0.8554,    0.7643,    0.6946,    0.6719,    0.6612,    1.0290,    1.0620,    1.2483,    1.3464,    1.3233,    1.3171,    1.3654,    1.4509,    1.4596,    1.3646,    1.2696,    1.1739,    2.9956,    2.2524,    1.6778,    1.2548,    0.9349,    0.6794,    0.4855,    0.3478,    0.2518,    0.1773,    0.1232,    0.0890,    0.0935,    0.0469,    0.0880,    0.1085,    0.1220,    0.1130,    0.1245,    0.1395,    0.1230,    0.1693,    0.1497,    0.1640,    0.1809,    0.1472,    0.2137,    0.2364,    0.1937,    0.2039,    0.2061,    0.2253,    0.2562,    0.1912,    0.3063,    0.3229,    0.3974,    0.4248,    0.4397,    0.4675,    0.4796,    0.4997,    0.4965,    0.5365,    0.5619,    0.5567,    0.6159,    0.6271,    1.0778,    1.1770,    1.2341,    1.2696,    1.2854,    1.4009,    1.3218,    1.4080,    1.3518,    1.4463,    1.3707,    1.4669,    3.1638,    3.1124,    3.1947,    3.2452,    3.2744,    3.1480,    3.2586,    3.3418,    3.4098,    3.1703,    3.1252,    3.2456,    8.2051,    7.8191,    7.7331,    7.4985,    6.9268,    6.4985,    5.7060,    5.2512,    5.0496,    4.4276,    3.4035,    3.1638,    2.4418,    2.2465,    1.7131,    1.6362,    1.1044,    0.8031,    0.6504,    0.2620,    0.2320,    0.1656,    0.0578,    0.0474,    0.0484,    0.1849,    0.3941,    0.6578,    0.9595,    1.2851,    1.6222,    2.3194,    3.2617,    3.4938,    3.5910,    4.8431,    4.7395,    4.9982,    5.2158,    5.3988,    5.5281,    5.6158,    5.6777,    5.7155,    5.7316,    5.7322,    5.7204,    5.6973,    1.9898,    1.9848,    1.9786,    1.9715,    1.9615,    1.9506,    1.9313,    1.9206,    1.9036,    1.8774,    1.8652,    1.8356,    1.3935,    1.3784,    1.3609,    1.3501,    1.3389,    1.3299,    1.3175,    1.3079,    1.2999,    1.2925,    1.2902,    1.2870,    1.3578,    1.3545,    1.3255,    1.3341,    1.3191,    1.3033,    1.2883,    1.2808,    1.2684,    1.2554,    1.2414,    1.2266,    3.3126,    3.2111,    3.0981,    2.9802,    2.8611,    2.7347,    2.6139,    2.5007,    2.3943,    2.2920,    2.2002,    2.1127,    3.1827,    2.9805,    2.8000,    2.6183,    2.4350,    2.2657,    2.1135,    1.9745,    1.8170,    1.6656,    1.5219,    1.3905,    3.5184,    2.6835,    2.0293,    1.5132,    1.1182,    0.8269,    0.6088,    0.4432,    0.3201,    0.2305,    0.1652,    0.1186,    0.0004,    0.0000,    0.0012,    0.0021,    0.0027,    0.0031,    0.0035,    0.0036,    0.0033,    0.0052,    0.0049,    0.0047,    0.0045,    0.0038,    0.0057,    0.0053,    0.0038,    0.0021,    0.0002,    0.0005,    0.0029,    0.0040,    0.0076,    0.0081,    0.0101,    0.0115,    0.0130,    0.0123,    0.0127,    0.0129,    0.0100,    0.0089,    0.0081,    0.0096,    0.0135,    0.0140,    0.0266,    0.0328,    0.0345,    0.0320,    0.0289,    0.0309,    0.0304,    0.0340,    0.0325,    0.0381,    0.0344,    0.0345,    0.0733,    0.0716,    0.0752,    0.0746,    0.0738,    0.0714,    0.0737,    0.0753,    0.0762,    0.0699,    0.0679,    0.0692,    0.1688,    0.1508,    0.1369,    0.1221,    0.0987,    0.0807,    0.0615,    0.0478,    0.0391,    0.0298,    0.0201,    0.0165,    0.0112,    0.0036,    0.0004,    0.0001,    0.0000,    0.0000,    0.0000,    0.0000,    0.0000,    0.0000,    0.0000,    0.0000
