Particle       ,data/QEXT_96IR_84_VIS_SiO2_Rod_5um_1um
Ncase          ,  14
dt (sols)      ,  0.020833
Qext 0.67um    ,  4.034000
Alb sfc        ,  0.220000
Conrath nu     ,  0.002000
Sun Flux (W/m2),148.393084
BWN IR (cm-1)  ,     10.0000,     34.1670,     58.3330,     82.5000,    106.6670,    130.8330,    155.0000,    179.1670,    203.3330,    227.5000,    251.6670,    275.8330,    300.0000,    320.7880,    341.5750,    362.3630,    383.1500,    403.9380,    424.7250,    445.5130,    466.3010,    487.0880,    507.8760,    528.6630,    549.4510,    556.7420,    564.0330,    571.3240,    578.6150,    585.9060,    593.1970,    600.4880,    607.7790,    615.0700,    622.3610,    629.6520,    636.9430,    642.5500,    648.1570,    653.7640,    659.3700,    664.9770,    670.5840,    676.1910,    681.7980,    687.4050,    693.0110,    698.6180,    704.2250,    710.1390,    716.0530,    721.9670,    727.8810,    733.7950,    739.7090,    745.6240,    751.5380,    757.4520,    763.3660,    769.2800,    775.1940,    791.5010,    807.8070,    824.1140,    840.4210,    856.7270,    873.0340,    889.3410,    905.6470,    921.9540,    938.2610,    954.5670,    970.8740,    996.8050,   1022.7370,   1048.6680,   1074.6000,   1100.5310,   1126.4630,   1152.3940,   1178.3250,   1204.2570,   1230.1880,   1256.1200,   1282.0510,   1360.3990,   1438.7460,   1517.0940,   1595.4410,   1673.7890,   1752.1370,   1830.4840,   1908.8320,   1987.1790,   2065.5270,   2143.8740,   2222.2220
BWN VIS (cm-1) ,   2222.2200,   2294.3160,   2366.4120,   2438.5080,   2510.6030,   2582.6990,   2654.7950,   2726.8910,   2798.9870,   2871.0820,   2943.1780,   3015.2740,   3087.3700,   3165.9750,   3244.5800,   3323.1850,   3401.7900,   3480.3950,   3559.0000,   3637.6050,   3716.2100,   3794.8150,   3873.4200,   3952.0250,   4030.6300,   4142.2920,   4253.9530,   4365.6150,   4477.2770,   4588.9380,   4700.6000,   4812.2620,   4923.9230,   5035.5850,   5147.2470,   5258.9080,   5370.5700,   5560.6150,   5750.6600,   5940.7050,   6130.7500,   6320.7950,   6510.8400,   6700.8850,   6890.9300,   7080.9750,   7271.0200,   7461.0650,   7651.1100,   8055.1840,   8459.2580,   8863.3330,   9267.4070,   9671.4810,  10075.5550,  10479.6290,  10883.7030,  11287.7780,  11691.8520,  12095.9260,  12500.0000,  13541.6670,  14583.3330,  15625.0000,  16666.6670,  17708.3330,  18750.0000,  19791.6670,  20833.3330,  21875.0000,  22916.6670,  23958.3330,  25000.0000,  26388.8890,  27777.7780,  29166.6670,  30555.5570,  31944.4460,  33333.3350,  34722.2240,  36111.1130,  37500.0030,  38888.8920,  40277.7810,  41666.6700
================
wavelenght [um],    0.244068,    0.252632,    0.261818,    0.271698,    0.282353,    0.293878,    0.306383,    0.320000,    0.334884,    0.351220,    0.369231,    0.389189,    0.408511,    0.426667,    0.446512,    0.468293,    0.492308,    0.518919,    0.548571,    0.581818,    0.619355,    0.662069,    0.711111,    0.768000,    0.813143,    0.840768,    0.870336,    0.902060,    0.936184,    0.972991,    1.012810,    1.056028,    1.103099,    1.154562,    1.211061,    1.273375,    1.323436,    1.357581,    1.393534,    1.431444,    1.471474,    1.513807,    1.558648,    1.606226,    1.656801,    1.710664,    1.768147,    1.829628,    1.881560,    1.921939,    1.964090,    2.008131,    2.054193,    2.102417,    2.152960,    2.205992,    2.261704,    2.320302,    2.382017,    2.447105,    2.505432,    2.555765,    2.608162,    2.662752,    2.719677,    2.779088,    2.841153,    2.906054,    2.973989,    3.045176,    3.119855,    3.198288,    3.277268,    3.356577,    3.439819,    3.527294,    3.619334,    3.716307,    3.818620,    3.926726,    4.041130,    4.162400,    4.291175,    4.428172,    4.580751,    4.751270,    4.934974,    5.133456,    5.348572,    5.582505,    5.837838,    6.117648,    6.425631,    6.766266,    7.145039,    7.568734,    7.879690,    8.044056,    8.215425,    8.394255,    8.581043,    8.776330,    8.980716,    9.194848,    9.419442,    9.655282,    9.903235,   10.164260,   10.387231,   10.566200,   10.751445,   10.943308,   11.142136,   11.348323,   11.562291,   11.784476,   12.015368,   12.255495,   12.505409,   12.765727,   12.949392,   13.049328,   13.150818,   13.253898,   13.358608,   13.464994,   13.573088,   13.682923,   13.794549,   13.908012,   14.023357,   14.140631,   14.256763,   14.371646,   14.488386,   14.607038,   14.727660,   14.850291,   14.974981,   15.101782,   15.230738,   15.361915,   15.495384,   15.631191,   15.790367,   15.974275,   16.162517,   16.355249,   16.552633,   16.754839,   16.962047,   17.174443,   17.392227,   17.615605,   17.844795,   18.080028,   18.550914,   19.294981,   20.101230,   20.977796,   21.934298,   22.982219,   24.135264,   25.410119,   26.827165,   28.411593,   30.194923,   32.217118,   34.732292,   37.914692,   41.739101,   46.421699,   52.287582,   59.850314,   69.970927,   84.210526,  105.726686,  142.012170,  216.216216,  452.826771
Qext           ,      6.0720,      6.0720,      6.0720,      6.0720,      6.0720,      6.0720,      6.0720,      6.0720,      6.0720,      6.0720,      6.0720,      4.0340,      4.0340,      4.0340,      4.0340,      4.0340,      4.0340,      4.0340,      4.0340,      4.0340,      4.0340,      4.0340,      4.0340,      8.3610,      8.3610,      8.3610,      8.3610,      8.3610,      8.3610,      8.3610,      8.3610,      8.3610,      8.3610,      6.0290,      6.0290,      6.0290,      6.0290,      6.0290,      6.0290,      6.0290,      6.0290,      4.2710,      4.2710,      4.2710,      4.2710,      4.2710,      4.2710,      4.2710,      3.5370,      3.5370,      3.5370,      3.5370,      3.5370,      3.5370,      3.5370,      3.5370,      2.4700,      2.4700,      2.4700,      2.4700,      2.4700,      2.4700,      1.8410,      1.8410,      1.8410,      1.8410,      1.8410,      1.8410,      1.3930,      1.3930,      1.3930,      1.3930,      1.3930,      1.1840,      1.1840,      1.1840,      1.1840,      0.9780,      0.9780,      0.9780,      0.9780,      0.7680,      0.7680,      0.7680,      0.6460,      0.6460,      0.5220,      0.5220,      0.3450,      0.2250,      0.2250,      0.2530,      0.0720,      0.1200,      0.3070,      0.0020,      0.0590,      0.0590,      0.6240,      0.6240,      2.2900,      2.2900,      3.9070,      3.9070,      4.8150,      4.7970,      4.7970,      4.0300,      2.8860,      2.8860,      1.7390,      1.7390,      0.8430,      0.8430,      0.3010,      0.1620,      0.1620,      0.1220,      0.1220,      0.2750,      0.4510,      0.4510,      0.4510,      0.4510,      0.5820,      0.5820,      0.5820,      0.6340,      0.6340,      0.6340,      0.6050,      0.6050,      0.6050,      0.5120,      0.5120,      0.5120,      0.3800,      0.3800,      0.3800,      0.2400,      0.2400,      0.2400,      0.1150,      0.1150,      0.1150,      0.0260,      0.0260,      0.0120,      0.0120,      0.0070,      0.0530,      0.0530,      0.1580,      0.1580,      0.2990,      0.4660,      0.5580,      0.9360,      1.3680,      1.6910,      1.8540,      1.8670,      1.7180,      1.4150,      1.0040,      0.5600,      0.1580,      0.0170,      0.0090,      0.0040,      0.0010,      0.0170,      0.1900,      0.2720,      0.2720,      0.2720,      0.2720,      0.2720,      0.2720,      0.2720
Qscat          ,      6.0270,      6.0270,      6.0270,      6.0270,      6.0270,      6.0270,      6.0270,      6.0270,      6.0270,      6.0270,      6.0270,      3.9950,      3.9950,      3.9950,      3.9950,      3.9950,      3.9950,      3.9950,      3.9950,      3.9950,      3.9950,      3.9950,      3.9950,      8.3160,      8.3160,      8.3160,      8.3160,      8.3160,      8.3160,      8.3160,      8.3160,      8.3160,      8.3160,      5.9720,      5.9720,      5.9720,      5.9720,      5.9720,      5.9720,      5.9720,      5.9720,      4.2220,      4.2220,      4.2220,      4.2220,      4.2220,      4.2220,      4.2220,      3.4760,      3.4760,      3.4760,      3.4760,      3.4760,      3.4760,      3.4760,      3.4760,      2.3940,      2.3940,      2.3940,      2.3940,      2.3940,      2.3940,      1.7540,      1.7540,      1.7540,      1.7540,      1.7540,      1.7540,      1.3929,      1.3929,      1.3929,      1.3929,      1.3929,      1.1650,      1.1650,      1.1650,      1.1650,      0.9600,      0.9600,      0.9600,      0.9600,      0.7679,      0.7679,      0.7679,      0.6459,      0.6459,      0.4200,      0.4200,      0.3450,      0.1730,      0.1730,      0.1560,      0.0720,      0.0090,      0.0130,      0.0020,      0.0590,      0.0590,      0.3100,      0.3100,      0.7170,      0.7170,      1.1160,      1.1160,      1.3520,      1.3730,      1.3730,      1.2150,      0.9610,      0.9610,      0.6900,      0.6900,      0.4550,      0.4550,      0.2780,      0.1620,      0.1620,      0.0950,      0.0950,      0.0630,      0.0520,      0.0520,      0.0520,      0.0520,      0.0500,      0.0500,      0.0500,      0.0510,      0.0510,      0.0510,      0.0500,      0.0500,      0.0500,      0.0470,      0.0470,      0.0470,      0.0420,      0.0420,      0.0420,      0.0340,      0.0340,      0.0340,      0.0260,      0.0260,      0.0260,      0.0190,      0.0190,      0.0120,      0.0120,      0.0070,      0.0030,      0.0030,      0.0020,      0.0020,      0.0020,      0.0040,      0.0050,      0.0130,      0.0240,      0.0360,      0.0440,      0.0500,      0.0520,      0.0500,      0.0440,      0.0360,      0.0260,      0.0170,      0.0090,      0.0040,      0.0010,      0.0000,      0.0010,      0.0020,      0.0020,      0.0020,      0.0020,      0.0020,      0.0020,      0.0020
G factor       ,    0.5700,    0.5700,    0.5700,    0.5700,    0.5700,    0.5700,    0.5700,    0.5700,    0.5700,    0.5700,    0.5700,    0.7120,    0.7120,    0.7120,    0.7120,    0.7120,    0.7120,    0.7120,    0.7120,    0.7120,    0.7120,    0.7120,    0.7120,    0.8740,    0.8740,    0.8740,    0.8740,    0.8740,    0.8740,    0.8740,    0.8740,    0.8740,    0.8740,    0.8390,    0.8390,    0.8390,    0.8390,    0.8390,    0.8390,    0.8390,    0.8390,    0.6940,    0.6940,    0.6940,    0.6940,    0.6940,    0.6940,    0.6940,    0.6770,    0.6770,    0.6770,    0.6770,    0.6770,    0.6770,    0.6770,    0.6770,    0.6840,    0.6840,    0.6840,    0.6840,    0.6840,    0.6840,    0.5660,    0.5660,    0.5660,    0.5660,    0.5660,    0.5660,    0.4220,    0.4220,    0.4220,    0.4220,    0.4220,    0.3060,    0.3060,    0.3060,    0.3060,    0.2320,    0.2320,    0.2320,    0.2320,    0.1840,    0.1840,    0.1840,    0.1450,    0.1450,    0.1230,    0.1230,    0.1030,    0.0920,    0.0920,    0.0770,    0.0690,    0.0610,    0.0600,    0.0760,    0.0510,    0.0510,    0.0480,    0.0480,    0.0460,    0.0460,    0.0440,    0.0440,    0.0420,    0.0390,    0.0390,    0.0370,    0.0340,    0.0340,    0.0320,    0.0320,    0.0280,    0.0280,    0.0240,    0.0190,    0.0190,    0.0120,    0.0120,    0.0070,    0.0060,    0.0060,    0.0060,    0.0060,    0.0100,    0.0100,    0.0100,    0.0150,    0.0150,    0.0150,    0.0180,    0.0180,    0.0180,    0.0200,    0.0200,    0.0200,    0.0210,    0.0210,    0.0210,    0.0230,    0.0230,    0.0230,    0.0240,    0.0240,    0.0240,    0.0250,    0.0250,    0.0270,    0.0270,    0.0280,    0.0240,    0.0240,   -0.0130,   -0.0130,   -0.0340,   -0.0180,   -0.0130,   -0.0000,    0.0050,    0.0070,    0.0090,    0.0090,    0.0100,    0.0100,    0.0110,    0.0110,    0.0110,    0.0100,    0.0090,    0.0070,   -0.0010,   -0.0660,   -0.0190,    0.0090,    0.0090,    0.0090,    0.0090,    0.0090,    0.0090,    0.0090
================
P [mbar]       ,    0.1004,    0.1015,    0.1034,    0.1069,    0.1130,    0.1239,    0.1432,    0.1740,    0.2226,    0.3028,    0.4349,    0.6529,    1.0121,    1.6044,    2.4646,    3.4606,    4.3994,    5.2226,    5.8426,    6.2132,    6.3980,    6.4686,    6.5039,    6.5168
Temp initial[K],  155.0000,  155.0000,  155.0000,  155.0000,  155.0000,  155.0000,  155.0000,  155.0000,  155.0000,  155.0000,  155.0000,  155.0000,  158.8233,  165.4041,  173.2716,  181.4436,  190.2788,  198.8130,  204.5783,  207.8249,  209.4219,  210.0497,  210.3719,  210.4891
================
it   ,   tau    ,  Tsfc    ,   alb    ,   OLR    ,    ASR   ,  NET top ,  NET bot , T lev  01, T lev  02, T lev  03, T lev  04, T lev  05, T lev  06, T lev  07, T lev  08, T lev  09, T lev  10, T lev  11, T lev  12, T lev  13, T lev  14, T lev  15, T lev  16, T lev  17, T lev  18, T lev  19, T lev  20, T lev  21, T lev  22, T lev  23, T lev  24, T lev  25,  OLR IR01,  OLR IR02,  OLR IR03,  OLR IR04,  OLR IR05,  OLR IR06,  OLR IR07,  OLR IR08,  OLR IR09,  OLR IR10,  OLR IR11,  OLR IR12,  OLR IR13,  OLR IR14,  OLR IR15,  OLR IR16,  OLR IR17,  OLR IR18,  OLR IR19,  OLR IR20,  OLR IR21,  OLR IR22,  OLR IR23,  OLR IR24,  OLR IR25,  OLR IR26,  OLR IR27,  OLR IR28,  OLR IR29,  OLR IR30,  OLR IR31,  OLR IR32,  OLR IR33,  OLR IR34,  OLR IR35,  OLR IR36,  OLR IR37,  OLR IR38,  OLR IR39,  OLR IR40,  OLR IR41,  OLR IR42,  OLR IR43,  OLR IR44,  OLR IR45,  OLR IR46,  OLR IR47,  OLR IR48,  OLR IR49,  OLR IR50,  OLR IR51,  OLR IR52,  OLR IR53,  OLR IR54,  OLR IR55,  OLR IR56,  OLR IR57,  OLR IR58,  OLR IR59,  OLR IR60,  OLR IR61,  OLR IR62,  OLR IR63,  OLR IR64,  OLR IR65,  OLR IR66,  OLR IR67,  OLR IR68,  OLR IR69,  OLR IR70,  OLR IR71,  OLR IR72,  OLR IR73,  OLR IR74,  OLR IR75,  OLR IR76,  OLR IR77,  OLR IR78,  OLR IR79,  OLR IR80,  OLR IR81,  OLR IR82,  OLR IR83,  OLR IR84,  OLR IR85,  OLR IR86,  OLR IR87,  OLR IR88,  OLR IR89,  OLR IR90,  OLR IR91,  OLR IR92,  OLR IR93,  OLR IR94,  OLR IR95,  OLR IR96, ASR VIS01, ASR VIS02, ASR VIS03, ASR VIS04, ASR VIS05, ASR VIS06, ASR VIS07, ASR VIS08, ASR VIS09, ASR VIS10, ASR VIS11, ASR VIS12, ASR VIS13, ASR VIS14, ASR VIS15, ASR VIS16, ASR VIS17, ASR VIS18, ASR VIS19, ASR VIS20, ASR VIS21, ASR VIS22, ASR VIS23, ASR VIS24, ASR VIS25, ASR VIS26, ASR VIS27, ASR VIS28, ASR VIS29, ASR VIS30, ASR VIS31, ASR VIS32, ASR VIS33, ASR VIS34, ASR VIS35, ASR VIS36, ASR VIS37, ASR VIS38, ASR VIS39, ASR VIS40, ASR VIS41, ASR VIS42, ASR VIS43, ASR VIS44, ASR VIS45, ASR VIS46, ASR VIS47, ASR VIS48, ASR VIS49, ASR VIS50, ASR VIS51, ASR VIS52, ASR VIS53, ASR VIS54, ASR VIS55, ASR VIS56, ASR VIS57, ASR VIS58, ASR VIS59, ASR VIS60, ASR VIS61, ASR VIS62, ASR VIS63, ASR VIS64, ASR VIS65, ASR VIS66, ASR VIS67, ASR VIS68, ASR VIS69, ASR VIS70, ASR VIS71, ASR VIS72, ASR VIS73, ASR VIS74, ASR VIS75, ASR VIS76, ASR VIS77, ASR VIS78, ASR VIS79, ASR VIS80, ASR VIS81, ASR VIS82, ASR VIS83, ASR VIS84, SFC DIR01, SFC DIR02, SFC DIR03, SFC DIR04, SFC DIR05, SFC DIR06, SFC DIR07, SFC DIR08, SFC DIR09, SFC DIR10, SFC DIR11, SFC DIR12, SFC DIR13, SFC DIR14, SFC DIR15, SFC DIR16, SFC DIR17, SFC DIR18, SFC DIR19, SFC DIR20, SFC DIR21, SFC DIR22, SFC DIR23, SFC DIR24, SFC DIR25, SFC DIR26, SFC DIR27, SFC DIR28, SFC DIR29, SFC DIR30, SFC DIR31, SFC DIR32, SFC DIR33, SFC DIR34, SFC DIR35, SFC DIR36, SFC DIR37, SFC DIR38, SFC DIR39, SFC DIR40, SFC DIR41, SFC DIR42, SFC DIR43, SFC DIR44, SFC DIR45, SFC DIR46, SFC DIR47, SFC DIR48, SFC DIR49, SFC DIR50, SFC DIR51, SFC DIR52, SFC DIR53, SFC DIR54, SFC DIR55, SFC DIR56, SFC DIR57, SFC DIR58, SFC DIR59, SFC DIR60, SFC DIR61, SFC DIR62, SFC DIR63, SFC DIR64, SFC DIR65, SFC DIR66, SFC DIR67, SFC DIR68, SFC DIR69, SFC DIR70, SFC DIR71, SFC DIR72, SFC DIR73, SFC DIR74, SFC DIR75, SFC DIR76, SFC DIR77, SFC DIR78, SFC DIR79, SFC DIR80, SFC DIR81, SFC DIR82, SFC DIR83, SFC DIR84, SFC DIR85, SFC DIR86, SFC DIR87, SFC DIR88, SFC DIR89, SFC DIR90, SFC DIR91, SFC DIR92, SFC DIR93, SFC DIR94, SFC DIR95, SFC DIR96,SFC DVIS01,SFC DVIS02,SFC DVIS03,SFC DVIS04,SFC DVIS05,SFC DVIS06,SFC DVIS07,SFC DVIS08,SFC DVIS09,SFC DVIS10,SFC DVIS11,SFC DVIS12,SFC DVIS13,SFC DVIS14,SFC DVIS15,SFC DVIS16,SFC DVIS17,SFC DVIS18,SFC DVIS19,SFC DVIS20,SFC DVIS21,SFC DVIS22,SFC DVIS23,SFC DVIS24,SFC DVIS25,SFC DVIS26,SFC DVIS27,SFC DVIS28,SFC DVIS29,SFC DVIS30,SFC DVIS31,SFC DVIS32,SFC DVIS33,SFC DVIS34,SFC DVIS35,SFC DVIS36,SFC DVIS37,SFC DVIS38,SFC DVIS39,SFC DVIS40,SFC DVIS41,SFC DVIS42,SFC DVIS43,SFC DVIS44,SFC DVIS45,SFC DVIS46,SFC DVIS47,SFC DVIS48,SFC DVIS49,SFC DVIS50,SFC DVIS51,SFC DVIS52,SFC DVIS53,SFC DVIS54,SFC DVIS55,SFC DVIS56,SFC DVIS57,SFC DVIS58,SFC DVIS59,SFC DVIS60,SFC DVIS61,SFC DVIS62,SFC DVIS63,SFC DVIS64,SFC DVIS65,SFC DVIS66,SFC DVIS67,SFC DVIS68,SFC DVIS69,SFC DVIS70,SFC DVIS71,SFC DVIS72,SFC DVIS73,SFC DVIS74,SFC DVIS75,SFC DVIS76,SFC DVIS77,SFC DVIS78,SFC DVIS79,SFC DVIS80,SFC DVIS81,SFC DVIS82,SFC DVIS83,SFC DVIS84
 1007,    0.0000,  218.8983,    0.2194,  117.0969,  115.8380,   -0.8625,   -0.7595,  158.4330,  155.0000,  155.0000,  155.0000,  155.0000,  155.0000,  155.0000,  155.0000,  155.0000,  155.0000,  155.0000,  155.0000,  155.0000,  158.8202,  165.3996,  173.2672,  181.4393,  190.2764,  198.8104,  204.5754,  207.8212,  209.4182,  210.0462,  210.3680,  210.4855,    0.0676,    0.2556,    0.5389,    0.8888,    1.2804,    1.6928,    2.1082,    2.5121,    2.8933,    3.2429,    3.5544,    3.8241,    3.4712,    3.6087,    3.7179,    3.7987,    3.8530,    3.8815,    3.8866,    3.8696,    3.8324,    3.7775,    3.7019,    3.5964,    1.2424,    1.2267,    1.2047,    1.1662,    1.1137,    1.0481,    0.8756,    0.8393,    0.7711,    0.6138,    0.5638,    0.3590,    0.1995,    0.1649,    0.1438,    0.1375,    0.1329,    0.1277,    0.1258,    0.1235,    0.1245,    0.1364,    0.1735,    0.2440,    0.3730,    0.4452,    0.3502,    0.5089,    0.4971,    0.5051,    0.5244,    0.6000,    0.6202,    0.6335,    0.6351,    0.6285,    1.6842,    1.6087,    1.5504,    1.4822,    1.4116,    1.3421,    1.2748,    1.2087,    1.1452,    1.0819,    1.0194,    0.9639,    1.4270,    1.3066,    1.1824,    1.0659,    0.9702,    0.8860,    0.8005,    0.7221,    0.6504,    0.5836,    0.5141,    0.4584,    1.1328,    0.8012,    0.5722,    0.3992,    0.2764,    0.1901,    0.1299,    0.0861,    0.0569,    0.0365,    0.0240,    0.0175,    0.0899,    0.0485,    0.0757,    0.0853,    0.0957,    0.0892,    0.0975,    0.1095,    0.0962,    0.1325,    0.1172,    0.1283,    0.1417,    0.1155,    0.1679,    0.1865,    0.1530,    0.1811,    0.2062,    0.2231,    0.2234,    0.1500,    0.2398,    0.2531,    0.3109,    0.3324,    0.3440,    0.3658,    0.3756,    0.3936,    0.3989,    0.4549,    0.4935,    0.4704,    0.4844,    0.4940,    0.8433,    0.9209,    0.9662,    0.9986,    1.0221,    1.1068,    1.0376,    1.1056,    1.0799,    1.1314,    1.0731,    1.1504,    2.4777,    2.4439,    2.4989,    2.5383,    2.5642,    2.4625,    2.5489,    2.6139,    2.6670,    2.4800,    2.4441,    2.5380,    6.4157,    6.1123,    6.0433,    5.8603,    5.4132,    5.0767,    4.4565,    4.0997,    3.9404,    3.4535,    2.6528,    2.4637,    1.8993,    1.7458,    1.3311,    1.2705,    0.8565,    0.6215,    0.5021,    0.2015,    0.1776,    0.1261,    0.0437,    0.0355,    0.0000,    0.0000,    0.0000,    0.0000,    0.0000,    0.0000,    0.0000,    0.0000,    0.0000,    0.0000,    0.0000,    0.0000,    0.0000,    0.0000,    0.0000,    0.0000,    0.0000,    0.0000,    0.0000,    0.0001,    0.0002,    0.0007,    0.0108,    0.0490,    0.0110,    0.0180,    0.0344,    0.0771,    0.1397,    0.2137,    0.4309,    0.4495,    0.5119,    0.6671,    0.7005,    0.8672,    0.6959,    0.7036,    0.7106,    0.6982,    0.6956,    0.7186,    0.6761,    0.6645,    0.6491,    0.6306,    0.6025,    0.5551,    0.4721,    0.3712,    0.4491,    0.2585,    0.2602,    0.2432,    0.2110,    0.1067,    0.0696,    0.0377,    0.0207,    0.0150,    0.0329,    0.0299,    0.0085,    0.0020,    0.0004,    0.0004,    0.0002,    0.0011,    0.0019,    0.0049,    0.0091,    0.0081,    0.0085,    0.0012,    0.0075,    0.0141,    0.0089,    0.0000,    0.0000,    0.0000,    0.0000,    0.0008,    0.0066,    0.0072,    0.0065,    0.0059,    0.0000,    0.0000,    0.0000,    0.0000,    0.0000,    0.0009,    0.0011,    0.0014,    0.0012,    0.0002,    0.0266,    0.0000,    0.0608,    0.1075,    0.1214,    0.1110,    0.1245,    0.1386,    0.1233,    0.1698,    0.1501,    0.1645,    0.1808,    0.1468,    0.2123,    0.2321,    0.1900,    0.1318,    0.0189,    0.0386,    0.1649,    0.1902,    0.3067,    0.3223,    0.3984,    0.4260,    0.4410,    0.4686,    0.4799,    0.4920,    0.4648,    0.4226,    0.3741,    0.4433,    0.6104,    0.6178,    1.0805,    1.1804,    1.2359,    1.2564,    1.2364,    1.3694,    1.3136,    1.3975,    1.2854,    1.4503,    1.3718,    1.4606,    3.1621,    3.0885,    3.2030,    3.2531,    3.2748,    3.1568,    3.2678,    3.3511,    3.4192,    3.1776,    3.1334,    3.2539,    8.2247,    7.8363,    7.7478,    7.5132,    6.9399,    6.5086,    5.7135,    5.2561,    5.0518,    4.4276,    3.4010,    3.1586,    2.4350,    2.2382,    1.7066,    1.6288,    1.0981,    0.7968,    0.6438,    0.2584,    0.2277,    0.1616,    0.0560,    0.0455
  983,    0.0500,  218.6982,    0.2293,  115.4667,  114.3709,   -0.6994,   -0.8300,  158.4330,  155.0000,  155.1977,  155.1918,  155.1012,  155.0000,  155.0000,  155.0000,  155.0000,  155.0000,  155.0000,  155.0000,  157.4493,  162.3691,  168.9792,  176.0593,  183.0269,  189.9545,  198.4742,  204.2198,  207.4472,  209.0488,  209.6798,  210.0041,  210.1236,    0.0675,    0.2550,    0.5375,    0.8863,    1.2766,    1.6875,    2.1012,    2.5046,    2.8880,    3.2370,    3.5474,    3.8159,    3.4630,    3.5950,    3.6886,    3.7510,    3.7870,    3.8008,    3.7972,    3.7786,    3.7468,    3.7051,    3.6481,    3.5596,    1.2308,    1.2177,    1.1980,    1.1595,    1.1088,    1.0439,    0.8745,    0.8388,    0.7719,    0.6177,    0.5705,    0.3739,    0.2134,    0.1761,    0.1498,    0.1423,    0.1365,    0.1289,    0.1294,    0.1279,    0.1313,    0.1467,    0.1849,    0.2506,    0.3733,    0.4428,    0.3510,    0.5043,    0.4926,    0.5001,    0.5187,    0.5924,    0.6132,    0.6263,    0.6279,    0.6213,    1.6694,    1.5983,    1.5403,    1.4717,    1.4015,    1.3301,    1.2531,    1.1880,    1.1101,    1.0485,    0.9703,    0.9171,    1.3330,    1.2049,    1.0895,    0.9810,    0.9053,    0.8262,    0.7661,    0.6908,    0.6397,    0.5738,    0.5100,    0.4547,    1.1239,    0.7899,    0.5658,    0.3952,    0.2727,    0.1875,    0.1281,    0.0848,    0.0559,    0.0358,    0.0235,    0.0172,    0.0897,    0.0485,    0.0754,    0.0847,    0.0950,    0.0885,    0.0967,    0.1086,    0.0954,    0.1314,    0.1162,    0.1272,    0.1404,    0.1145,    0.1664,    0.1850,    0.1519,    0.1801,    0.2057,    0.2225,    0.2223,    0.1489,    0.2380,    0.2513,    0.3086,    0.3299,    0.3414,    0.3630,    0.3712,    0.3891,    0.3945,    0.4503,    0.4890,    0.4656,    0.4788,    0.4883,    0.8317,    0.9082,    0.9530,    0.9850,    1.0085,    1.0919,    1.0234,    1.0944,    1.0692,    1.1198,    1.0622,    1.1387,    2.4524,    2.4191,    2.4732,    2.5093,    2.5350,    2.4343,    2.5197,    2.5839,    2.6364,    2.4515,    2.4160,    2.5089,    6.3420,    6.0363,    5.9681,    5.7873,    5.3456,    5.0132,    4.4006,    4.0482,    3.8907,    3.4098,    2.6191,    2.4323,    1.8750,    1.6980,    1.2947,    1.2357,    0.8331,    0.6046,    0.4885,    0.1960,    0.1728,    0.1227,    0.0425,    0.0346,    0.0004,    0.0014,    0.0029,    0.0047,    0.0066,    0.0086,    0.0105,    0.0086,    0.0009,    0.0000,    0.0002,    0.0004,    0.0007,    0.0086,    0.0314,    0.0564,    0.0787,    0.0941,    0.1001,    0.0970,    0.0861,    0.0679,    0.0550,    0.0737,    0.0181,    0.0223,    0.0365,    0.0788,    0.1395,    0.2133,    0.4289,    0.4480,    0.5100,    0.6638,    0.6966,    0.8611,    0.6909,    0.6988,    0.7061,    0.6938,    0.6913,    0.7147,    0.6719,    0.6602,    0.6447,    0.6260,    0.5978,    0.5509,    0.4697,    0.3705,    0.4470,    0.2597,    0.2612,    0.2440,    0.2120,    0.1092,    0.0716,    0.0401,    0.0233,    0.0177,    0.0373,    0.0319,    0.0106,    0.0049,    0.0032,    0.0052,    0.0116,    0.0117,    0.0213,    0.0230,    0.0362,    0.0335,    0.0591,    0.0550,    0.0552,    0.0562,    0.0399,    0.0282,    0.0152,    0.0135,    0.0037,    0.0041,    0.0070,    0.0075,    0.0065,    0.0073,    0.0004,    0.0003,    0.0006,    0.0004,    0.0003,    0.0012,    0.0013,    0.0015,    0.0013,    0.0003,    0.0264,    0.0000,    0.0604,    0.1066,    0.1204,    0.1101,    0.1235,    0.1373,    0.1222,    0.1683,    0.1487,    0.1631,    0.1792,    0.1455,    0.2104,    0.2300,    0.1879,    0.1303,    0.0186,    0.0381,    0.1632,    0.1882,    0.3035,    0.3189,    0.3943,    0.4216,    0.4364,    0.4637,    0.4731,    0.4851,    0.4581,    0.4165,    0.3688,    0.4369,    0.6018,    0.6091,    1.0636,    1.1620,    1.2165,    1.2367,    1.2170,    1.3479,    1.2930,    1.3800,    1.2694,    1.4323,    1.3548,    1.4424,    3.1227,    3.0500,    3.1632,    3.2103,    3.2316,    3.1152,    3.2247,    3.3070,    3.3741,    3.1357,    3.0921,    3.2109,    8.1161,    7.7272,    7.6399,    7.4084,    6.8430,    6.4174,    5.6333,    5.1821,    4.9805,    4.3649,    3.3527,    3.1136,    2.4002,    2.1731,    1.6569,    1.5814,    1.0662,    0.7737,    0.6251,    0.2509,    0.2211,    0.1570,    0.0544,    0.0443
  977,    0.1000,  218.4974,    0.2387,  113.9630,  112.9739,   -0.5927,   -0.8662,  158.4330,  155.0000,  155.3995,  155.5020,  155.4966,  155.3965,  155.1958,  155.0000,  155.0000,  155.0000,  155.0000,  156.5963,  159.9972,  165.0999,  171.5438,  178.0151,  184.1752,  190.0741,  198.0758,  203.8051,  207.0140,  208.6189,  209.2490,  209.5782,  209.6976,    0.0673,    0.2544,    0.5362,    0.8840,    1.2730,    1.6824,    2.0944,    2.4974,    2.8827,    3.2310,    3.5404,    3.8077,    3.4548,    3.5815,    3.6608,    3.7063,    3.7256,    3.7262,    3.7149,    3.6948,    3.6677,    3.6375,    3.5973,    3.5244,    1.2198,    1.2091,    1.1914,    1.1530,    1.1042,    1.0400,    0.8735,    0.8385,    0.7727,    0.6215,    0.5765,    0.3871,    0.2258,    0.1868,    0.1570,    0.1486,    0.1416,    0.1314,    0.1345,    0.1336,    0.1389,    0.1566,    0.1950,    0.2567,    0.3738,    0.4408,    0.3519,    0.5001,    0.4885,    0.4956,    0.5134,    0.5852,    0.6066,    0.6194,    0.6209,    0.6144,    1.6549,    1.5880,    1.5302,    1.4614,    1.3916,    1.3182,    1.2321,    1.1679,    1.0769,    1.0169,    0.9251,    0.8741,    1.2485,    1.1147,    1.0072,    0.9059,    0.8467,    0.7721,    0.7339,    0.6615,    0.6292,    0.5643,    0.5059,    0.4511,    1.1151,    0.7788,    0.5595,    0.3911,    0.2690,    0.1851,    0.1263,    0.0835,    0.0549,    0.0352,    0.0230,    0.0168,    0.0894,    0.0485,    0.0750,    0.0841,    0.0943,    0.0879,    0.0960,    0.1077,    0.0946,    0.1303,    0.1152,    0.1261,    0.1392,    0.1135,    0.1650,    0.1834,    0.1509,    0.1791,    0.2053,    0.2218,    0.2212,    0.1479,    0.2362,    0.2494,    0.3063,    0.3274,    0.3389,    0.3604,    0.3669,    0.3847,    0.3902,    0.4459,    0.4846,    0.4610,    0.4733,    0.4827,    0.8205,    0.8960,    0.9402,    0.9719,    0.9954,    1.0775,    1.0098,    1.0835,    1.0589,    1.1086,    1.0515,    1.1273,    2.4279,    2.3951,    2.4484,    2.4812,    2.5067,    2.4071,    2.4915,    2.5550,    2.6069,    2.4241,    2.3890,    2.4808,    6.2711,    5.9633,    5.8959,    5.7173,    5.2810,    4.9526,    4.3475,    3.9994,    3.8438,    3.3688,    2.5876,    2.4031,    1.8525,    1.6541,    1.2613,    1.2039,    0.8118,    0.5892,    0.4761,    0.1911,    0.1685,    0.1196,    0.0415,    0.0337,    0.0008,    0.0028,    0.0058,    0.0094,    0.0133,    0.0173,    0.0211,    0.0173,    0.0018,    0.0001,    0.0004,    0.0009,    0.0015,    0.0175,    0.0634,    0.1132,    0.1575,    0.1876,    0.1995,    0.1934,    0.1718,    0.1356,    0.0999,    0.0990,    0.0254,    0.0268,    0.0385,    0.0806,    0.1393,    0.2128,    0.4265,    0.4462,    0.5076,    0.6599,    0.6922,    0.8542,    0.6851,    0.6931,    0.7006,    0.6882,    0.6859,    0.7101,    0.6664,    0.6547,    0.6392,    0.6205,    0.5924,    0.5461,    0.4669,    0.3695,    0.4445,    0.2607,    0.2621,    0.2447,    0.2128,    0.1116,    0.0737,    0.0426,    0.0260,    0.0204,    0.0418,    0.0339,    0.0127,    0.0077,    0.0060,    0.0099,    0.0228,    0.0223,    0.0404,    0.0408,    0.0621,    0.0577,    0.1065,    0.1046,    0.0991,    0.0949,    0.0690,    0.0547,    0.0299,    0.0266,    0.0074,    0.0074,    0.0073,    0.0077,    0.0065,    0.0087,    0.0008,    0.0007,    0.0012,    0.0008,    0.0006,    0.0015,    0.0016,    0.0017,    0.0014,    0.0004,    0.0262,    0.0000,    0.0600,    0.1057,    0.1194,    0.1092,    0.1225,    0.1361,    0.1211,    0.1668,    0.1474,    0.1617,    0.1776,    0.1442,    0.2086,    0.2280,    0.1859,    0.1288,    0.0184,    0.0376,    0.1614,    0.1862,    0.3003,    0.3156,    0.3902,    0.4172,    0.4319,    0.4590,    0.4666,    0.4783,    0.4516,    0.4107,    0.3636,    0.4308,    0.5934,    0.6006,    1.0473,    1.1441,    1.1979,    1.2176,    1.1982,    1.3272,    1.2732,    1.3631,    1.2538,    1.4147,    1.3382,    1.4247,    3.0845,    3.0125,    3.1245,    3.1688,    3.1898,    3.0749,    3.1830,    3.2642,    3.3305,    3.0952,    3.0521,    3.1694,    8.0112,    7.6220,    7.5359,    7.3076,    6.7499,    6.3302,    5.5568,    5.1118,    4.9129,    4.3057,    3.3073,    3.0714,    2.3677,    2.1129,    1.6112,    1.5379,    1.0369,    0.7526,    0.6081,    0.2441,    0.2152,    0.1528,    0.0530,    0.0431
  979,    0.1500,  218.2979,    0.2478,  112.5755,  111.6278,   -0.5503,   -0.8903,  158.4330,  155.1464,  155.6631,  156.0980,  156.2018,  156.2003,  156.1544,  155.9975,  155.8519,  155.9713,  156.7340,  158.6932,  162.1904,  167.2393,  173.4124,  179.4022,  184.9866,  190.3324,  197.6765,  203.3923,  206.5901,  208.1951,  208.8236,  209.1543,  209.2740,    0.0672,    0.2539,    0.5349,    0.8817,    1.2695,    1.6774,    2.0878,    2.4904,    2.8774,    3.2251,    3.5334,    3.7995,    3.4467,    3.5683,    3.6340,    3.6638,    3.6681,    3.6567,    3.6384,    3.6169,    3.5938,    3.5739,    3.5490,    3.4905,    1.2090,    1.2006,    1.1849,    1.1468,    1.0997,    1.0362,    0.8725,    0.8379,    0.7732,    0.6251,    0.5816,    0.3985,    0.2371,    0.1979,    0.1663,    0.1577,    0.1498,    0.1372,    0.1427,    0.1420,    0.1481,    0.1664,    0.2039,    0.2619,    0.3743,    0.4389,    0.3528,    0.4960,    0.4845,    0.4913,    0.5084,    0.5783,    0.6001,    0.6127,    0.6141,    0.6077,    1.6408,    1.5778,    1.5203,    1.4511,    1.3817,    1.3064,    1.2117,    1.1484,    1.0453,    0.9868,    0.8832,    0.8342,    1.1721,    1.0345,    0.9339,    0.8391,    0.7936,    0.7231,    0.7037,    0.6340,    0.6189,    0.5550,    0.5018,    0.4474,    1.1062,    0.7679,    0.5533,    0.3872,    0.2653,    0.1826,    0.1246,    0.0822,    0.0539,    0.0345,    0.0226,    0.0165,    0.0892,    0.0484,    0.0747,    0.0834,    0.0936,    0.0872,    0.0953,    0.1069,    0.0939,    0.1292,    0.1143,    0.1251,    0.1381,    0.1125,    0.1636,    0.1819,    0.1498,    0.1781,    0.2048,    0.2211,    0.2202,    0.1469,    0.2345,    0.2476,    0.3041,    0.3251,    0.3365,    0.3578,    0.3628,    0.3805,    0.3861,    0.4416,    0.4803,    0.4565,    0.4681,    0.4774,    0.8097,    0.8842,    0.9279,    0.9593,    0.9828,    1.0636,    0.9966,    1.0730,    1.0488,    1.0977,    1.0412,    1.1163,    2.4041,    2.3717,    2.4244,    2.4541,    2.4793,    2.3808,    2.4642,    2.5271,    2.5784,    2.3976,    2.3629,    2.4537,    6.2025,    5.8926,    5.8261,    5.6496,    5.2185,    4.8941,    4.2962,    3.9522,    3.7985,    3.3291,    2.5572,    2.3748,    1.8308,    1.6130,    1.2300,    1.1742,    0.7918,    0.5747,    0.4645,    0.1865,    0.1644,    0.1168,    0.0405,    0.0329,    0.0011,    0.0042,    0.0088,    0.0142,    0.0201,    0.0261,    0.0318,    0.0260,    0.0026,    0.0001,    0.0005,    0.0013,    0.0022,    0.0264,    0.0955,    0.1699,    0.2354,    0.2797,    0.2971,    0.2881,    0.2565,    0.2029,    0.1450,    0.1246,    0.0327,    0.0313,    0.0407,    0.0823,    0.1390,    0.2121,    0.4236,    0.4437,    0.5046,    0.6553,    0.6869,    0.8465,    0.6789,    0.6871,    0.6949,    0.6825,    0.6803,    0.7052,    0.6609,    0.6492,    0.6336,    0.6147,    0.5865,    0.5407,    0.4636,    0.3680,    0.4415,    0.2613,    0.2626,    0.2450,    0.2134,    0.1139,    0.0757,    0.0450,    0.0287,    0.0231,    0.0463,    0.0358,    0.0148,    0.0106,    0.0087,    0.0146,    0.0339,    0.0327,    0.0589,    0.0580,    0.0867,    0.0808,    0.1507,    0.1502,    0.1394,    0.1304,    0.0961,    0.0793,    0.0440,    0.0392,    0.0111,    0.0106,    0.0076,    0.0080,    0.0065,    0.0102,    0.0012,    0.0010,    0.0018,    0.0012,    0.0008,    0.0018,    0.0018,    0.0018,    0.0015,    0.0005,    0.0260,    0.0000,    0.0596,    0.1049,    0.1185,    0.1084,    0.1215,    0.1349,    0.1200,    0.1653,    0.1461,    0.1603,    0.1761,    0.1430,    0.2068,    0.2261,    0.1840,    0.1274,    0.0181,    0.0372,    0.1597,    0.1843,    0.2973,    0.3124,    0.3863,    0.4130,    0.4275,    0.4543,    0.4602,    0.4718,    0.4454,    0.4050,    0.3586,    0.4249,    0.5853,    0.5924,    1.0315,    1.1269,    1.1798,    1.1992,    1.1801,    1.3071,    1.2540,    1.3466,    1.2387,    1.3977,    1.3220,    1.4075,    3.0473,    2.9761,    3.0868,    3.1285,    3.1493,    3.0358,    3.1426,    3.2227,    3.2881,    3.0558,    3.0133,    3.1291,    7.9094,    7.5200,    7.4350,    7.2098,    6.6596,    6.2456,    5.4826,    5.0436,    4.8475,    4.2484,    3.2633,    3.0306,    2.3363,    2.0565,    1.5683,    1.4971,    1.0095,    0.7328,    0.5922,    0.2377,    0.2096,    0.1489,    0.0516,    0.0420
  987,    0.2000,  218.0966,    0.2565,  111.2563,  110.3290,   -0.5261,   -0.8967,  158.4330,  155.5665,  156.1458,  156.8629,  157.0870,  157.1984,  157.2961,  157.2745,  157.2919,  157.4994,  158.3979,  160.4195,  163.8945,  168.8263,  174.7620,  180.3792,  185.5526,  190.4847,  197.2973,  202.9986,  206.1846,  207.7897,  208.4175,  208.7506,  208.8703,    0.0670,    0.2533,    0.5336,    0.8794,    1.2660,    1.6725,    2.0813,    2.4834,    2.8722,    3.2192,    3.5263,    3.7913,    3.4385,    3.5553,    3.6079,    3.6230,    3.6133,    3.5911,    3.5664,    3.5435,    3.5239,    3.5132,    3.5024,    3.4575,    1.1986,    1.1924,    1.1786,    1.1406,    1.0952,    1.0324,    0.8712,    0.8370,    0.7732,    0.6278,    0.5852,    0.4073,    0.2462,    0.2074,    0.1754,    0.1668,    0.1583,    0.1440,    0.1510,    0.1504,    0.1567,    0.1748,    0.2110,    0.2659,    0.3741,    0.4367,    0.3531,    0.4919,    0.4805,    0.4870,    0.5035,    0.5717,    0.5939,    0.6062,    0.6075,    0.6011,    1.6269,    1.5678,    1.5104,    1.4409,    1.3718,    1.2947,    1.1918,    1.1293,    1.0153,    0.9582,    0.8443,    0.7971,    1.1027,    0.9627,    0.8684,    0.7793,    0.7452,    0.6783,    0.6752,    0.6080,    0.6089,    0.5458,    0.4977,    0.4438,    1.0975,    0.7571,    0.5472,    0.3832,    0.2618,    0.1802,    0.1229,    0.0810,    0.0529,    0.0339,    0.0222,    0.0162,    0.0889,    0.0484,    0.0743,    0.0828,    0.0930,    0.0866,    0.0946,    0.1060,    0.0931,    0.1282,    0.1134,    0.1240,    0.1369,    0.1116,    0.1623,    0.1804,    0.1488,    0.1771,    0.2043,    0.2205,    0.2191,    0.1459,    0.2329,    0.2459,    0.3020,    0.3228,    0.3341,    0.3552,    0.3589,    0.3764,    0.3821,    0.4374,    0.4761,    0.4521,    0.4630,    0.4722,    0.7993,    0.8729,    0.9160,    0.9472,    0.9705,    1.0503,    0.9840,    1.0627,    1.0391,    1.0871,    1.0312,    1.1056,    2.3810,    2.3491,    2.4010,    2.4278,    2.4528,    2.3552,    2.4378,    2.5000,    2.5508,    2.3719,    2.3376,    2.4274,    6.1361,    5.8242,    5.7585,    5.5841,    5.1580,    4.8374,    4.2465,    3.9065,    3.7546,    3.2907,    2.5277,    2.3476,    1.8098,    1.5744,    1.2007,    1.1463,    0.7731,    0.5612,    0.4536,    0.1821,    0.1606,    0.1141,    0.0396,    0.0322,    0.0015,    0.0056,    0.0117,    0.0190,    0.0268,    0.0348,    0.0425,    0.0349,    0.0036,    0.0002,    0.0007,    0.0017,    0.0029,    0.0353,    0.1275,    0.2258,    0.3116,    0.3693,    0.3917,    0.3800,    0.3390,    0.2690,    0.1896,    0.1501,    0.0401,    0.0359,    0.0428,    0.0839,    0.1386,    0.2112,    0.4207,    0.4411,    0.5015,    0.6509,    0.6821,    0.8397,    0.6734,    0.6817,    0.6897,    0.6773,    0.6753,    0.7008,    0.6559,    0.6442,    0.6285,    0.6095,    0.5813,    0.5361,    0.4605,    0.3667,    0.4388,    0.2619,    0.2631,    0.2453,    0.2141,    0.1163,    0.0777,    0.0475,    0.0314,    0.0259,    0.0509,    0.0377,    0.0169,    0.0134,    0.0114,    0.0192,    0.0447,    0.0429,    0.0767,    0.0746,    0.1099,    0.1025,    0.1913,    0.1916,    0.1760,    0.1626,    0.1211,    0.1020,    0.0574,    0.0511,    0.0146,    0.0138,    0.0078,    0.0082,    0.0064,    0.0116,    0.0016,    0.0013,    0.0024,    0.0016,    0.0011,    0.0020,    0.0021,    0.0020,    0.0017,    0.0006,    0.0258,    0.0000,    0.0592,    0.1040,    0.1175,    0.1075,    0.1205,    0.1337,    0.1189,    0.1638,    0.1448,    0.1590,    0.1747,    0.1418,    0.2051,    0.2242,    0.1821,    0.1261,    0.0179,    0.0368,    0.1581,    0.1824,    0.2943,    0.3093,    0.3824,    0.4088,    0.4232,    0.4497,    0.4541,    0.4655,    0.4394,    0.3996,    0.3538,    0.4192,    0.5775,    0.5845,    1.0163,    1.1103,    1.1624,    1.1815,    1.1626,    1.2878,    1.2354,    1.3306,    1.2239,    1.3811,    1.3063,    1.3908,    3.0110,    2.9407,    3.0501,    3.0893,    3.1099,    2.9978,    3.1033,    3.1824,    3.2470,    3.0176,    2.9757,    3.0900,    7.8105,    7.4209,    7.3372,    7.1150,    6.5721,    6.1635,    5.4106,    4.9774,    4.7839,    4.1928,    3.2206,    2.9911,    2.3059,    2.0034,    1.5279,    1.4587,    0.9837,    0.7141,    0.5772,    0.2318,    0.2044,    0.1452,    0.0504,    0.0410
 1010,    0.3000,  217.6979,    0.2731,  108.7608,  107.8632,   -0.4887,   -0.8740,  158.4330,  156.3239,  156.9868,  157.7983,  158.3996,  158.6970,  158.9184,  159.0981,  159.2998,  159.6985,  160.7126,  162.7850,  166.1825,  170.8899,  176.4437,  181.5683,  186.2196,  190.6356,  196.6344,  202.3116,  205.4762,  207.0760,  207.7078,  208.0448,  208.1645,    0.0668,    0.2522,    0.5311,    0.8751,    1.2593,    1.6630,    2.0687,    2.4698,    2.8617,    3.2073,    3.5123,    3.7749,    3.4222,    3.5295,    3.5575,    3.5454,    3.5106,    3.4692,    3.4334,    3.4077,    3.3939,    3.3992,    3.4136,    3.3938,    1.1784,    1.1763,    1.1663,    1.1288,    1.0867,    1.0250,    0.8683,    0.8346,    0.7722,    0.6310,    0.5898,    0.4192,    0.2587,    0.2207,    0.1883,    0.1797,    0.1704,    0.1539,    0.1630,    0.1624,    0.1688,    0.1865,    0.2207,    0.2711,    0.3732,    0.4322,    0.3526,    0.4838,    0.4726,    0.4788,    0.4942,    0.5591,    0.5821,    0.5937,    0.5948,    0.5884,    1.5997,    1.5479,    1.4908,    1.4208,    1.3524,    1.2717,    1.1535,    1.0927,    0.9591,    0.9048,    0.7741,    0.7302,    0.9817,    0.8404,    0.7566,    0.6774,    0.6605,    0.6000,    0.6229,    0.5603,    0.5894,    0.5281,    0.4897,    0.4365,    1.0801,    0.7361,    0.5351,    0.3754,    0.2547,    0.1754,    0.1195,    0.0786,    0.0510,    0.0326,    0.0213,    0.0155,    0.0884,    0.0483,    0.0736,    0.0817,    0.0916,    0.0854,    0.0933,    0.1044,    0.0917,    0.1262,    0.1116,    0.1220,    0.1347,    0.1098,    0.1596,    0.1774,    0.1468,    0.1752,    0.2033,    0.2192,    0.2171,    0.1439,    0.2297,    0.2425,    0.2978,    0.3183,    0.3295,    0.3503,    0.3513,    0.3685,    0.3744,    0.4293,    0.4681,    0.4437,    0.4533,    0.4624,    0.7797,    0.8514,    0.8935,    0.9241,    0.9474,    1.0249,    0.9599,    1.0432,    1.0204,    1.0669,    1.0121,    1.0852,    2.3368,    2.3058,    2.3564,    2.3776,    2.4022,    2.3066,    2.3874,    2.4483,    2.4980,    2.3229,    2.2893,    2.3773,    6.0094,    5.6938,    5.6296,    5.4592,    5.0427,    4.7293,    4.1517,    3.8194,    3.6710,    3.2175,    2.4716,    2.2955,    1.7698,    1.5039,    1.1471,    1.0954,    0.7389,    0.5365,    0.4337,    0.1742,    0.1537,    0.1092,    0.0379,    0.0308,    0.0023,    0.0084,    0.0175,    0.0284,    0.0402,    0.0522,    0.0638,    0.0524,    0.0054,    0.0002,    0.0011,    0.0025,    0.0044,    0.0532,    0.1907,    0.3346,    0.4579,    0.5395,    0.5708,    0.5541,    0.4961,    0.3962,    0.2769,    0.2007,    0.0547,    0.0450,    0.0471,    0.0874,    0.1380,    0.2098,    0.4154,    0.4363,    0.4958,    0.6431,    0.6736,    0.8281,    0.6638,    0.6723,    0.6806,    0.6682,    0.6664,    0.6927,    0.6470,    0.6353,    0.6195,    0.6005,    0.5724,    0.5281,    0.4554,    0.3646,    0.4344,    0.2634,    0.2643,    0.2464,    0.2158,    0.1210,    0.0819,    0.0525,    0.0369,    0.0314,    0.0600,    0.0415,    0.0209,    0.0188,    0.0166,    0.0281,    0.0656,    0.0625,    0.1103,    0.1059,    0.1521,    0.1421,    0.2631,    0.2632,    0.2393,    0.2183,    0.1653,    0.1421,    0.0822,    0.0730,    0.0215,    0.0199,    0.0084,    0.0087,    0.0064,    0.0144,    0.0024,    0.0019,    0.0035,    0.0023,    0.0016,    0.0026,    0.0025,    0.0022,    0.0019,    0.0008,    0.0255,    0.0000,    0.0584,    0.1024,    0.1157,    0.1058,    0.1187,    0.1314,    0.1169,    0.1610,    0.1423,    0.1564,    0.1718,    0.1395,    0.2017,    0.2205,    0.1784,    0.1235,    0.0176,    0.0361,    0.1549,    0.1787,    0.2884,    0.3031,    0.3748,    0.4007,    0.4148,    0.4408,    0.4422,    0.4533,    0.4279,    0.3891,    0.3446,    0.4083,    0.5624,    0.5692,    0.9872,    1.0785,    1.1292,    1.1477,    1.1293,    1.2509,    1.2000,    1.2997,    1.1956,    1.3491,    1.2760,    1.3585,    2.9413,    2.8726,    2.9795,    3.0143,    3.0344,    2.9251,    3.0279,    3.1052,    3.1682,    2.9444,    2.9034,    3.0150,    7.6210,    7.2315,    7.1499,    6.9334,    6.4045,    6.0065,    5.2728,    4.8507,    4.6623,    4.0863,    3.1389,    2.9153,    2.2476,    1.9060,    1.4538,    1.3882,    0.9364,    0.6799,    0.5497,    0.2208,    0.1947,    0.1384,    0.0480,    0.0391
 1042,    0.4000,  217.2973,    0.2887,  106.4146,  105.5577,   -0.4440,   -0.8536,  158.4330,  156.7376,  157.4510,  158.2953,  159.2562,  159.6579,  160.0008,  160.2990,  160.6002,  161.0977,  162.1946,  164.2257,  167.5259,  172.0625,  177.3184,  182.1508,  186.5463,  190.6793,  196.0815,  201.7399,  204.8851,  206.4786,  207.1156,  207.4558,  207.5753,    0.0665,    0.2511,    0.5287,    0.8707,    1.2526,    1.6536,    2.0562,    2.4563,    2.8512,    3.1955,    3.4983,    3.7585,    3.4060,    3.5040,    3.5086,    3.4716,    3.4146,    3.3568,    3.3115,    3.2833,    3.2740,    3.2926,    3.3290,    3.3322,    1.1587,    1.1605,    1.1541,    1.1171,    1.0783,    1.0175,    0.8645,    0.8310,    0.7697,    0.6316,    0.5913,    0.4258,    0.2661,    0.2289,    0.1965,    0.1881,    0.1783,    0.1605,    0.1709,    0.1702,    0.1765,    0.1937,    0.2263,    0.2735,    0.3708,    0.4268,    0.3505,    0.4753,    0.4643,    0.4704,    0.4849,    0.5468,    0.5706,    0.5816,    0.5825,    0.5760,    1.5731,    1.5283,    1.4715,    1.4008,    1.3331,    1.2492,    1.1168,    1.0576,    0.9072,    0.8554,    0.7123,    0.6713,    0.8797,    0.7402,    0.6651,    0.5942,    0.5890,    0.5338,    0.5757,    0.5174,    0.5706,    0.5111,    0.4817,    0.4293,    1.0629,    0.7157,    0.5232,    0.3678,    0.2479,    0.1708,    0.1162,    0.0762,    0.0491,    0.0314,    0.0205,    0.0149,    0.0879,    0.0483,    0.0730,    0.0805,    0.0904,    0.0842,    0.0920,    0.1028,    0.0903,    0.1242,    0.1099,    0.1200,    0.1325,    0.1080,    0.1571,    0.1746,    0.1450,    0.1733,    0.2023,    0.2179,    0.2151,    0.1421,    0.2266,    0.2393,    0.2938,    0.3141,    0.3251,    0.3456,    0.3442,    0.3612,    0.3671,    0.4217,    0.4605,    0.4358,    0.4441,    0.4531,    0.7613,    0.8313,    0.8724,    0.9026,    0.9257,    1.0012,    0.9375,    1.0247,    1.0028,    1.0478,    0.9940,    1.0659,    2.2952,    2.2649,    2.3142,    2.3304,    2.3547,    2.2608,    2.3400,    2.3997,    2.4485,    2.2768,    2.2439,    2.3301,    5.8902,    5.5713,    5.5085,    5.3418,    4.9344,    4.6278,    4.0626,    3.7375,    3.5924,    3.1487,    2.4188,    2.2466,    1.7322,    1.4411,    1.0994,    1.0499,    0.7084,    0.5145,    0.4160,    0.1671,    0.1475,    0.1048,    0.0364,    0.0296,    0.0030,    0.0112,    0.0233,    0.0377,    0.0534,    0.0694,    0.0848,    0.0698,    0.0072,    0.0003,    0.0014,    0.0034,    0.0058,    0.0710,    0.2521,    0.4381,    0.5945,    0.6963,    0.7347,    0.7136,    0.6410,    0.5153,    0.3601,    0.2497,    0.0689,    0.0539,    0.0513,    0.0906,    0.1373,    0.2081,    0.4100,    0.4312,    0.4900,    0.6355,    0.6654,    0.8177,    0.6555,    0.6641,    0.6726,    0.6602,    0.6585,    0.6854,    0.6392,    0.6275,    0.6117,    0.5926,    0.5646,    0.5209,    0.4505,    0.3625,    0.4303,    0.2647,    0.2653,    0.2471,    0.2173,    0.1256,    0.0859,    0.0574,    0.0421,    0.0367,    0.0688,    0.0453,    0.0249,    0.0241,    0.0217,    0.0368,    0.0853,    0.0810,    0.1408,    0.1343,    0.1888,    0.1764,    0.3228,    0.3212,    0.2905,    0.2633,    0.2021,    0.1755,    0.1041,    0.0924,    0.0280,    0.0256,    0.0089,    0.0091,    0.0063,    0.0171,    0.0032,    0.0025,    0.0046,    0.0030,    0.0021,    0.0031,    0.0029,    0.0024,    0.0021,    0.0010,    0.0252,    0.0000,    0.0577,    0.1008,    0.1139,    0.1042,    0.1168,    0.1291,    0.1149,    0.1583,    0.1399,    0.1538,    0.1690,    0.1372,    0.1984,    0.2169,    0.1748,    0.1211,    0.0173,    0.0354,    0.1518,    0.1751,    0.2828,    0.2972,    0.3675,    0.3929,    0.4068,    0.4322,    0.4310,    0.4418,    0.4170,    0.3793,    0.3360,    0.3980,    0.5482,    0.5548,    0.9599,    1.0487,    1.0979,    1.1159,    1.0980,    1.2163,    1.1669,    1.2704,    1.1687,    1.3187,    1.2473,    1.3279,    2.8750,    2.8078,    2.9123,    2.9434,    2.9629,    2.8562,    2.9567,    3.0321,    3.0936,    2.8751,    2.8351,    2.9441,    7.4417,    7.0525,    6.9730,    6.7620,    6.2462,    5.8581,    5.1426,    4.7311,    4.5474,    3.9857,    3.0618,    2.8438,    2.1925,    1.8187,    1.3874,    1.3249,    0.8939,    0.6492,    0.5249,    0.2109,    0.1861,    0.1323,    0.0459,    0.0374
 1078,    0.5000,  216.8983,    0.3032,  104.2106,  103.3962,   -0.3955,   -0.8223,  158.4330,  157.3541,  158.0950,  158.9517,  159.9955,  160.3982,  160.7973,  161.1481,  161.4994,  162.0563,  163.1125,  165.1423,  168.3451,  172.6969,  177.7568,  182.3954,  186.6817,  190.6789,  195.6164,  201.2606,  204.3902,  205.9780,  206.6187,  206.9608,  207.0800,    0.0662,    0.2500,    0.5263,    0.8665,    1.2460,    1.6444,    2.0440,    2.4429,    2.8407,    3.1837,    3.4844,    3.7422,    3.3898,    3.4787,    3.4610,    3.4011,    3.3244,    3.2524,    3.1989,    3.1684,    3.1626,    3.1923,    3.2480,    3.2723,    1.1395,    1.1451,    1.1422,    1.1057,    1.0699,    1.0099,    0.8603,    0.8270,    0.7665,    0.6307,    0.5909,    0.4289,    0.2702,    0.2338,    0.2019,    0.1936,    0.1837,    0.1654,    0.1762,    0.1754,    0.1814,    0.1978,    0.2292,    0.2740,    0.3676,    0.4211,    0.3474,    0.4669,    0.4560,    0.4621,    0.4758,    0.5350,    0.5594,    0.5699,    0.5705,    0.5641,    1.5470,    1.5089,    1.4524,    1.3812,    1.3142,    1.2271,    1.0817,    1.0240,    0.8593,    0.8099,    0.6575,    0.6192,    0.7931,    0.6576,    0.5897,    0.5256,    0.5281,    0.4776,    0.5332,    0.4787,    0.5525,    0.4947,    0.4738,    0.4221,    1.0459,    0.6959,    0.5116,    0.3602,    0.2412,    0.1662,    0.1130,    0.0740,    0.0473,    0.0303,    0.0197,    0.0143,    0.0874,    0.0482,    0.0723,    0.0795,    0.0891,    0.0831,    0.0907,    0.1013,    0.0889,    0.1223,    0.1082,    0.1181,    0.1304,    0.1063,    0.1546,    0.1719,    0.1432,    0.1715,    0.2014,    0.2167,    0.2132,    0.1403,    0.2237,    0.2362,    0.2900,    0.3100,    0.3209,    0.3412,    0.3375,    0.3543,    0.3603,    0.4145,    0.4533,    0.4284,    0.4355,    0.4444,    0.7441,    0.8126,    0.8528,    0.8825,    0.9055,    0.9790,    0.9165,    1.0072,    0.9861,    1.0298,    0.9769,    1.0477,    2.2558,    2.2262,    2.2744,    2.2860,    2.3099,    2.2176,    2.2954,    2.3540,    2.4018,    2.2334,    2.2011,    2.2857,    5.7779,    5.4560,    5.3945,    5.2313,    4.8324,    4.5322,    3.9788,    3.6605,    3.5185,    3.0840,    2.3692,    2.2006,    1.6967,    1.3848,    1.0565,    1.0091,    0.6809,    0.4946,    0.4001,    0.1608,    0.1419,    0.1009,    0.0350,    0.0285,    0.0037,    0.0139,    0.0289,    0.0469,    0.0664,    0.0862,    0.1054,    0.0869,    0.0090,    0.0004,    0.0017,    0.0042,    0.0072,    0.0884,    0.3115,    0.5363,    0.7217,    0.8403,    0.8842,    0.8592,    0.7743,    0.6263,    0.4392,    0.2971,    0.0827,    0.0626,    0.0554,    0.0939,    0.1367,    0.2067,    0.4053,    0.4267,    0.4848,    0.6289,    0.6585,    0.8091,    0.6486,    0.6572,    0.6658,    0.6534,    0.6518,    0.6788,    0.6325,    0.6209,    0.6050,    0.5860,    0.5581,    0.5150,    0.4466,    0.3610,    0.4271,    0.2662,    0.2665,    0.2482,    0.2191,    0.1301,    0.0899,    0.0622,    0.0473,    0.0419,    0.0775,    0.0490,    0.0288,    0.0293,    0.0266,    0.0451,    0.1039,    0.0985,    0.1685,    0.1601,    0.2208,    0.2063,    0.3728,    0.3685,    0.3323,    0.3000,    0.2330,    0.2034,    0.1234,    0.1096,    0.0341,    0.0311,    0.0095,    0.0096,    0.0062,    0.0198,    0.0039,    0.0030,    0.0056,    0.0037,    0.0025,    0.0036,    0.0033,    0.0027,    0.0023,    0.0011,    0.0249,    0.0000,    0.0570,    0.0993,    0.1121,    0.1026,    0.1150,    0.1270,    0.1130,    0.1556,    0.1376,    0.1514,    0.1663,    0.1350,    0.1953,    0.2135,    0.1714,    0.1188,    0.0170,    0.0347,    0.1489,    0.1717,    0.2774,    0.2915,    0.3605,    0.3854,    0.3990,    0.4240,    0.4204,    0.4310,    0.4068,    0.3700,    0.3277,    0.3882,    0.5347,    0.5411,    0.9343,    1.0207,    1.0686,    1.0861,    1.0687,    1.1838,    1.1356,    1.2425,    1.1430,    1.2897,    1.2199,    1.2988,    2.8119,    2.7462,    2.8484,    2.8761,    2.8952,    2.7909,    2.8891,    2.9628,    3.0229,    2.8094,    2.7703,    2.8768,    7.2717,    6.8831,    6.8056,    6.5997,    6.0963,    5.7177,    5.0194,    4.6178,    4.4387,    3.8905,    2.9887,    2.7760,    2.1404,    1.7398,    1.3273,    1.2677,    0.8554,    0.6213,    0.5025,    0.2019,    0.1782,    0.1267,    0.0440,    0.0358
 1119,    0.7500,  215.9979,    0.3360,   99.4279,   98.5356,   -0.4650,   -0.8634,  158.4330,  158.1931,  158.9522,  159.8269,  160.9618,  161.4017,  161.8766,  162.2475,  162.6234,  163.1987,  164.2647,  166.1783,  169.1578,  173.1983,  177.8997,  182.4038,  186.6940,  190.6685,  194.8441,  200.4636,  203.5595,  205.1334,  205.7868,  206.1292,  206.2522,    0.0656,    0.2476,    0.5207,    0.8566,    1.2308,    1.6228,    2.0154,    2.4120,    2.8171,    3.1571,    3.4529,    3.7053,    3.3530,    3.4204,    3.3513,    3.2419,    3.1253,    3.0261,    2.9572,    2.9215,    2.9211,    2.9709,    3.0653,    3.1350,    1.0954,    1.1097,    1.1148,    1.0796,    1.0510,    0.9928,    0.8502,    0.8172,    0.7584,    0.6265,    0.5877,    0.4307,    0.2738,    0.2387,    0.2079,    0.1998,    0.1899,    0.1714,    0.1822,    0.1812,    0.1866,    0.2018,    0.2312,    0.2724,    0.3591,    0.4073,    0.3386,    0.4470,    0.4367,    0.4428,    0.4548,    0.5081,    0.5340,    0.5431,    0.5431,    0.5367,    1.4876,    1.4649,    1.4091,    1.3366,    1.2711,    1.1767,    1.0026,    0.9484,    0.7566,    0.7121,    0.5476,    0.5144,    0.6301,    0.5084,    0.4537,    0.4023,    0.4133,    0.3717,    0.4454,    0.3988,    0.5119,    0.4579,    0.4563,    0.4062,    1.0083,    0.6515,    0.4858,    0.3437,    0.2264,    0.1562,    0.1060,    0.0690,    0.0435,    0.0277,    0.0181,    0.0131,    0.0863,    0.0481,    0.0708,    0.0769,    0.0862,    0.0804,    0.0877,    0.0977,    0.0857,    0.1180,    0.1043,    0.1137,    0.1255,    0.1023,    0.1488,    0.1655,    0.1390,    0.1673,    0.1991,    0.2137,    0.2089,    0.1362,    0.2169,    0.2291,    0.2813,    0.3006,    0.3112,    0.3309,    0.3224,    0.3386,    0.3448,    0.3982,    0.4369,    0.4114,    0.4161,    0.4248,    0.7057,    0.7707,    0.8088,    0.8374,    0.8601,    0.9294,    0.8696,    0.9674,    0.9481,    0.9887,    0.9380,    1.0062,    2.1661,    2.1382,    2.1837,    2.1853,    2.2084,    2.1200,    2.1943,    2.2503,    2.2960,    2.1351,    2.1041,    2.1850,    5.5235,    5.1952,    5.1367,    4.9815,    4.6017,    4.3160,    3.7891,    3.4861,    3.3511,    2.9375,    2.2568,    2.0964,    1.6166,    1.2660,    0.9662,    0.9231,    0.6231,    0.4528,    0.3664,    0.1473,    0.1301,    0.0926,    0.0322,    0.0262,    0.0055,    0.0205,    0.0426,    0.0692,    0.0980,    0.1272,    0.1555,    0.1289,    0.0134,    0.0006,    0.0026,    0.0062,    0.0107,    0.1312,    0.4523,    0.7612,    1.0041,    1.1528,    1.2052,    1.1720,    1.0641,    0.8737,    0.6213,    0.4097,    0.1157,    0.0839,    0.0660,    0.1028,    0.1368,    0.2051,    0.3970,    0.4188,    0.4759,    0.6175,    0.6466,    0.7945,    0.6368,    0.6453,    0.6537,    0.6415,    0.6399,    0.6662,    0.6208,    0.6092,    0.5935,    0.5746,    0.5472,    0.5052,    0.4409,    0.3603,    0.4227,    0.2716,    0.2714,    0.2528,    0.2252,    0.1417,    0.1003,    0.0740,    0.0598,    0.0545,    0.0988,    0.0582,    0.0384,    0.0417,    0.0385,    0.0648,    0.1463,    0.1383,    0.2281,    0.2155,    0.2850,    0.2663,    0.4674,    0.4550,    0.4087,    0.3671,    0.2919,    0.2566,    0.1634,    0.1449,    0.0482,    0.0435,    0.0108,    0.0107,    0.0062,    0.0261,    0.0057,    0.0043,    0.0079,    0.0053,    0.0035,    0.0047,    0.0042,    0.0032,    0.0027,    0.0015,    0.0242,    0.0000,    0.0553,    0.0957,    0.1080,    0.0988,    0.1108,    0.1219,    0.1085,    0.1495,    0.1321,    0.1457,    0.1601,    0.1299,    0.1879,    0.2054,    0.1634,    0.1133,    0.0163,    0.0332,    0.1420,    0.1637,    0.2648,    0.2782,    0.3440,    0.3678,    0.3808,    0.4046,    0.3961,    0.4060,    0.3833,    0.3486,    0.3089,    0.3658,    0.5038,    0.5098,    0.8761,    0.9572,    1.0021,    1.0185,    1.0021,    1.1101,    1.0650,    1.1782,    1.0839,    1.2230,    1.1567,    1.2315,    2.6663,    2.6040,    2.7009,    2.7220,    2.7402,    2.6415,    2.7344,    2.8041,    2.8611,    2.6590,    2.6220,    2.7228,    6.8825,    6.4966,    6.4236,    6.2294,    5.7544,    5.3971,    4.7382,    4.3593,    4.1904,    3.6731,    2.8219,    2.6213,    2.0213,    1.5716,    1.1993,    1.1458,    0.7733,    0.5619,    0.4547,    0.1828,    0.1614,    0.1148,    0.0399,    0.0325
 1169,    1.0000,  215.0981,    0.3644,   95.2483,   94.3186,   -0.4994,   -0.8809,  158.4330,  158.4085,  159.1896,  160.0758,  161.1937,  161.6956,  162.1003,  162.5000,  162.8992,  163.4394,  164.4482,  166.2626,  169.0915,  172.9013,  177.4642,  181.9967,  186.4544,  190.5620,  194.2768,  199.8802,  202.9510,  204.5133,  205.1744,  205.5134,  205.6415,    0.0650,    0.2451,    0.5152,    0.8469,    1.2159,    1.6018,    1.9876,    2.3816,    2.7935,    3.1306,    3.4215,    3.6685,    3.3165,    3.3632,    3.2476,    3.0974,    2.9513,    2.8334,    2.7541,    2.7142,    2.7156,    2.7775,    2.8993,    3.0059,    1.0536,    1.0755,    1.0882,    1.0541,    1.0323,    0.9757,    0.8391,    0.8065,    0.7489,    0.6196,    0.5814,    0.4269,    0.2720,    0.2379,    0.2082,    0.2003,    0.1906,    0.1725,    0.1828,    0.1816,    0.1865,    0.2008,    0.2287,    0.2678,    0.3493,    0.3930,    0.3283,    0.4277,    0.4179,    0.4242,    0.4346,    0.4828,    0.5100,    0.5178,    0.5173,    0.5110,    1.4305,    1.4221,    1.3670,    1.2933,    1.2294,    1.1284,    0.9309,    0.8799,    0.6706,    0.6304,    0.4639,    0.4348,    0.5167,    0.4103,    0.3644,    0.3216,    0.3334,    0.2981,    0.3762,    0.3359,    0.4746,    0.4241,    0.4393,    0.3908,    0.9719,    0.6099,    0.4612,    0.3277,    0.2124,    0.1468,    0.0994,    0.0643,    0.0399,    0.0254,    0.0165,    0.0119,    0.0852,    0.0480,    0.0693,    0.0745,    0.0835,    0.0779,    0.0850,    0.0944,    0.0828,    0.1140,    0.1008,    0.1096,    0.1210,    0.0987,    0.1435,    0.1597,    0.1353,    0.1635,    0.1970,    0.2110,    0.2050,    0.1326,    0.2109,    0.2227,    0.2734,    0.2923,    0.3025,    0.3216,    0.3092,    0.3250,    0.3313,    0.3838,    0.4223,    0.3965,    0.3992,    0.4076,    0.6727,    0.7345,    0.7710,    0.7986,    0.8209,    0.8866,    0.8291,    0.9323,    0.9145,    0.9526,    0.9038,    0.9697,    2.0872,    2.0608,    2.1040,    2.0972,    2.1196,    2.0345,    2.1058,    2.1596,    2.2035,    2.0491,    2.0193,    2.0970,    5.3010,    4.9675,    4.9117,    4.7634,    4.4003,    4.1272,    3.6235,    3.3339,    3.2049,    2.8095,    2.1586,    2.0053,    1.5465,    1.1709,    0.8937,    0.8540,    0.5766,    0.4191,    0.3393,    0.1365,    0.1206,    0.0858,    0.0298,    0.0243,    0.0072,    0.0269,    0.0558,    0.0905,    0.1282,    0.1664,    0.2034,    0.1694,    0.0178,    0.0008,    0.0034,    0.0082,    0.0141,    0.1724,    0.5819,    0.9578,    1.2397,    1.4050,    1.4601,    1.4208,    1.2987,    1.0808,    0.7810,    0.5128,    0.1462,    0.1040,    0.0762,    0.1114,    0.1372,    0.2042,    0.3903,    0.4123,    0.4685,    0.6083,    0.6373,    0.7835,    0.6279,    0.6361,    0.6441,    0.6321,    0.6303,    0.6553,    0.6113,    0.6000,    0.5845,    0.5659,    0.5389,    0.4980,    0.4370,    0.3606,    0.4199,    0.2770,    0.2763,    0.2575,    0.2313,    0.1525,    0.1100,    0.0850,    0.0713,    0.0660,    0.1188,    0.0671,    0.0474,    0.0532,    0.0495,    0.0829,    0.1830,    0.1727,    0.2754,    0.2595,    0.3314,    0.3097,    0.5305,    0.5100,    0.4572,    0.4098,    0.3314,    0.2923,    0.1934,    0.1714,    0.0604,    0.0542,    0.0120,    0.0118,    0.0061,    0.0319,    0.0074,    0.0055,    0.0100,    0.0066,    0.0044,    0.0056,    0.0049,    0.0036,    0.0031,    0.0018,    0.0236,    0.0000,    0.0538,    0.0923,    0.1042,    0.0953,    0.1069,    0.1173,    0.1044,    0.1438,    0.1270,    0.1405,    0.1543,    0.1253,    0.1812,    0.1980,    0.1560,    0.1083,    0.0156,    0.0318,    0.1356,    0.1562,    0.2531,    0.2660,    0.3289,    0.3517,    0.3640,    0.3868,    0.3745,    0.3839,    0.3624,    0.3295,    0.2921,    0.3458,    0.4764,    0.4821,    0.8252,    0.9015,    0.9439,    0.9593,    0.9439,    1.0456,    1.0031,    1.1206,    1.0308,    1.1631,    1.1001,    1.1712,    2.5358,    2.4766,    2.5687,    2.5851,    2.6023,    2.5086,    2.5969,    2.6631,    2.7172,    2.5253,    2.4902,    2.5859,    6.5365,    6.1547,    6.0855,    5.9017,    5.4518,    5.1134,    4.4893,    4.1305,    3.9706,    3.4806,    2.6742,    2.4842,    1.9158,    1.4344,    1.0948,    1.0462,    0.7063,    0.5133,    0.4155,    0.1671,    0.1476,    0.1051,    0.0365,    0.0298
 1227,    1.2500,  214.1970,    0.3893,   91.5743,   90.6179,   -0.5259,   -0.8790,  158.4330,  158.4045,  159.1843,  160.0670,  161.2001,  161.6028,  162.0000,  162.3958,  162.7514,  163.2887,  164.1990,  165.9358,  168.6496,  172.3545,  176.8026,  181.4779,  186.1142,  190.3923,  194.0983,  199.2885,  202.3470,  203.9002,  204.5543,  204.8965,  205.0231,    0.0644,    0.2428,    0.5098,    0.8375,    1.2014,    1.5814,    1.9605,    2.3519,    2.7700,    3.1041,    3.3901,    3.6319,    3.2801,    3.3072,    3.1501,    2.9669,    2.7993,    2.6693,    2.5833,    2.5398,    2.5409,    2.6087,    2.7492,    2.8849,    1.0141,    1.0427,    1.0622,    1.0293,    1.0138,    0.9587,    0.8279,    0.7956,    0.7392,    0.6121,    0.5745,    0.4217,    0.2684,    0.2350,    0.2061,    0.1984,    0.1890,    0.1716,    0.1812,    0.1798,    0.1843,    0.1978,    0.2249,    0.2625,    0.3395,    0.3794,    0.3179,    0.4094,    0.4002,    0.4066,    0.4156,    0.4592,    0.4874,    0.4940,    0.4931,    0.4868,    1.3759,    1.3803,    1.3259,    1.2512,    1.1888,    1.0823,    0.8659,    0.8178,    0.5984,    0.5618,    0.3997,    0.3737,    0.4361,    0.3438,    0.3039,    0.2672,    0.2768,    0.2462,    0.3212,    0.2860,    0.4404,    0.3931,    0.4228,    0.3758,    0.9364,    0.5711,    0.4377,    0.3124,    0.1993,    0.1379,    0.0931,    0.0599,    0.0366,    0.0233,    0.0151,    0.0109,    0.0842,    0.0479,    0.0679,    0.0723,    0.0811,    0.0756,    0.0825,    0.0913,    0.0801,    0.1103,    0.0975,    0.1058,    0.1169,    0.0953,    0.1387,    0.1543,    0.1320,    0.1600,    0.1950,    0.2085,    0.2014,    0.1293,    0.2054,    0.2170,    0.2664,    0.2847,    0.2947,    0.3133,    0.2976,    0.3130,    0.3194,    0.3711,    0.4093,    0.3833,    0.3844,    0.3925,    0.6439,    0.7031,    0.7380,    0.7647,    0.7867,    0.8492,    0.7939,    0.9012,    0.8848,    0.9206,    0.8735,    0.9373,    2.0173,    1.9921,    2.0333,    2.0194,    2.0411,    1.9590,    2.0277,    2.0795,    2.1217,    1.9731,    1.9445,    2.0192,    5.1045,    4.7669,    4.7135,    4.5711,    4.2228,    3.9609,    3.4776,    3.1997,    3.0760,    2.6966,    2.0720,    1.9250,    1.4847,    1.0926,    0.8341,    0.7972,    0.5384,    0.3914,    0.3169,    0.1275,    0.1127,    0.0802,    0.0279,    0.0228,    0.0089,    0.0330,    0.0685,    0.1110,    0.1572,    0.2041,    0.2494,    0.2085,    0.0222,    0.0010,    0.0042,    0.0102,    0.0174,    0.2123,    0.7016,    1.1305,    1.4377,    1.6104,    1.6645,    1.6206,    1.4902,    1.2557,    0.9222,    0.6076,    0.1745,    0.1230,    0.0861,    0.1199,    0.1379,    0.2035,    0.3842,    0.4063,    0.4617,    0.5997,    0.6286,    0.7730,    0.6192,    0.6270,    0.6345,    0.6228,    0.6208,    0.6444,    0.6020,    0.5908,    0.5756,    0.5573,    0.5309,    0.4910,    0.4335,    0.3609,    0.4172,    0.2820,    0.2808,    0.2618,    0.2369,    0.1625,    0.1191,    0.0952,    0.0821,    0.0767,    0.1376,    0.0754,    0.0558,    0.0640,    0.0597,    0.0994,    0.2150,    0.2026,    0.3135,    0.2949,    0.3658,    0.3417,    0.5739,    0.5463,    0.4893,    0.4380,    0.3589,    0.3171,    0.2164,    0.1917,    0.0710,    0.0636,    0.0131,    0.0127,    0.0061,    0.0372,    0.0090,    0.0066,    0.0118,    0.0078,    0.0052,    0.0064,    0.0055,    0.0039,    0.0034,    0.0020,    0.0230,    0.0000,    0.0523,    0.0892,    0.1007,    0.0921,    0.1033,    0.1130,    0.1005,    0.1385,    0.1224,    0.1356,    0.1490,    0.1210,    0.1750,    0.1913,    0.1492,    0.1037,    0.0150,    0.0305,    0.1297,    0.1494,    0.2424,    0.2547,    0.3149,    0.3367,    0.3486,    0.3704,    0.3552,    0.3641,    0.3437,    0.3124,    0.2770,    0.3279,    0.4517,    0.4571,    0.7801,    0.8523,    0.8922,    0.9068,    0.8922,    0.9884,    0.9483,    1.0684,    0.9828,    1.1090,    1.0489,    1.1167,    2.4178,    2.3613,    2.4492,    2.4623,    2.4787,    2.3894,    2.4735,    2.5366,    2.5881,    2.4053,    2.3719,    2.4631,    6.2260,    5.8491,    5.7834,    5.6088,    5.1813,    4.8599,    4.2668,    3.9259,    3.7741,    3.3085,    2.5421,    2.3616,    1.8214,    1.3195,    1.0072,    0.9626,    0.6500,    0.4725,    0.3825,    0.1539,    0.1360,    0.0968,    0.0337,    0.0275
 1239,    1.5000,  213.3977,    0.4114,   88.4388,   87.3389,   -0.6713,   -0.9842,  158.4330,  158.2250,  159.0013,  159.8816,  160.9888,  161.3971,  161.7953,  162.1001,  162.4246,  162.8999,  163.8461,  165.4971,  168.1132,  171.7487,  176.1959,  180.9938,  185.8494,  190.2613,  194.0402,  198.8536,  201.9029,  203.4517,  204.0973,  204.4423,  204.5676,    0.0639,    0.2406,    0.5049,    0.8288,    1.1881,    1.5626,    1.9357,    2.3247,    2.7491,    3.0805,    3.3623,    3.5992,    3.2475,    3.2561,    3.0618,    2.8517,    2.6688,    2.5312,    2.4409,    2.3946,    2.3941,    2.4641,    2.6171,    2.7763,    0.9785,    1.0131,    1.0387,    1.0068,    0.9972,    0.9435,    0.8180,    0.7860,    0.7306,    0.6051,    0.5682,    0.4162,    0.2643,    0.2313,    0.2031,    0.1955,    0.1863,    0.1695,    0.1785,    0.1771,    0.1812,    0.1943,    0.2208,    0.2572,    0.3304,    0.3669,    0.3083,    0.3930,    0.3842,    0.3907,    0.3985,    0.4382,    0.4670,    0.4727,    0.4714,    0.4652,    1.3270,    1.3431,    1.2893,    1.2137,    1.1526,    1.0410,    0.8091,    0.7636,    0.5390,    0.5053,    0.3504,    0.3269,    0.3779,    0.2974,    0.2619,    0.2294,    0.2362,    0.2090,    0.2782,    0.2470,    0.4105,    0.3661,    0.4084,    0.3628,    0.9057,    0.5373,    0.4173,    0.2992,    0.1879,    0.1302,    0.0877,    0.0562,    0.0338,    0.0214,    0.0139,    0.0100,    0.0832,    0.0478,    0.0666,    0.0702,    0.0788,    0.0735,    0.0801,    0.0886,    0.0777,    0.1069,    0.0946,    0.1024,    0.1131,    0.0922,    0.1341,    0.1493,    0.1289,    0.1569,    0.1932,    0.2061,    0.1981,    0.1263,    0.2005,    0.2118,    0.2600,    0.2779,    0.2876,    0.3058,    0.2874,    0.3024,    0.3089,    0.3597,    0.3977,    0.3715,    0.3712,    0.3792,    0.6185,    0.6754,    0.7090,    0.7349,    0.7566,    0.8164,    0.7629,    0.8735,    0.8581,    0.8921,    0.8464,    0.9083,    1.9548,    1.9307,    1.9702,    1.9501,    1.9712,    1.8918,    1.9582,    2.0081,    2.0489,    1.9055,    1.8778,    1.9500,    4.9294,    4.5886,    4.5372,    4.4003,    4.0650,    3.8129,    3.3478,    3.0804,    2.9614,    2.5963,    1.9950,    1.8535,    1.4297,    1.0268,    0.7840,    0.7494,    0.5062,    0.3681,    0.2981,    0.1200,    0.1060,    0.0755,    0.0263,    0.0215,    0.0104,    0.0389,    0.0807,    0.1308,    0.1852,    0.2403,    0.2936,    0.2466,    0.0265,    0.0012,    0.0050,    0.0121,    0.0206,    0.2511,    0.8131,    1.2841,    1.6065,    1.7804,    1.8316,    1.7843,    1.6498,    1.4060,    1.0488,    0.6963,    0.2013,    0.1413,    0.0960,    0.1285,    0.1393,    0.2038,    0.3798,    0.4021,    0.4569,    0.5935,    0.6224,    0.7652,    0.6124,    0.6197,    0.6266,    0.6152,    0.6129,    0.6352,    0.5943,    0.5832,    0.5683,    0.5504,    0.5247,    0.4861,    0.4316,    0.3625,    0.4159,    0.2875,    0.2860,    0.2668,    0.2429,    0.1723,    0.1281,    0.1051,    0.0923,    0.0869,    0.1557,    0.0836,    0.0640,    0.0742,    0.0694,    0.1148,    0.2435,    0.2292,    0.3454,    0.3245,    0.3928,    0.3669,    0.6065,    0.5730,    0.5130,    0.4589,    0.3798,    0.3359,    0.2351,    0.2082,    0.0806,    0.0720,    0.0142,    0.0137,    0.0061,    0.0424,    0.0105,    0.0076,    0.0135,    0.0088,    0.0059,    0.0072,    0.0060,    0.0042,    0.0036,    0.0022,    0.0224,    0.0000,    0.0509,    0.0862,    0.0974,    0.0891,    0.0999,    0.1090,    0.0970,    0.1336,    0.1181,    0.1312,    0.1441,    0.1170,    0.1692,    0.1850,    0.1429,    0.0994,    0.0144,    0.0293,    0.1242,    0.1431,    0.2325,    0.2443,    0.3020,    0.3229,    0.3343,    0.3552,    0.3377,    0.3461,    0.3268,    0.2969,    0.2632,    0.3116,    0.4295,    0.4346,    0.7397,    0.8081,    0.8460,    0.8598,    0.8459,    0.9371,    0.8991,    1.0209,    0.9391,    1.0596,    1.0023,    1.0671,    2.3103,    2.2563,    2.3403,    2.3510,    2.3667,    2.2815,    2.3617,    2.4220,    2.4712,    2.2966,    2.2647,    2.3518,    5.9448,    5.5735,    5.5111,    5.3447,    4.9375,    4.6312,    4.0662,    3.7414,    3.5968,    3.1532,    2.4229,    2.2510,    1.7362,    1.2211,    0.9322,    0.8911,    0.6018,    0.4376,    0.3543,    0.1426,    0.1260,    0.0897,    0.0312,    0.0255
 1317,    1.7500,  212.4980,    0.4312,   85.4660,   84.4095,   -0.6308,   -0.9366,  158.4330,  157.9042,  158.6832,  159.5608,  160.5965,  161.0007,  161.3873,  161.6898,  161.9941,  162.4177,  163.2995,  164.9180,  167.4975,  171.0680,  175.5174,  180.4637,  185.4868,  189.9980,  193.8835,  198.3532,  201.3988,  202.9375,  203.5786,  203.9222,  204.0458,    0.0634,    0.2384,    0.4999,    0.8199,    1.1743,    1.5433,    1.9101,    2.2961,    2.7257,    3.0541,    3.3311,    3.5628,    3.2115,    3.2023,    2.9748,    2.7434,    2.5501,    2.4082,    2.3155,    2.2667,    2.2636,    2.3328,    2.4925,    2.6694,    0.9431,    0.9827,    1.0139,    0.9831,    0.9791,    0.9268,    0.8067,    0.7749,    0.7206,    0.5969,    0.5608,    0.4101,    0.2598,    0.2269,    0.1992,    0.1917,    0.1828,    0.1667,    0.1750,    0.1736,    0.1774,    0.1901,    0.2162,    0.2515,    0.3209,    0.3542,    0.2984,    0.3767,    0.3684,    0.3749,    0.3816,    0.4175,    0.4468,    0.4516,    0.4499,    0.4437,    1.2768,    1.3033,    1.2503,    1.1740,    1.1144,    0.9986,    0.7551,    0.7120,    0.4869,    0.4559,    0.3104,    0.2890,    0.3332,    0.2625,    0.2304,    0.2012,    0.2051,    0.1807,    0.2425,    0.2147,    0.3815,    0.3399,    0.3928,    0.3487,    0.8722,    0.5033,    0.3959,    0.2850,    0.1763,    0.1222,    0.0822,    0.0524,    0.0311,    0.0196,    0.0128,    0.0092,    0.0822,    0.0477,    0.0654,    0.0683,    0.0766,    0.0715,    0.0779,    0.0860,    0.0754,    0.1038,    0.0918,    0.0991,    0.1095,    0.0893,    0.1300,    0.1447,    0.1262,    0.1539,    0.1914,    0.2039,    0.1951,    0.1236,    0.1960,    0.2071,    0.2542,    0.2717,    0.2812,    0.2990,    0.2783,    0.2929,    0.2994,    0.3495,    0.3872,    0.3608,    0.3595,    0.3673,    0.5961,    0.6509,    0.6833,    0.7085,    0.7299,    0.7872,    0.7354,    0.8485,    0.8341,    0.8664,    0.8221,    0.8823,    1.8987,    1.8755,    1.9135,    1.8880,    1.9085,    1.8315,    1.8957,    1.9441,    1.9836,    1.8447,    1.8179,    1.8878,    4.7723,    4.4289,    4.3793,    4.2472,    3.9237,    3.6804,    3.2315,    2.9735,    2.8588,    2.5064,    1.9260,    1.7895,    1.3804,    0.9708,    0.7412,    0.7087,    0.4787,    0.3482,    0.2820,    0.1135,    0.1004,    0.0715,    0.0249,    0.0203,    0.0119,    0.0445,    0.0923,    0.1497,    0.2119,    0.2749,    0.3358,    0.2832,    0.0307,    0.0013,    0.0058,    0.0140,    0.0238,    0.2884,    0.9151,    1.4173,    1.7462,    1.9165,    1.9630,    1.9132,    1.7774,    1.5305,    1.1588,    0.7764,    0.2257,    0.1583,    0.1051,    0.1363,    0.1400,    0.2033,    0.3742,    0.3966,    0.4506,    0.5856,    0.6145,    0.7557,    0.6045,    0.6115,    0.6180,    0.6068,    0.6044,    0.6251,    0.5859,    0.5750,    0.5604,    0.5427,    0.5175,    0.4799,    0.4283,    0.3624,    0.4132,    0.2914,    0.2895,    0.2703,    0.2475,    0.1805,    0.1358,    0.1138,    0.1014,    0.0960,    0.1722,    0.0910,    0.0715,    0.0835,    0.0783,    0.1285,    0.2676,    0.2517,    0.3702,    0.3475,    0.4116,    0.3844,    0.6271,    0.5888,    0.5269,    0.4710,    0.3930,    0.3478,    0.2486,    0.2200,    0.0886,    0.0790,    0.0151,    0.0145,    0.0060,    0.0469,    0.0119,    0.0084,    0.0149,    0.0097,    0.0065,    0.0077,    0.0063,    0.0044,    0.0038,    0.0023,    0.0219,    0.0000,    0.0496,    0.0835,    0.0943,    0.0862,    0.0967,    0.1053,    0.0937,    0.1291,    0.1141,    0.1271,    0.1396,    0.1133,    0.1639,    0.1792,    0.1370,    0.0953,    0.0139,    0.0281,    0.1191,    0.1372,    0.2232,    0.2346,    0.2900,    0.3101,    0.3210,    0.3411,    0.3217,    0.3298,    0.3114,    0.2828,    0.2507,    0.2967,    0.4092,    0.4141,    0.7032,    0.7683,    0.8043,    0.8174,    0.8041,    0.8909,    0.8548,    0.9774,    0.8989,    1.0144,    0.9595,    1.0215,    2.2117,    2.1600,    2.2404,    2.2495,    2.2645,    2.1830,    2.2598,    2.3174,    2.3645,    2.1975,    2.1670,    2.2503,    5.6883,    5.3232,    5.2636,    5.1047,    4.7159,    4.4234,    3.8838,    3.5737,    3.4357,    3.0121,    2.3145,    2.1504,    1.6587,    1.1356,    0.8670,    0.8288,    0.5598,    0.4071,    0.3297,    0.1327,    0.1173,    0.0836,    0.0291,    0.0237
 1350,    2.0000,  211.6975,    0.4489,   82.9146,   81.7740,   -0.7178,   -0.9665,  158.4330,  157.6277,  158.3962,  159.2656,  160.2848,  160.6038,  160.9633,  161.1963,  161.4973,  161.9371,  162.7986,  164.3992,  166.8982,  170.4556,  174.9668,  180.0191,  185.1969,  189.7992,  193.7618,  197.9697,  201.0048,  202.5384,  203.1734,  203.5196,  203.6417,    0.0629,    0.2363,    0.4953,    0.8117,    1.1618,    1.5256,    1.8867,    2.2701,    2.7049,    3.0307,    3.3033,    3.5303,    3.1792,    3.1534,    2.8967,    2.6485,    2.4485,    2.3047,    2.2108,    2.1600,    2.1540,    2.2207,    2.3837,    2.5741,    0.9114,    0.9555,    0.9917,    0.9619,    0.9631,    0.9121,    0.7970,    0.7656,    0.7123,    0.5901,    0.5547,    0.4048,    0.2557,    0.2229,    0.1956,    0.1881,    0.1794,    0.1639,    0.1717,    0.1702,    0.1739,    0.1864,    0.2122,    0.2464,    0.3126,    0.3430,    0.2896,    0.3624,    0.3544,    0.3609,    0.3666,    0.3993,    0.4288,    0.4328,    0.4308,    0.4247,    1.2320,    1.2679,    1.2156,    1.1386,    1.0803,    0.9608,    0.7080,    0.6671,    0.4439,    0.4151,    0.2792,    0.2595,    0.2996,    0.2367,    0.2071,    0.1805,    0.1821,    0.1598,    0.2143,    0.1892,    0.3563,    0.3171,    0.3793,    0.3365,    0.8432,    0.4737,    0.3774,    0.2728,    0.1662,    0.1154,    0.0774,    0.0491,    0.0287,    0.0181,    0.0118,    0.0084,    0.0813,    0.0476,    0.0642,    0.0666,    0.0746,    0.0697,    0.0759,    0.0836,    0.0733,    0.1009,    0.0892,    0.0961,    0.1062,    0.0866,    0.1261,    0.1404,    0.1237,    0.1512,    0.1897,    0.2017,    0.1924,    0.1211,    0.1920,    0.2028,    0.2489,    0.2660,    0.2753,    0.2928,    0.2701,    0.2844,    0.2909,    0.3403,    0.3776,    0.3513,    0.3490,    0.3566,    0.5760,    0.6289,    0.6603,    0.6848,    0.7059,    0.7610,    0.7108,    0.8260,    0.8124,    0.8431,    0.8001,    0.8588,    1.8479,    1.8256,    1.8622,    1.8318,    1.8519,    1.7770,    1.8393,    1.8863,    1.9246,    1.7899,    1.7638,    1.8317,    4.6304,    4.2849,    4.2370,    4.1092,    3.7962,    3.5610,    3.1267,    2.8771,    2.7662,    2.4252,    1.8637,    1.7317,    1.3359,    0.9224,    0.7044,    0.6735,    0.4550,    0.3310,    0.2681,    0.1079,    0.0955,    0.0680,    0.0237,    0.0194,    0.0134,    0.0500,    0.1036,    0.1680,    0.2377,    0.3084,    0.3767,    0.3191,    0.0349,    0.0015,    0.0066,    0.0159,    0.0269,    0.3249,    1.0111,    1.5374,    1.8676,    2.0318,    2.0733,    2.0217,    1.8865,    1.6399,    1.2592,    0.8524,    0.2490,    0.1749,    0.1143,    0.1443,    0.1413,    0.2036,    0.3702,    0.3928,    0.4463,    0.5799,    0.6090,    0.7489,    0.5987,    0.6052,    0.6111,    0.6002,    0.5974,    0.6166,    0.5791,    0.5684,    0.5540,    0.5368,    0.5122,    0.4756,    0.4267,    0.3637,    0.4121,    0.2960,    0.2937,    0.2745,    0.2526,    0.1887,    0.1436,    0.1223,    0.1102,    0.1048,    0.1883,    0.0983,    0.0787,    0.0923,    0.0867,    0.1414,    0.2896,    0.2723,    0.3918,    0.3675,    0.4275,    0.3992,    0.6442,    0.6019,    0.5386,    0.4813,    0.4041,    0.3579,    0.2603,    0.2303,    0.0960,    0.0855,    0.0160,    0.0153,    0.0060,    0.0514,    0.0132,    0.0092,    0.0161,    0.0105,    0.0070,    0.0082,    0.0067,    0.0046,    0.0039,    0.0024,    0.0213,    0.0000,    0.0484,    0.0809,    0.0914,    0.0836,    0.0938,    0.1018,    0.0906,    0.1248,    0.1103,    0.1232,    0.1354,    0.1099,    0.1590,    0.1737,    0.1315,    0.0915,    0.0134,    0.0271,    0.1144,    0.1316,    0.2146,    0.2255,    0.2788,    0.2981,    0.3086,    0.3279,    0.3071,    0.3148,    0.2972,    0.2698,    0.2391,    0.2831,    0.3906,    0.3952,    0.6700,    0.7320,    0.7663,    0.7787,    0.7660,    0.8487,    0.8144,    0.9372,    0.8619,    0.9727,    0.9200,    0.9795,    2.1207,    2.0712,    2.1483,    2.1563,    2.1706,    2.0925,    2.1661,    2.2214,    2.2665,    2.1064,    2.0772,    2.1571,    5.4526,    5.0942,    5.0371,    4.8852,    4.5131,    4.2333,    3.7169,    3.4202,    3.2882,    2.8829,    2.2153,    2.0583,    1.5877,    1.0602,    0.8095,    0.7739,    0.5228,    0.3802,    0.3080,    0.1240,    0.1096,    0.0781,    0.0272,    0.0222
