Particle       ,data/QEXT_96IR_84_VIS_Al_8um_60um
Ncase          ,  14
dt (sols)      ,  0.020833
Qext 0.67um    ,  5.146000
Alb sfc        ,  0.220000
Conrath nu     ,  0.002000
Sun Flux (W/m2),148.393084
BWN IR (cm-1)  ,     10.0000,     58.3330,     82.5000,    106.6670,    130.8330,    155.0000,    179.1670,    203.3330,    227.5000,    251.6670,    275.8330,    300.0000,    320.7880,    341.5750,    362.3630,    383.1500,    403.9380,    424.7250,    445.5130,    466.3010,    487.0880,    507.8760,    528.6630,    549.4510,    556.7420,    564.0330,    571.3240,    578.6150,    585.9060,    593.1970,    600.4880,    607.7790,    615.0700,    622.3610,    629.6520,    636.9430,    642.5500,    648.1570,    653.7640,    659.3700,    664.9770,    670.5840,    676.1910,    681.7980,    687.4050,    693.0110,    698.6180,    704.2250,    710.1390,    716.0530,    721.9670,    727.8810,    733.7950,    739.7090,    745.6240,    751.5380,    757.4520,    763.3660,    769.2800,    775.1940,    791.5010,    807.8070,    824.1140,    840.4210,    856.7270,    873.0340,    889.3410,    905.6470,    921.9540,    938.2610,    954.5670,    970.8740,    996.8050,   1022.7370,   1048.6680,   1074.6000,   1100.5310,   1126.4630,   1152.3940,   1178.3250,   1204.2570,   1230.1880,   1256.1200,   1282.0510,   1360.3990,   1438.7460,   1517.0940,   1595.4410,   1673.7890,   1752.1370,   1830.4840,   1908.8320,   1987.1790,   2065.5270,   2143.8740,   2222.2220
BWN VIS (cm-1) ,   2222.2200,   2366.4120,   2438.5080,   2510.6030,   2582.6990,   2654.7950,   2726.8910,   2798.9870,   2871.0820,   2943.1780,   3015.2740,   3087.3700,   3165.9750,   3244.5800,   3323.1850,   3401.7900,   3480.3950,   3559.0000,   3637.6050,   3716.2100,   3794.8150,   3873.4200,   3952.0250,   4030.6300,   4142.2920,   4253.9530,   4365.6150,   4477.2770,   4588.9380,   4700.6000,   4812.2620,   4923.9230,   5035.5850,   5147.2470,   5258.9080,   5370.5700,   5560.6150,   5750.6600,   5940.7050,   6130.7500,   6320.7950,   6510.8400,   6700.8850,   6890.9300,   7080.9750,   7271.0200,   7461.0650,   7651.1100,   8055.1840,   8459.2580,   8863.3330,   9267.4070,   9671.4810,  10075.5550,  10479.6290,  10883.7030,  11287.7780,  11691.8520,  12095.9260,  12500.0000,  13541.6670,  14583.3330,  15625.0000,  16666.6670,  17708.3330,  18750.0000,  19791.6670,  20833.3330,  21875.0000,  22916.6670,  23958.3330,  25000.0000,  26388.8890,  27777.7780,  29166.6670,  30555.5570,  31944.4460,  33333.3350,  34722.2240,  36111.1130,  37500.0030,  38888.8920,  40277.7810,  41666.6700
================
wavelenght [um],    0.244068,    0.252632,    0.261818,    0.271698,    0.282353,    0.293878,    0.306383,    0.320000,    0.334884,    0.351220,    0.369231,    0.389189,    0.408511,    0.426667,    0.446512,    0.468293,    0.492308,    0.518919,    0.548571,    0.581818,    0.619355,    0.662069,    0.711111,    0.768000,    0.813143,    0.840768,    0.870336,    0.902060,    0.936184,    0.972991,    1.012810,    1.056028,    1.103099,    1.154562,    1.211061,    1.273375,    1.323436,    1.357581,    1.393534,    1.431444,    1.471474,    1.513807,    1.558648,    1.606226,    1.656801,    1.710664,    1.768147,    1.829628,    1.881560,    1.921939,    1.964090,    2.008131,    2.054193,    2.102417,    2.152960,    2.205992,    2.261704,    2.320302,    2.382017,    2.447105,    2.505432,    2.555765,    2.608162,    2.662752,    2.719677,    2.779088,    2.841153,    2.906054,    2.973989,    3.045176,    3.119855,    3.198288,    3.277268,    3.356577,    3.439819,    3.527294,    3.619334,    3.716307,    3.818620,    3.926726,    4.041130,    4.162400,    4.291175,    4.428172,    4.580751,    4.751270,    4.934974,    5.133456,    5.348572,    5.582505,    5.837838,    6.117648,    6.425631,    6.766266,    7.145039,    7.568734,    7.879690,    8.044056,    8.215425,    8.394255,    8.581043,    8.776330,    8.980716,    9.194848,    9.419442,    9.655282,    9.903235,   10.164260,   10.387231,   10.566200,   10.751445,   10.943308,   11.142136,   11.348323,   11.562291,   11.784476,   12.015368,   12.255495,   12.505409,   12.765727,   12.949392,   13.049328,   13.150818,   13.253898,   13.358608,   13.464994,   13.573088,   13.682923,   13.794549,   13.908012,   14.023357,   14.140631,   14.256763,   14.371646,   14.488386,   14.607038,   14.727660,   14.850291,   14.974981,   15.101782,   15.230738,   15.361915,   15.495384,   15.631191,   15.790367,   15.974275,   16.162517,   16.355249,   16.552633,   16.754839,   16.962047,   17.174443,   17.392227,   17.615605,   17.844795,   18.080028,   18.550914,   19.294981,   20.101230,   20.977796,   21.934298,   22.982219,   24.135264,   25.410119,   26.827165,   28.411593,   30.194923,   32.217118,   34.732292,   37.914692,   41.739101,   46.421699,   52.287582,   59.850314,   69.970927,   84.210526,  105.726686,  142.012170,  216.216216,  452.826771
Qext           ,      9.1370,      9.0380,      8.9350,      8.8290,      8.7050,      8.5770,      8.4420,      8.2870,      8.1080,      7.9200,      7.7230,      7.4960,      7.2780,      7.0700,      6.8530,      6.6030,      6.3150,      6.0120,      5.6930,      5.4350,      5.2990,      5.1460,      4.9610,      4.7480,      4.5970,      4.5050,      4.3960,      4.2840,      4.1800,      4.2170,      4.2820,      4.3570,      4.4350,      4.5160,      4.6110,      4.7090,      4.8220,      4.9590,      5.1000,      5.2450,      5.3940,      5.5720,      5.7560,      5.9180,      6.1070,      6.0960,      5.9680,      5.8520,      5.7500,      5.6620,      5.5730,      5.4820,      5.4430,      5.5290,      5.6080,      5.6900,      5.7890,      5.8910,      5.9960,      6.3090,      6.6760,      7.0510,      7.4340,      7.7460,      8.1450,      8.6330,      9.5500,     10.5100,     11.4940,     12.7020,     13.7320,     14.4880,     15.2300,     15.9920,     16.7740,     17.1440,     16.5720,     15.8690,     15.0240,     14.5860,     14.5520,     14.5170,     16.4160,     23.0920,     29.0660,     23.6270,     15.4740,     13.2320,     14.2490,     17.8070,     27.0580,     36.3520,     28.4370,     17.6250,     14.0650,     16.1210,     17.7320,     20.2320,     23.4850,     29.0960,     36.0880,     43.6280,     51.5080,     55.3160,     56.5660,     50.6300,     41.0900,     32.3030,     26.7430,     21.8570,     19.4470,     17.6190,     17.3410,     17.3440,     17.6930,     17.8530,     17.9700,     18.0090,     18.2860,     18.9430,     19.6980,     20.2070,     21.0770,     21.9620,     21.9620,     22.8560,     23.9510,     25.0950,     26.2490,     27.4330,     28.6320,     29.8420,     30.9780,     32.0990,     33.2310,     34.3320,     35.4370,     35.4370,     36.5610,     37.9140,     39.2780,     40.8300,     42.8410,     44.8720,     49.0240,     53.6380,     57.8670,     64.5860,     72.4970,     78.0690,     87.5850,     97.4290,    107.7000,    117.7280,    127.4080,    136.2200,    147.7020,    156.4910,    146.5190,    120.1360,     87.0380,     56.5120,     32.4310,     17.7660,     11.5710,      8.9410,      6.9370,      4.7660,      3.1310,      2.9060,      3.4570,      3.1520,      1.4920,      0.7750,      0.7750,      0.7750,      0.7750,      0.7750,      0.7750,      0.7750
Qscat          ,      4.8750,      4.8440,      4.8110,      4.7770,      4.7370,      4.6940,      4.6480,      4.5940,      4.5310,      4.4620,      4.3880,      4.3010,      4.2150,      4.1310,      4.0410,      3.9340,      3.8070,      3.6690,      3.5190,      3.4010,      3.3530,      3.2970,      3.2250,      3.1390,      3.0750,      3.0350,      2.9860,      2.9350,      2.8870,      2.9100,      2.9470,      2.9890,      3.0330,      3.0790,      3.1310,      3.1860,      3.2530,      3.3390,      3.4270,      3.5170,      3.6090,      3.7190,      3.8320,      3.9310,      4.0470,      4.0770,      4.0540,      4.0310,      4.0080,      3.9880,      3.9660,      3.9420,      3.9390,      3.9930,      4.0410,      4.0900,      4.1490,      4.2100,      4.2710,      4.4950,      4.7640,      5.0400,      5.3230,      5.5540,      5.8510,      6.1980,      6.7710,      7.3520,      7.9260,      8.6060,      9.1640,      9.6160,     10.1050,     10.6060,     11.1210,     11.3370,     10.8470,     10.2560,      9.5610,      9.2750,      9.3650,      9.4560,     10.5910,     13.9760,     16.5720,     14.2700,     10.1450,      9.0420,      9.9590,     12.7600,     17.8640,     21.1420,     17.0740,     11.3500,      9.7530,     11.0170,     12.1130,     13.9830,     16.4730,     19.9550,     23.7140,     27.1400,     30.1350,     30.9350,     30.4340,     27.2900,     23.1380,     19.1910,     16.6520,     14.1290,     12.6240,     11.4040,     10.9880,     10.8290,     11.0780,     11.3890,     11.7210,     12.0510,     12.5530,     13.2080,     13.7400,     14.0980,     14.5810,     15.0610,     15.0610,     15.5350,     16.0720,     16.6090,     17.1300,     17.6720,     18.2100,     18.7340,     19.2980,     19.8730,     20.4440,     21.1650,     21.9180,     21.9180,     22.6960,     23.7940,     24.9210,     26.1990,     27.8230,     29.4960,     32.6080,     36.0070,     38.7530,     42.9990,     47.6140,     50.7120,     55.5800,     60.3140,     64.8400,     68.9490,     72.5390,     75.4970,     78.4840,     78.2320,     70.1650,     56.8100,     42.0440,     28.8680,     18.0570,     10.5210,      6.3620,      4.0250,      2.6250,      1.6790,      1.0020,      0.6180,      0.4850,      0.4150,      0.2860,      0.2310,      0.2310,      0.2310,      0.2310,      0.2310,      0.2310,      0.2310
G factor       ,    0.7460,    0.7430,    0.7390,    0.7360,    0.7320,    0.7280,    0.7240,    0.7190,    0.7130,    0.7070,    0.7010,    0.6930,    0.6860,    0.6800,    0.6730,    0.6650,    0.6550,    0.6460,    0.6350,    0.6280,    0.6260,    0.6240,    0.6220,    0.6190,    0.6170,    0.6160,    0.6140,    0.6130,    0.6110,    0.6100,    0.6090,    0.6080,    0.6060,    0.6050,    0.6030,    0.6010,    0.5970,    0.5900,    0.5820,    0.5740,    0.5660,    0.5570,    0.5470,    0.5380,    0.5280,    0.5330,    0.5450,    0.5560,    0.5660,    0.5750,    0.5830,    0.5920,    0.5980,    0.6000,    0.6000,    0.6010,    0.6020,    0.6040,    0.6050,    0.5940,    0.5800,    0.5650,    0.5500,    0.5370,    0.5220,    0.5030,    0.4720,    0.4400,    0.4070,    0.3660,    0.3310,    0.3250,    0.3360,    0.3470,    0.3580,    0.3590,    0.3320,    0.2990,    0.2600,    0.2570,    0.2870,    0.3170,    0.3330,    0.3070,    0.2790,    0.2560,    0.2360,    0.2730,    0.3270,    0.3170,    0.3000,    0.2710,    0.1800,    0.1260,    0.1760,    0.2220,    0.2160,    0.2160,    0.2190,    0.2240,    0.2290,    0.2250,    0.2170,    0.1990,    0.1710,    0.1340,    0.0900,    0.0500,    0.0190,   -0.0090,   -0.0260,   -0.0370,   -0.0330,   -0.0240,   -0.0110,   -0.0010,    0.0080,    0.0160,    0.0240,    0.0310,    0.0350,    0.0370,    0.0400,    0.0420,    0.0420,    0.0450,    0.0470,    0.0500,    0.0530,    0.0550,    0.0580,    0.0600,    0.0620,    0.0640,    0.0660,    0.0670,    0.0690,    0.0690,    0.0700,    0.0720,    0.0730,    0.0750,    0.0760,    0.0780,    0.0800,    0.0820,    0.0830,    0.0850,    0.0860,    0.0870,    0.0880,    0.0890,    0.0890,    0.0880,    0.0880,    0.0870,    0.0860,    0.0810,    0.0750,    0.0670,    0.0590,    0.0510,    0.0410,    0.0310,    0.0220,    0.0170,    0.0160,    0.0180,    0.0190,    0.0110,   -0.0030,   -0.0160,   -0.0190,    0.0000,    0.0000,    0.0000,    0.0000,    0.0000,    0.0000,    0.0000
================
P [mbar]       ,    0.1004,    0.1015,    0.1034,    0.1069,    0.1130,    0.1239,    0.1432,    0.1740,    0.2226,    0.3028,    0.4349,    0.6529,    1.0121,    1.6044,    2.4646,    3.4606,    4.3994,    5.2226,    5.8426,    6.2132,    6.3980,    6.4686,    6.5039,    6.5168
Temp initial[K],  155.0000,  155.0000,  155.0000,  155.0000,  155.0000,  155.0000,  155.0000,  155.0000,  155.0000,  155.0000,  155.0000,  155.0000,  158.8233,  165.4041,  173.2716,  181.4436,  190.2788,  198.8130,  204.5783,  207.8249,  209.4219,  210.0497,  210.3719,  210.4891
================
it   ,   tau    ,  Tsfc    ,   alb    ,   OLR    ,    ASR   ,  NET top ,  NET bot , T lev  01, T lev  02, T lev  03, T lev  04, T lev  05, T lev  06, T lev  07, T lev  08, T lev  09, T lev  10, T lev  11, T lev  12, T lev  13, T lev  14, T lev  15, T lev  16, T lev  17, T lev  18, T lev  19, T lev  20, T lev  21, T lev  22, T lev  23, T lev  24, T lev  25,  OLR IR01,  OLR IR02,  OLR IR03,  OLR IR04,  OLR IR05,  OLR IR06,  OLR IR07,  OLR IR08,  OLR IR09,  OLR IR10,  OLR IR11,  OLR IR12,  OLR IR13,  OLR IR14,  OLR IR15,  OLR IR16,  OLR IR17,  OLR IR18,  OLR IR19,  OLR IR20,  OLR IR21,  OLR IR22,  OLR IR23,  OLR IR24,  OLR IR25,  OLR IR26,  OLR IR27,  OLR IR28,  OLR IR29,  OLR IR30,  OLR IR31,  OLR IR32,  OLR IR33,  OLR IR34,  OLR IR35,  OLR IR36,  OLR IR37,  OLR IR38,  OLR IR39,  OLR IR40,  OLR IR41,  OLR IR42,  OLR IR43,  OLR IR44,  OLR IR45,  OLR IR46,  OLR IR47,  OLR IR48,  OLR IR49,  OLR IR50,  OLR IR51,  OLR IR52,  OLR IR53,  OLR IR54,  OLR IR55,  OLR IR56,  OLR IR57,  OLR IR58,  OLR IR59,  OLR IR60,  OLR IR61,  OLR IR62,  OLR IR63,  OLR IR64,  OLR IR65,  OLR IR66,  OLR IR67,  OLR IR68,  OLR IR69,  OLR IR70,  OLR IR71,  OLR IR72,  OLR IR73,  OLR IR74,  OLR IR75,  OLR IR76,  OLR IR77,  OLR IR78,  OLR IR79,  OLR IR80,  OLR IR81,  OLR IR82,  OLR IR83,  OLR IR84,  OLR IR85,  OLR IR86,  OLR IR87,  OLR IR88,  OLR IR89,  OLR IR90,  OLR IR91,  OLR IR92,  OLR IR93,  OLR IR94,  OLR IR95,  OLR IR96, ASR VIS01, ASR VIS02, ASR VIS03, ASR VIS04, ASR VIS05, ASR VIS06, ASR VIS07, ASR VIS08, ASR VIS09, ASR VIS10, ASR VIS11, ASR VIS12, ASR VIS13, ASR VIS14, ASR VIS15, ASR VIS16, ASR VIS17, ASR VIS18, ASR VIS19, ASR VIS20, ASR VIS21, ASR VIS22, ASR VIS23, ASR VIS24, ASR VIS25, ASR VIS26, ASR VIS27, ASR VIS28, ASR VIS29, ASR VIS30, ASR VIS31, ASR VIS32, ASR VIS33, ASR VIS34, ASR VIS35, ASR VIS36, ASR VIS37, ASR VIS38, ASR VIS39, ASR VIS40, ASR VIS41, ASR VIS42, ASR VIS43, ASR VIS44, ASR VIS45, ASR VIS46, ASR VIS47, ASR VIS48, ASR VIS49, ASR VIS50, ASR VIS51, ASR VIS52, ASR VIS53, ASR VIS54, ASR VIS55, ASR VIS56, ASR VIS57, ASR VIS58, ASR VIS59, ASR VIS60, ASR VIS61, ASR VIS62, ASR VIS63, ASR VIS64, ASR VIS65, ASR VIS66, ASR VIS67, ASR VIS68, ASR VIS69, ASR VIS70, ASR VIS71, ASR VIS72, ASR VIS73, ASR VIS74, ASR VIS75, ASR VIS76, ASR VIS77, ASR VIS78, ASR VIS79, ASR VIS80, ASR VIS81, ASR VIS82, ASR VIS83, ASR VIS84, SFC DIR01, SFC DIR02, SFC DIR03, SFC DIR04, SFC DIR05, SFC DIR06, SFC DIR07, SFC DIR08, SFC DIR09, SFC DIR10, SFC DIR11, SFC DIR12, SFC DIR13, SFC DIR14, SFC DIR15, SFC DIR16, SFC DIR17, SFC DIR18, SFC DIR19, SFC DIR20, SFC DIR21, SFC DIR22, SFC DIR23, SFC DIR24, SFC DIR25, SFC DIR26, SFC DIR27, SFC DIR28, SFC DIR29, SFC DIR30, SFC DIR31, SFC DIR32, SFC DIR33, SFC DIR34, SFC DIR35, SFC DIR36, SFC DIR37, SFC DIR38, SFC DIR39, SFC DIR40, SFC DIR41, SFC DIR42, SFC DIR43, SFC DIR44, SFC DIR45, SFC DIR46, SFC DIR47, SFC DIR48, SFC DIR49, SFC DIR50, SFC DIR51, SFC DIR52, SFC DIR53, SFC DIR54, SFC DIR55, SFC DIR56, SFC DIR57, SFC DIR58, SFC DIR59, SFC DIR60, SFC DIR61, SFC DIR62, SFC DIR63, SFC DIR64, SFC DIR65, SFC DIR66, SFC DIR67, SFC DIR68, SFC DIR69, SFC DIR70, SFC DIR71, SFC DIR72, SFC DIR73, SFC DIR74, SFC DIR75, SFC DIR76, SFC DIR77, SFC DIR78, SFC DIR79, SFC DIR80, SFC DIR81, SFC DIR82, SFC DIR83, SFC DIR84, SFC DIR85, SFC DIR86, SFC DIR87, SFC DIR88, SFC DIR89, SFC DIR90, SFC DIR91, SFC DIR92, SFC DIR93, SFC DIR94, SFC DIR95, SFC DIR96,SFC DVIS01,SFC DVIS02,SFC DVIS03,SFC DVIS04,SFC DVIS05,SFC DVIS06,SFC DVIS07,SFC DVIS08,SFC DVIS09,SFC DVIS10,SFC DVIS11,SFC DVIS12,SFC DVIS13,SFC DVIS14,SFC DVIS15,SFC DVIS16,SFC DVIS17,SFC DVIS18,SFC DVIS19,SFC DVIS20,SFC DVIS21,SFC DVIS22,SFC DVIS23,SFC DVIS24,SFC DVIS25,SFC DVIS26,SFC DVIS27,SFC DVIS28,SFC DVIS29,SFC DVIS30,SFC DVIS31,SFC DVIS32,SFC DVIS33,SFC DVIS34,SFC DVIS35,SFC DVIS36,SFC DVIS37,SFC DVIS38,SFC DVIS39,SFC DVIS40,SFC DVIS41,SFC DVIS42,SFC DVIS43,SFC DVIS44,SFC DVIS45,SFC DVIS46,SFC DVIS47,SFC DVIS48,SFC DVIS49,SFC DVIS50,SFC DVIS51,SFC DVIS52,SFC DVIS53,SFC DVIS54,SFC DVIS55,SFC DVIS56,SFC DVIS57,SFC DVIS58,SFC DVIS59,SFC DVIS60,SFC DVIS61,SFC DVIS62,SFC DVIS63,SFC DVIS64,SFC DVIS65,SFC DVIS66,SFC DVIS67,SFC DVIS68,SFC DVIS69,SFC DVIS70,SFC DVIS71,SFC DVIS72,SFC DVIS73,SFC DVIS74,SFC DVIS75,SFC DVIS76,SFC DVIS77,SFC DVIS78,SFC DVIS79,SFC DVIS80,SFC DVIS81,SFC DVIS82,SFC DVIS83,SFC DVIS84
 1007,    0.0000,  218.8983,    0.2194,  117.0969,  115.8380,   -0.8625,   -0.7595,  158.4330,  155.0000,  155.0000,  155.0000,  155.0000,  155.0000,  155.0000,  155.0000,  155.0000,  155.0000,  155.0000,  155.0000,  155.0000,  158.8202,  165.3996,  173.2672,  181.4393,  190.2764,  198.8104,  204.5754,  207.8212,  209.4182,  210.0462,  210.3680,  210.4855,    0.0676,    0.2556,    0.5389,    0.8888,    1.2804,    1.6928,    2.1082,    2.5121,    2.8933,    3.2429,    3.5544,    3.8241,    3.4712,    3.6087,    3.7179,    3.7987,    3.8530,    3.8815,    3.8866,    3.8696,    3.8324,    3.7775,    3.7019,    3.5964,    1.2424,    1.2267,    1.2047,    1.1662,    1.1137,    1.0481,    0.8756,    0.8393,    0.7711,    0.6138,    0.5638,    0.3590,    0.1995,    0.1649,    0.1438,    0.1375,    0.1329,    0.1277,    0.1258,    0.1235,    0.1245,    0.1364,    0.1735,    0.2440,    0.3730,    0.4452,    0.3502,    0.5089,    0.4971,    0.5051,    0.5244,    0.6000,    0.6202,    0.6335,    0.6351,    0.6285,    1.6842,    1.6087,    1.5504,    1.4822,    1.4116,    1.3421,    1.2748,    1.2087,    1.1452,    1.0819,    1.0194,    0.9639,    1.4270,    1.3066,    1.1824,    1.0659,    0.9702,    0.8860,    0.8005,    0.7221,    0.6504,    0.5836,    0.5141,    0.4584,    1.1328,    0.8012,    0.5722,    0.3992,    0.2764,    0.1901,    0.1299,    0.0861,    0.0569,    0.0365,    0.0240,    0.0175,    0.0899,    0.0485,    0.0757,    0.0853,    0.0957,    0.0892,    0.0975,    0.1095,    0.0962,    0.1325,    0.1172,    0.1283,    0.1417,    0.1155,    0.1679,    0.1865,    0.1530,    0.1811,    0.2062,    0.2231,    0.2234,    0.1500,    0.2398,    0.2531,    0.3109,    0.3324,    0.3440,    0.3658,    0.3756,    0.3936,    0.3989,    0.4549,    0.4935,    0.4704,    0.4844,    0.4940,    0.8433,    0.9209,    0.9662,    0.9986,    1.0221,    1.1068,    1.0376,    1.1056,    1.0799,    1.1314,    1.0731,    1.1504,    2.4777,    2.4439,    2.4989,    2.5383,    2.5642,    2.4625,    2.5489,    2.6139,    2.6670,    2.4800,    2.4441,    2.5380,    6.4157,    6.1123,    6.0433,    5.8603,    5.4132,    5.0767,    4.4565,    4.0997,    3.9404,    3.4535,    2.6528,    2.4637,    1.8993,    1.7458,    1.3311,    1.2705,    0.8565,    0.6215,    0.5021,    0.2015,    0.1776,    0.1261,    0.0437,    0.0355,    0.0000,    0.0000,    0.0000,    0.0000,    0.0000,    0.0000,    0.0000,    0.0000,    0.0000,    0.0000,    0.0000,    0.0000,    0.0000,    0.0000,    0.0000,    0.0000,    0.0000,    0.0000,    0.0000,    0.0001,    0.0002,    0.0007,    0.0108,    0.0490,    0.0110,    0.0180,    0.0344,    0.0771,    0.1397,    0.2137,    0.4309,    0.4495,    0.5119,    0.6671,    0.7005,    0.8672,    0.6959,    0.7036,    0.7106,    0.6982,    0.6956,    0.7186,    0.6761,    0.6645,    0.6491,    0.6306,    0.6025,    0.5551,    0.4721,    0.3712,    0.4491,    0.2585,    0.2602,    0.2432,    0.2110,    0.1067,    0.0696,    0.0377,    0.0207,    0.0150,    0.0329,    0.0299,    0.0085,    0.0020,    0.0004,    0.0004,    0.0002,    0.0011,    0.0019,    0.0049,    0.0091,    0.0081,    0.0085,    0.0012,    0.0075,    0.0141,    0.0089,    0.0000,    0.0000,    0.0000,    0.0000,    0.0008,    0.0066,    0.0072,    0.0065,    0.0059,    0.0000,    0.0000,    0.0000,    0.0000,    0.0000,    0.0009,    0.0011,    0.0014,    0.0012,    0.0002,    0.0266,    0.0000,    0.0608,    0.1075,    0.1214,    0.1110,    0.1245,    0.1386,    0.1233,    0.1698,    0.1501,    0.1645,    0.1808,    0.1468,    0.2123,    0.2321,    0.1900,    0.1318,    0.0189,    0.0386,    0.1649,    0.1902,    0.3067,    0.3223,    0.3984,    0.4260,    0.4410,    0.4686,    0.4799,    0.4920,    0.4648,    0.4226,    0.3741,    0.4433,    0.6104,    0.6178,    1.0805,    1.1804,    1.2359,    1.2564,    1.2364,    1.3694,    1.3136,    1.3975,    1.2854,    1.4503,    1.3718,    1.4606,    3.1621,    3.0885,    3.2030,    3.2531,    3.2748,    3.1568,    3.2678,    3.3511,    3.4192,    3.1776,    3.1334,    3.2539,    8.2247,    7.8363,    7.7478,    7.5132,    6.9399,    6.5086,    5.7135,    5.2561,    5.0518,    4.4276,    3.4010,    3.1586,    2.4350,    2.2382,    1.7066,    1.6288,    1.0981,    0.7968,    0.6438,    0.2584,    0.2277,    0.1616,    0.0560,    0.0455
  894,    0.0500,  231.7005,    0.2126,  116.3836,  116.8352,    0.9175,    0.2799,  158.4330,  161.6610,  162.4573,  163.3623,  164.5018,  165.0975,  165.6980,  166.2996,  166.9982,  167.8987,  169.3411,  171.8008,  175.4424,  180.6011,  187.1005,  194.2023,  201.2103,  207.3029,  212.4010,  218.1217,  221.4854,  223.1882,  223.8998,  224.2647,  224.4025,    0.0717,    0.2721,    0.5764,    0.9554,    1.3836,    1.8393,    2.3037,    2.7512,    3.1603,    3.5561,    3.9299,    4.2430,    3.8292,    3.9402,    4.0161,    4.0358,    3.9321,    3.6278,    3.2120,    2.8118,    2.4812,    2.2534,    2.1293,    2.0989,    0.7430,    0.7530,    0.7648,    0.7737,    0.7794,    0.7800,    0.7272,    0.7274,    0.7113,    0.6314,    0.6207,    0.5022,    0.3273,    0.2854,    0.2468,    0.2378,    0.2254,    0.2007,    0.2175,    0.2171,    0.2256,    0.2471,    0.2876,    0.3390,    0.4368,    0.4951,    0.4158,    0.5559,    0.5483,    0.5517,    0.5702,    0.6469,    0.6657,    0.6880,    0.6977,    0.6951,    1.8846,    1.8192,    1.7661,    1.6956,    1.6239,    1.5520,    1.4847,    1.4135,    1.3417,    1.2532,    1.1624,    1.0602,    1.5071,    1.2943,    1.0937,    0.9522,    0.8886,    0.8508,    0.8317,    0.8090,    0.7805,    0.7406,    0.6771,    0.6230,    1.5844,    1.1689,    0.8201,    0.5283,    0.3512,    0.2765,    0.2133,    0.1496,    0.1022,    0.0656,    0.0403,    0.0283,    0.0889,    0.0481,    0.0753,    0.0852,    0.0956,    0.0890,    0.0973,    0.1094,    0.0962,    0.1323,    0.1169,    0.1280,    0.1412,    0.1151,    0.1674,    0.1861,    0.1529,    0.1807,    0.2050,    0.2219,    0.2238,    0.1502,    0.2402,    0.2538,    0.3118,    0.3334,    0.3449,    0.3667,    0.3764,    0.3945,    0.4004,    0.4551,    0.4933,    0.4706,    0.4859,    0.4954,    0.8460,    0.9243,    0.9703,    1.0033,    1.0266,    1.1119,    1.0425,    1.1110,    1.0840,    1.1367,    1.0782,    1.1558,    2.4889,    2.4546,    2.5091,    2.5483,    2.5740,    2.4715,    2.5578,    2.6229,    2.6774,    2.4907,    2.4559,    2.5514,    6.4539,    6.1551,    6.0912,    5.9116,    5.4647,    5.1310,    4.5109,    4.1557,    4.0001,    3.5104,    2.6997,    2.5101,    1.9376,    1.7835,    1.3616,    1.3011,    0.8784,    0.6381,    0.5161,    0.2074,    0.1830,    0.1300,    0.0451,    0.0367,    0.0008,    0.0031,    0.0064,    0.0105,    0.0150,    0.0197,    0.0244,    0.0576,    0.1399,    0.1692,    0.1513,    0.1672,    0.2241,    0.3288,    0.4179,    0.5217,    0.7597,    1.2630,    1.8967,    2.4402,    2.8078,    2.9761,    2.9748,    2.8440,    0.9443,    0.9116,    0.8792,    0.8594,    0.8510,    0.8505,    0.9522,    0.9356,    0.9548,    1.0485,    1.0559,    1.1677,    0.9172,    0.9238,    0.9309,    0.9169,    0.9137,    0.9379,    0.8927,    0.8798,    0.8634,    0.8440,    0.8148,    0.7749,    0.7243,    0.6238,    0.6905,    0.4923,    0.4888,    0.4724,    0.4291,    0.3020,    0.2568,    0.2049,    0.1733,    0.1601,    0.4020,    0.3715,    0.3225,    0.2996,    0.2813,    0.2668,    0.2508,    0.2416,    0.2355,    0.2459,    0.2598,    0.2796,    0.4622,    0.4806,    0.5028,    0.4911,    0.4301,    0.3577,    0.2870,    0.2254,    0.1733,    0.1336,    0.1147,    0.0947,    0.1992,    0.1355,    0.1113,    0.1100,    0.0863,    0.0480,    0.0236,    0.0150,    0.0112,    0.0100,    0.0090,    0.0054,    0.0188,    0.0000,    0.0516,    0.0918,    0.1033,    0.0941,    0.1051,    0.1166,    0.1036,    0.1432,    0.1275,    0.1407,    0.1556,    0.1275,    0.1869,    0.2075,    0.1712,    0.1153,    0.0149,    0.0324,    0.1509,    0.1784,    0.2891,    0.3048,    0.3783,    0.4057,    0.4205,    0.4472,    0.4583,    0.4697,    0.4402,    0.4006,    0.3532,    0.4200,    0.5803,    0.5872,    1.0263,    1.1187,    1.1682,    1.1852,    1.1676,    1.2967,    1.2475,    1.3294,    1.2245,    1.3858,    1.3127,    1.3993,    3.0340,    2.9650,    3.0805,    3.1314,    3.1548,    3.0438,    3.1531,    3.2347,    3.2964,    3.0594,    3.0129,    3.1252,    7.8845,    7.4917,    7.3892,    7.1507,    6.5928,    6.1647,    5.3927,    4.9439,    4.7362,    4.1389,    3.1711,    2.9376,    2.2587,    2.0703,    1.5746,    1.4992,    1.0084,    0.7303,    0.5889,    0.2359,    0.2076,    0.1471,    0.0509,    0.0413
 1315,    0.1000,  239.6013,    0.2065,  117.3729,  117.7444,    0.8746,    0.3671,  158.4330,  164.6543,  165.4927,  166.4032,  167.4991,  168.0941,  168.7077,  169.4148,  170.2996,  171.4006,  173.2007,  175.9991,  180.2007,  186.2025,  194.1043,  203.1010,  211.5012,  218.2609,  223.6045,  227.8996,  231.4023,  233.1495,  233.8611,  234.2663,  234.4031,    0.0741,    0.2818,    0.5985,    0.9947,    1.4447,    1.9262,    2.4201,    2.8907,    3.3079,    3.7277,    4.1391,    4.4716,    4.0089,    4.0852,    4.1222,    4.0826,    3.8673,    3.4164,    2.9215,    2.5207,    2.2238,    2.0255,    1.9088,    1.8637,    0.6534,    0.6592,    0.6677,    0.6773,    0.6875,    0.6969,    0.6775,    0.6848,    0.6840,    0.6317,    0.6352,    0.5455,    0.3646,    0.3205,    0.2777,    0.2685,    0.2543,    0.2251,    0.2462,    0.2463,    0.2566,    0.2814,    0.3264,    0.3781,    0.4697,    0.5188,    0.4440,    0.5718,    0.5681,    0.5703,    0.5860,    0.6553,    0.6695,    0.6934,    0.7058,    0.7054,    1.9245,    1.8691,    1.8199,    1.7502,    1.6807,    1.6106,    1.5465,    1.4749,    1.4001,    1.2964,    1.1888,    1.0581,    1.4649,    1.2102,    0.9866,    0.8444,    0.7948,    0.7759,    0.7909,    0.8046,    0.8113,    0.7998,    0.7502,    0.7051,    1.8272,    1.3841,    0.9501,    0.5719,    0.3664,    0.3170,    0.2676,    0.1953,    0.1360,    0.0867,    0.0502,    0.0338,    0.0880,    0.0478,    0.0750,    0.0851,    0.0955,    0.0888,    0.0973,    0.1094,    0.0962,    0.1323,    0.1169,    0.1279,    0.1410,    0.1148,    0.1671,    0.1857,    0.1528,    0.1800,    0.2038,    0.2207,    0.2241,    0.1504,    0.2406,    0.2543,    0.3126,    0.3343,    0.3458,    0.3675,    0.3772,    0.3953,    0.4014,    0.4550,    0.4927,    0.4705,    0.4872,    0.4967,    0.8485,    0.9274,    0.9741,    1.0074,    1.0305,    1.1163,    1.0470,    1.1159,    1.0878,    1.1416,    1.0828,    1.1607,    2.4993,    2.4645,    2.5188,    2.5578,    2.5831,    2.4799,    2.5662,    2.6315,    2.6872,    2.5009,    2.4671,    2.5639,    6.4897,    6.1950,    6.1357,    5.9591,    5.5122,    5.1810,    4.5606,    4.2066,    4.0541,    3.5617,    2.7418,    2.5518,    1.9718,    1.8172,    1.3887,    1.3284,    0.8977,    0.6529,    0.5285,    0.2125,    0.1877,    0.1335,    0.0464,    0.0378,    0.0017,    0.0064,    0.0134,    0.0221,    0.0317,    0.0419,    0.0520,    0.1229,    0.2958,    0.3589,    0.3238,    0.3585,    0.4766,    0.6908,    0.8680,    1.0659,    1.4984,    2.3203,    3.1699,    3.7317,    4.0222,    4.1244,    4.1043,    3.9927,    1.3571,    1.3287,    1.2983,    1.2731,    1.2535,    1.2360,    1.2914,    1.2649,    1.2680,    1.3292,    1.3258,    1.4064,    1.0946,    1.0986,    1.1033,    1.0894,    1.0847,    1.1022,    1.0632,    1.0502,    1.0345,    1.0160,    0.9882,    0.9533,    0.9266,    0.8327,    0.8885,    0.6971,    0.6892,    0.6746,    0.6258,    0.4908,    0.4435,    0.3776,    0.3357,    0.3165,    0.8056,    0.7505,    0.6789,    0.6421,    0.6077,    0.5793,    0.5470,    0.5265,    0.5121,    0.5270,    0.5470,    0.5818,    0.9546,    0.9813,    1.0003,    0.9630,    0.8568,    0.7337,    0.6058,    0.4901,    0.3882,    0.3064,    0.2594,    0.2155,    0.4769,    0.3282,    0.2781,    0.2679,    0.2107,    0.1224,    0.0635,    0.0399,    0.0289,    0.0250,    0.0223,    0.0149,    0.0137,    0.0000,    0.0442,    0.0786,    0.0882,    0.0799,    0.0890,    0.0985,    0.0873,    0.1212,    0.1086,    0.1207,    0.1343,    0.1110,    0.1649,    0.1860,    0.1549,    0.1023,    0.0125,    0.0282,    0.1385,    0.1676,    0.2728,    0.2884,    0.3594,    0.3866,    0.4010,    0.4269,    0.4378,    0.4488,    0.4185,    0.3811,    0.3351,    0.3991,    0.5524,    0.5586,    0.9751,    1.0604,    1.1046,    1.1190,    1.1039,    1.2289,    1.1854,    1.2655,    1.1673,    1.3244,    1.2564,    1.3411,    2.9119,    2.8478,    2.9632,    3.0147,    3.0397,    2.9353,    3.0429,    3.1228,    3.1785,    2.9460,    2.8975,    3.0020,    7.5596,    7.1636,    7.0486,    6.8072,    6.2647,    5.8408,    5.0916,    4.6521,    4.4424,    3.8711,    2.9584,    2.7339,    2.0966,    1.9166,    1.4542,    1.3814,    0.9271,    0.6701,    0.5394,    0.2157,    0.1895,    0.1341,    0.0464,    0.0376
 1437,    0.1500,  245.4016,    0.2010,  118.1498,  118.5646,    0.9396,    0.4981,  158.4330,  166.2824,  167.1214,  168.0583,  169.1252,  169.7094,  170.4071,  171.2031,  172.1996,  173.5057,  175.6365,  179.0027,  183.9014,  190.9057,  200.0995,  210.2015,  219.2044,  226.1033,  231.5000,  235.3307,  238.4011,  240.1698,  240.9083,  241.3080,  241.4571,    0.0757,    0.2887,    0.6141,    1.0226,    1.4881,    1.9881,    2.5032,    2.9884,    3.4066,    3.8416,    4.2794,    4.6217,    4.1176,    4.1614,    4.1636,    4.0756,    3.7892,    3.2851,    2.7948,    2.4221,    2.1514,    1.9676,    1.8542,    1.8030,    0.6290,    0.6325,    0.6386,    0.6466,    0.6564,    0.6668,    0.6593,    0.6681,    0.6732,    0.6348,    0.6455,    0.5740,    0.3908,    0.3457,    0.2994,    0.2901,    0.2744,    0.2409,    0.2664,    0.2671,    0.2793,    0.3072,    0.3551,    0.4061,    0.4930,    0.5348,    0.4638,    0.5801,    0.5792,    0.5808,    0.5936,    0.6545,    0.6644,    0.6873,    0.7002,    0.7009,    1.9191,    1.8711,    1.8243,    1.7561,    1.6891,    1.6213,    1.5604,    1.4893,    1.4135,    1.3004,    1.1834,    1.0367,    1.4128,    1.1428,    0.9169,    0.7795,    0.7350,    0.7218,    0.7504,    0.7828,    0.8120,    0.8221,    0.7857,    0.7501,    1.9703,    1.5212,    1.0235,    0.5838,    0.3635,    0.3364,    0.3045,    0.2294,    0.1619,    0.1022,    0.0562,    0.0364,    0.0872,    0.0476,    0.0747,    0.0851,    0.0954,    0.0888,    0.0973,    0.1094,    0.0963,    0.1324,    0.1168,    0.1278,    0.1408,    0.1146,    0.1668,    0.1854,    0.1526,    0.1793,    0.2027,    0.2195,    0.2241,    0.1506,    0.2410,    0.2549,    0.3134,    0.3352,    0.3467,    0.3683,    0.3780,    0.3960,    0.4022,    0.4548,    0.4920,    0.4704,    0.4884,    0.4978,    0.8508,    0.9304,    0.9775,    1.0112,    1.0339,    1.1204,    1.0511,    1.1203,    1.0913,    1.1462,    1.0871,    1.1653,    2.5090,    2.4736,    2.5278,    2.5666,    2.5917,    2.4879,    2.5742,    2.6396,    2.6965,    2.5105,    2.4775,    2.5756,    6.5230,    6.2319,    6.1767,    6.0026,    5.5557,    5.2263,    4.6054,    4.2522,    4.1022,    3.6072,    2.7791,    2.5884,    2.0018,    1.8465,    1.4122,    1.3521,    0.9145,    0.6655,    0.5392,    0.2170,    0.1918,    0.1366,    0.0475,    0.0387,    0.0026,    0.0098,    0.0208,    0.0343,    0.0494,    0.0653,    0.0815,    0.1922,    0.4583,    0.5568,    0.5062,    0.5609,    0.7390,    1.0581,    1.3152,    1.5923,    2.1726,    3.1759,    4.0490,    4.5192,    4.7273,    4.7934,    4.7722,    4.6836,    1.6089,    1.5866,    1.5621,    1.5398,    1.5201,    1.4996,    1.5310,    1.5027,    1.4982,    1.5392,    1.5296,    1.5884,    1.2301,    1.2322,    1.2353,    1.2215,    1.2159,    1.2290,    1.1943,    1.1813,    1.1660,    1.1483,    1.1221,    1.0912,    1.0839,    0.9996,    1.0452,    0.8687,    0.8576,    0.8444,    0.7939,    0.6604,    0.6142,    0.5399,    0.4917,    0.4683,    1.2017,    1.1263,    1.0375,    0.9895,    0.9411,    0.9003,    0.8531,    0.8211,    0.7975,    0.8141,    0.8366,    0.8807,    1.4336,    1.4572,    1.4621,    1.3977,    1.2565,    1.0951,    0.9226,    0.7619,    0.6164,    0.4960,    0.4214,    0.3535,    0.8028,    0.5592,    0.4780,    0.4525,    0.3569,    0.2136,    0.1153,    0.0730,    0.0527,    0.0448,    0.0398,    0.0277,    0.0102,    0.0000,    0.0379,    0.0675,    0.0755,    0.0681,    0.0755,    0.0834,    0.0738,    0.1029,    0.0928,    0.1038,    0.1162,    0.0968,    0.1458,    0.1670,    0.1404,    0.0916,    0.0107,    0.0250,    0.1276,    0.1575,    0.2574,    0.2730,    0.3415,    0.3684,    0.3825,    0.4076,    0.4183,    0.4290,    0.3985,    0.3632,    0.3185,    0.3797,    0.5261,    0.5316,    0.9268,    1.0055,    1.0449,    1.0570,    1.0443,    1.1653,    1.1267,    1.2051,    1.1132,    1.2660,    1.2028,    1.2856,    2.7951,    2.7358,    2.8507,    2.9028,    2.9293,    2.8310,    2.9368,    3.0151,    3.0651,    2.8371,    2.7868,    2.8841,    7.2491,    6.8509,    6.7247,    6.4813,    5.9539,    5.5348,    4.8082,    4.3784,    4.1675,    3.6212,    2.7606,    2.5448,    1.9466,    1.7747,    1.3433,    1.2732,    0.8526,    0.6151,    0.4943,    0.1974,    0.1731,    0.1224,    0.0422,    0.0342
 1525,    0.2000,  250.1021,    0.1960,  118.8863,  119.3044,    0.9602,    0.6342,  158.4330,  167.4817,  168.3449,  169.2944,  170.3060,  170.9068,  171.6053,  172.5011,  173.6042,  175.2013,  177.7020,  181.5228,  187.2024,  195.1023,  205.3022,  216.1016,  225.3083,  232.2843,  237.5132,  241.3041,  243.9137,  245.6987,  246.4519,  246.8435,  246.9903,    0.0770,    0.2940,    0.6263,    1.0444,    1.5222,    2.0369,    2.5688,    3.0644,    3.4807,    3.9266,    4.3848,    4.7320,    4.1923,    4.2079,    4.1815,    4.0559,    3.7264,    3.2107,    2.7393,    2.3868,    2.1296,    1.9523,    1.8403,    1.7863,    0.6218,    0.6242,    0.6291,    0.6362,    0.6453,    0.6558,    0.6535,    0.6626,    0.6706,    0.6402,    0.6550,    0.5961,    0.4121,    0.3670,    0.3180,    0.3089,    0.2917,    0.2540,    0.2840,    0.2853,    0.2993,    0.3294,    0.3788,    0.4283,    0.5112,    0.5476,    0.4799,    0.5867,    0.5876,    0.5889,    0.5992,    0.6528,    0.6593,    0.6802,    0.6927,    0.6939,    1.9039,    1.8610,    1.8159,    1.7491,    1.6842,    1.6184,    1.5599,    1.4895,    1.4131,    1.2945,    1.1721,    1.0169,    1.3738,    1.0999,    0.8776,    0.7449,    0.7017,    0.6892,    0.7222,    0.7633,    0.8055,    0.8308,    0.8051,    0.7778,    2.0638,    1.6166,    1.0694,    0.5853,    0.3573,    0.3465,    0.3313,    0.2562,    0.1827,    0.1144,    0.0602,    0.0378,    0.0864,    0.0474,    0.0744,    0.0851,    0.0954,    0.0887,    0.0973,    0.1094,    0.0963,    0.1324,    0.1169,    0.1277,    0.1407,    0.1145,    0.1667,    0.1852,    0.1525,    0.1785,    0.2017,    0.2184,    0.2240,    0.1508,    0.2414,    0.2553,    0.3141,    0.3360,    0.3474,    0.3691,    0.3787,    0.3967,    0.4028,    0.4546,    0.4913,    0.4702,    0.4894,    0.4989,    0.8530,    0.9331,    0.9807,    1.0146,    1.0370,    1.1240,    1.0548,    1.1244,    1.0945,    1.1504,    1.0912,    1.1696,    2.5181,    2.4821,    2.5364,    2.5750,    2.5998,    2.4955,    2.5818,    2.6473,    2.7053,    2.5195,    2.4873,    2.5865,    6.5539,    6.2660,    6.2144,    6.0426,    5.5954,    5.2675,    4.6459,    4.2931,    4.1451,    3.6475,    2.8119,    2.6205,    2.0280,    1.8720,    1.4327,    1.3725,    0.9289,    0.6765,    0.5483,    0.2208,    0.1953,    0.1391,    0.0484,    0.0395,    0.0035,    0.0134,    0.0283,    0.0468,    0.0677,    0.0898,    0.1122,    0.2640,    0.6231,    0.7574,    0.6936,    0.7689,    1.0038,    1.4200,    1.7474,    2.0895,    2.7780,    3.8679,    4.6813,    5.0592,    5.2190,    5.2721,    5.2559,    5.1840,    1.7906,    1.7725,    1.7525,    1.7335,    1.7159,    1.6962,    1.7149,    1.6873,    1.6793,    1.7078,    1.6947,    1.7388,    1.3429,    1.3435,    1.3454,    1.3320,    1.3257,    1.3353,    1.3041,    1.2912,    1.2764,    1.2593,    1.2344,    1.2062,    1.2140,    1.1390,    1.1762,    1.0161,    1.0026,    0.9904,    0.9404,    0.8127,    0.7689,    0.6901,    0.6381,    0.6119,    1.5799,    1.4881,    1.3862,    1.3289,    1.2686,    1.2168,    1.1563,    1.1133,    1.0803,    1.0964,    1.1185,    1.1673,    1.8860,    1.8976,    1.8814,    1.7902,    1.6223,    1.4328,    1.2270,    1.0303,    0.8477,    0.6927,    0.5924,    0.5015,    1.1594,    0.8163,    0.6999,    0.6535,    0.5166,    0.3167,    0.1762,    0.1129,    0.0816,    0.0686,    0.0606,    0.0433,    0.0077,    0.0000,    0.0326,    0.0580,    0.0647,    0.0581,    0.0643,    0.0708,    0.0625,    0.0875,    0.0795,    0.0895,    0.1008,    0.0847,    0.1292,    0.1501,    0.1274,    0.0824,    0.0093,    0.0223,    0.1179,    0.1480,    0.2430,    0.2586,    0.3245,    0.3511,    0.3650,    0.3892,    0.3999,    0.4102,    0.3799,    0.3465,    0.3033,    0.3617,    0.5014,    0.5061,    0.8810,    0.9537,    0.9886,    0.9988,    0.9885,    1.1053,    1.0713,    1.1478,    1.0620,    1.2104,    1.1516,    1.2326,    2.6835,    2.6288,    2.7428,    2.7954,    2.8232,    2.7308,    2.8348,    2.9115,    2.9562,    2.7326,    2.6807,    2.7712,    6.9523,    6.5527,    6.4167,    6.1719,    5.6593,    5.2456,    4.5413,    4.1215,    3.9105,    3.3882,    2.5765,    2.3693,    1.8077,    1.6437,    1.2413,    1.1738,    0.7843,    0.5647,    0.4531,    0.1806,    0.1582,    0.1117,    0.0385,    0.0311
 1721,    0.3000,  257.6018,    0.1874,  120.1621,  120.5756,    0.9817,    0.6653,  158.4330,  169.1034,  170.0166,  170.9686,  171.9023,  172.5063,  173.3033,  174.3042,  175.8028,  177.9024,  181.0994,  186.0030,  193.0011,  202.3246,  213.8031,  225.3055,  234.7997,  241.6206,  246.7124,  250.3054,  252.5210,  254.1990,  254.9182,  255.3493,  255.5123,    0.0790,    0.3021,    0.6449,    1.0778,    1.5744,    2.1118,    2.6696,    3.1791,    3.5876,    4.0481,    4.5365,    4.8861,    4.2886,    4.2602,    4.1922,    4.0162,    3.6471,    3.1438,    2.6993,    2.3667,    2.1214,    1.9498,    1.8388,    1.7821,    0.6191,    0.6206,    0.6245,    0.6307,    0.6393,    0.6497,    0.6522,    0.6612,    0.6719,    0.6506,    0.6693,    0.6267,    0.4434,    0.3997,    0.3480,    0.3398,    0.3201,    0.2749,    0.3131,    0.3153,    0.3321,    0.3646,    0.4147,    0.4607,    0.5374,    0.5666,    0.5044,    0.5973,    0.6003,    0.6015,    0.6084,    0.6513,    0.6533,    0.6702,    0.6811,    0.6824,    1.8754,    1.8384,    1.7947,    1.7304,    1.6682,    1.6054,    1.5498,    1.4802,    1.4034,    1.2795,    1.1527,    0.9909,    1.3293,    1.0569,    0.8426,    0.7156,    0.6726,    0.6585,    0.6917,    0.7379,    0.7919,    0.8344,    0.8234,    0.8084,    2.1750,    1.7391,    1.1209,    0.5808,    0.3465,    0.3550,    0.3674,    0.2958,    0.2141,    0.1320,    0.0650,    0.0390,    0.0852,    0.0471,    0.0740,    0.0851,    0.0954,    0.0887,    0.0974,    0.1095,    0.0965,    0.1326,    0.1169,    0.1278,    0.1407,    0.1144,    0.1665,    0.1850,    0.1524,    0.1770,    0.1997,    0.2164,    0.2237,    0.1511,    0.2420,    0.2562,    0.3154,    0.3375,    0.3489,    0.3705,    0.3800,    0.3979,    0.4038,    0.4540,    0.4898,    0.4697,    0.4913,    0.5008,    0.8570,    0.9379,    0.9862,    1.0204,    1.0424,    1.1304,    1.0614,    1.1316,    1.1001,    1.1580,    1.0984,    1.1772,    2.5345,    2.4975,    2.5519,    2.5902,    2.6147,    2.5094,    2.5957,    2.6614,    2.7213,    2.5360,    2.5051,    2.6063,    6.6096,    6.3269,    6.2811,    6.1127,    5.6647,    5.3389,    4.7152,    4.3626,    4.2173,    3.7148,    2.8664,    2.6735,    2.0709,    1.9135,    1.4657,    1.4054,    0.9520,    0.6939,    0.5629,    0.2269,    0.2009,    0.1432,    0.0499,    0.0408,    0.0054,    0.0207,    0.0439,    0.0728,    0.1055,    0.1404,    0.1761,    0.4116,    0.9503,    1.1551,    1.0713,    1.1886,    1.5235,    2.1058,    2.5455,    2.9819,    3.7963,    4.8911,    5.5292,    5.7931,    5.9172,    5.9691,    5.9666,    5.9184,    2.0558,    2.0425,    2.0277,    2.0130,    1.9990,    1.9822,    1.9893,    1.9648,    1.9545,    1.9697,    1.9532,    1.9800,    1.5250,    1.5240,    1.5246,    1.5117,    1.5049,    1.5104,    1.4835,    1.4708,    1.4564,    1.4402,    1.4169,    1.3920,    1.4214,    1.3616,    1.3873,    1.2566,    1.2404,    1.2291,    1.1830,    1.0713,    1.0335,    0.9536,    0.8994,    0.8704,    2.2694,    2.1541,    2.0349,    1.9629,    1.8839,    1.8140,    1.7315,    1.6688,    1.6178,    1.6277,    1.6431,    1.6899,    2.6950,    2.6664,    2.5991,    2.4599,    2.2546,    2.0294,    1.7825,    1.5372,    1.2994,    1.0884,    0.9430,    0.8109,    1.9220,    1.3780,    1.1822,    1.0790,    0.8545,    0.5455,    0.3182,    0.2087,    0.1516,    0.1257,    0.1098,    0.0808,    0.0045,    0.0000,    0.0244,    0.0432,    0.0478,    0.0426,    0.0468,    0.0513,    0.0452,    0.0637,    0.0586,    0.0668,    0.0762,    0.0650,    0.1018,    0.1219,    0.1054,    0.0676,    0.0073,    0.0183,    0.1012,    0.1311,    0.2169,    0.2322,    0.2934,    0.3192,    0.3325,    0.3553,    0.3656,    0.3753,    0.3461,    0.3161,    0.2757,    0.3288,    0.4558,    0.4591,    0.7968,    0.8587,    0.8857,    0.8927,    0.8866,    0.9955,    0.9693,    1.0422,    0.9673,    1.1070,    1.0564,    1.1337,    2.4746,    2.4284,    2.5403,    2.5933,    2.6235,    2.5418,    2.6423,    2.7157,    2.7508,    2.5359,    2.4814,    2.5594,    6.3972,    5.9973,    5.8449,    5.5992,    5.1156,    4.7142,    4.0533,    3.6540,    3.4449,    2.9680,    2.2458,    2.0551,    1.5600,    1.4110,    1.0605,    0.9984,    0.6642,    0.4765,    0.3810,    0.1514,    0.1322,    0.0931,    0.0320,    0.0258
 1890,    0.4000,  263.4164,    0.1804,  121.2120,  121.6149,    0.9897,    0.8733,  158.4330,  170.2243,  171.1587,  172.1039,  173.0008,  173.6086,  174.4954,  175.7080,  177.4915,  180.0562,  184.0100,  189.8057,  197.8978,  208.3004,  220.5023,  232.4058,  241.9068,  248.7225,  253.7055,  257.1541,  259.2002,  260.5283,  261.2456,  261.6711,  261.8186,    0.0804,    0.3080,    0.6584,    1.1021,    1.6125,    2.1665,    2.7436,    3.2609,    3.6597,    4.1292,    4.6384,    4.9853,    4.3442,    4.2859,    4.1917,    3.9872,    3.6080,    3.1218,    2.6909,    2.3669,    2.1266,    1.9575,    1.8468,    1.7888,    0.6208,    0.6219,    0.6254,    0.6313,    0.6397,    0.6500,    0.6548,    0.6636,    0.6757,    0.6596,    0.6800,    0.6476,    0.4657,    0.4241,    0.3715,    0.3645,    0.3430,    0.2917,    0.3369,    0.3398,    0.3584,    0.3918,    0.4411,    0.4835,    0.5556,    0.5803,    0.5225,    0.6059,    0.6099,    0.6112,    0.6162,    0.6522,    0.6515,    0.6653,    0.6746,    0.6756,    1.8568,    1.8224,    1.7790,    1.7163,    1.6557,    1.5946,    1.5404,    1.4712,    1.3941,    1.2687,    1.1411,    0.9782,    1.3102,    1.0411,    0.8316,    0.7072,    0.6637,    0.6480,    0.6794,    0.7256,    0.7829,    0.8329,    0.8302,    0.8226,    2.2317,    1.8075,    1.1449,    0.5758,    0.3402,    0.3573,    0.3885,    0.3220,    0.2355,    0.1434,    0.0675,    0.0393,    0.0843,    0.0468,    0.0737,    0.0851,    0.0955,    0.0887,    0.0974,    0.1095,    0.0965,    0.1327,    0.1170,    0.1278,    0.1407,    0.1144,    0.1664,    0.1849,    0.1523,    0.1757,    0.1980,    0.2146,    0.2231,    0.1514,    0.2426,    0.2570,    0.3165,    0.3388,    0.3501,    0.3717,    0.3812,    0.3989,    0.4046,    0.4533,    0.4883,    0.4692,    0.4928,    0.5025,    0.8603,    0.9420,    0.9909,    1.0253,    1.0467,    1.1358,    1.0670,    1.1376,    1.1049,    1.1646,    1.1047,    1.1839,    2.5488,    2.5110,    2.5656,    2.6037,    2.6278,    2.5217,    2.6081,    2.6741,    2.7356,    2.5505,    2.5207,    2.6236,    6.6578,    6.3789,    6.3376,    6.1716,    5.7226,    5.3978,    4.7717,    4.4184,    4.2745,    3.7676,    2.9087,    2.7144,    2.1037,    1.9450,    1.4906,    1.4300,    0.9692,    0.7068,    0.5737,    0.2314,    0.2049,    0.1462,    0.0510,    0.0417,    0.0074,    0.0281,    0.0597,    0.0993,    0.1443,    0.1926,    0.2421,    0.5612,    1.2668,    1.5379,    1.4431,    1.6018,    2.0167,    2.7281,    3.2466,    3.7406,    4.5981,    5.5954,    6.0930,    6.3114,    6.4307,    6.4906,    6.5018,    6.4712,    2.2547,    2.2442,    2.2324,    2.2202,    2.2082,    2.1936,    2.1956,    2.1741,    2.1634,    2.1718,    2.1547,    2.1716,    1.6699,    1.6678,    1.6672,    1.6547,    1.6476,    1.6508,    1.6266,    1.6141,    1.6003,    1.5848,    1.5633,    1.5409,    1.5855,    1.5364,    1.5542,    1.4471,    1.4294,    1.4182,    1.3768,    1.2810,    1.2485,    1.1732,    1.1207,    1.0910,    2.8675,    2.7379,    2.6090,    2.5258,    2.4334,    2.3495,    2.2506,    2.1715,    2.1045,    2.1037,    2.1073,    2.1424,    3.3818,    3.3064,    3.1901,    3.0125,    2.7817,    2.5349,    2.2662,    1.9933,    1.7204,    1.4692,    1.2876,    1.1213,    2.7048,    1.9684,    1.6849,    1.5096,    1.1953,    0.7888,    0.4777,    0.3195,    0.2336,    0.1920,    0.1661,    0.1242,    0.0027,    0.0000,    0.0183,    0.0323,    0.0356,    0.0315,    0.0344,    0.0375,    0.0329,    0.0467,    0.0435,    0.0502,    0.0579,    0.0502,    0.0807,    0.0993,    0.0876,    0.0560,    0.0059,    0.0152,    0.0876,    0.1163,    0.1938,    0.2088,    0.2656,    0.2905,    0.3032,    0.3246,    0.3345,    0.3437,    0.3160,    0.2890,    0.2514,    0.2995,    0.4149,    0.4170,    0.7214,    0.7739,    0.7944,    0.7989,    0.7961,    0.8976,    0.8778,    0.9472,    0.8818,    1.0131,    0.9696,    1.0435,    2.2833,    2.2447,    2.3538,    2.4071,    2.4391,    2.3669,    2.4639,    2.5342,    2.5608,    2.3546,    2.2980,    2.3650,    5.8895,    5.4919,    5.3270,    5.0827,    4.6269,    4.2394,    3.6203,    3.2420,    3.0371,    2.6020,    1.9591,    1.7842,    1.3475,    1.2123,    0.9070,    0.8501,    0.5631,    0.4025,    0.3208,    0.1271,    0.1106,    0.0777,    0.0267,    0.0215
 2071,    0.5000,  268.1837,    0.1747,  122.0864,  122.4671,    0.9823,    0.9783,  158.4330,  171.0862,  172.0084,  172.9639,  173.7985,  174.4872,  175.4086,  176.8072,  178.9051,  181.9993,  186.6100,  193.2162,  202.1951,  213.3010,  225.9987,  238.0969,  247.6381,  254.4057,  259.3062,  262.5967,  264.4942,  265.6334,  266.2797,  266.7319,  266.8929,    0.0815,    0.3124,    0.6686,    1.1205,    1.6414,    2.2082,    2.8002,    3.3221,    3.7108,    4.1861,    4.7102,    5.0523,    4.3786,    4.3002,    4.1900,    3.9695,    3.5900,    3.1148,    2.6909,    2.3713,    2.1339,    1.9663,    1.8558,    1.7969,    0.6233,    0.6241,    0.6273,    0.6330,    0.6413,    0.6516,    0.6577,    0.6665,    0.6795,    0.6670,    0.6880,    0.6627,    0.4822,    0.4429,    0.3906,    0.3849,    0.3622,    0.3058,    0.3569,    0.3602,    0.3799,    0.4133,    0.4612,    0.5005,    0.5690,    0.5907,    0.5364,    0.6128,    0.6176,    0.6190,    0.6229,    0.6542,    0.6518,    0.6635,    0.6716,    0.6723,    1.8469,    1.8136,    1.7700,    1.7083,    1.6485,    1.5884,    1.5348,    1.4658,    1.3886,    1.2629,    1.1355,    0.9726,    1.3027,    1.0355,    0.8285,    0.7052,    0.6614,    0.6446,    0.6748,    0.7202,    0.7782,    0.8315,    0.8334,    0.8303,    2.2632,    1.8480,    1.1574,    0.5729,    0.3372,    0.3580,    0.4013,    0.3396,    0.2502,    0.1510,    0.0689,    0.0394,    0.0836,    0.0466,    0.0734,    0.0851,    0.0955,    0.0887,    0.0975,    0.1096,    0.0966,    0.1328,    0.1171,    0.1279,    0.1407,    0.1144,    0.1664,    0.1848,    0.1522,    0.1746,    0.1964,    0.2130,    0.2226,    0.1516,    0.2431,    0.2576,    0.3175,    0.3399,    0.3512,    0.3728,    0.3822,    0.3999,    0.4052,    0.4527,    0.4868,    0.4686,    0.4942,    0.5039,    0.8632,    0.9455,    0.9948,    1.0293,    1.0504,    1.1402,    1.0717,    1.1428,    1.1090,    1.1703,    1.1101,    1.1897,    2.5613,    2.5227,    2.5777,    2.6156,    2.6394,    2.5327,    2.6192,    2.6854,    2.7483,    2.5633,    2.5344,    2.6387,    6.6995,    6.4235,    6.3855,    6.2212,    5.7709,    5.4464,    4.8176,    4.4632,    4.3200,    3.8092,    2.9417,    2.7460,    2.1288,    1.9688,    1.5093,    1.4484,    0.9820,    0.7163,    0.5816,    0.2346,    0.2079,    0.1484,    0.0518,    0.0423,    0.0093,    0.0356,    0.0757,    0.1261,    0.1836,    0.2454,    0.3092,    0.7101,    1.5672,    1.8996,    1.8019,    2.0004,    2.4757,    3.2824,    3.8529,    4.3788,    5.2295,    6.1028,    6.5100,    6.7119,    6.8347,    6.9042,    6.9280,    6.9118,    2.4130,    2.4047,    2.3949,    2.3846,    2.3741,    2.3613,    2.3609,    2.3418,    2.3312,    2.3359,    2.3190,    2.3303,    1.7906,    1.7876,    1.7861,    1.7742,    1.7668,    1.7679,    1.7462,    1.7341,    1.7207,    1.7059,    1.6858,    1.6651,    1.7210,    1.6792,    1.6918,    1.6020,    1.5838,    1.5723,    1.5356,    1.4535,    1.4253,    1.3567,    1.3075,    1.2783,    3.3813,    3.2435,    3.1092,    3.0171,    2.9147,    2.8199,    2.7091,    2.6168,    2.5363,    2.5225,    2.5116,    2.5298,    3.9618,    3.8416,    3.6840,    3.4764,    3.2265,    2.9645,    2.6832,    2.3953,    2.1018,    1.8235,    1.6139,    1.4203,    3.4728,    2.5596,    2.1832,    1.9241,    1.5220,    1.0330,    0.6456,    0.4390,    0.3229,    0.2638,    0.2260,    0.1705,    0.0016,    0.0000,    0.0138,    0.0243,    0.0266,    0.0233,    0.0253,    0.0275,    0.0241,    0.0344,    0.0325,    0.0379,    0.0442,    0.0390,    0.0641,    0.0812,    0.0731,    0.0467,    0.0049,    0.0128,    0.0762,    0.1033,    0.1734,    0.1879,    0.2406,    0.2646,    0.2767,    0.2967,    0.3064,    0.3151,    0.2890,    0.2646,    0.2296,    0.2732,    0.3781,    0.3790,    0.6537,    0.6982,    0.7133,    0.7157,    0.7158,    0.8102,    0.7956,    0.8616,    0.8046,    0.9278,    0.8905,    0.9610,    2.1079,    2.0761,    2.1822,    2.2353,    2.2687,    2.2051,    2.2985,    2.3659,    2.3850,    2.1871,    2.1292,    2.1864,    5.4248,    5.0318,    4.8578,    4.6165,    4.1875,    3.8148,    3.2357,    2.8785,    2.6796,    2.2829,    1.7105,    1.5503,    1.1650,    1.0426,    0.7764,    0.7245,    0.4779,    0.3403,    0.2703,    0.1068,    0.0927,    0.0649,    0.0222,    0.0178
 2443,    0.7500,  276.9077,    0.1643,  123.6395,  123.9974,    0.9894,    0.8786,  158.4330,  172.5982,  173.4925,  174.4170,  175.1281,  175.8948,  177.0968,  179.0990,  181.9228,  186.0953,  192.1186,  200.4113,  210.8238,  223.1045,  236.3959,  248.7818,  258.4039,  265.0145,  269.6216,  272.5973,  274.2964,  275.1795,  275.6551,  276.0564,  276.1996,    0.0833,    0.3197,    0.6856,    1.1513,    1.6901,    2.2788,    2.8963,    3.4223,    3.7886,    4.2716,    4.8186,    5.1466,    4.4226,    4.3184,    4.1895,    3.9528,    3.5770,    3.1113,    2.6956,    2.3829,    2.1500,    1.9846,    1.8744,    1.8141,    0.6287,    0.6291,    0.6319,    0.6372,    0.6452,    0.6555,    0.6634,    0.6719,    0.6859,    0.6791,    0.7003,    0.6857,    0.5087,    0.4748,    0.4255,    0.4230,    0.3985,    0.3337,    0.3953,    0.3988,    0.4195,    0.4512,    0.4946,    0.5273,    0.5895,    0.6065,    0.5594,    0.6240,    0.6296,    0.6313,    0.6341,    0.6588,    0.6544,    0.6634,    0.6698,    0.6701,    1.8396,    1.8071,    1.7626,    1.7018,    1.6426,    1.5834,    1.5302,    1.4613,    1.3841,    1.2584,    1.1313,    0.9684,    1.2969,    1.0316,    0.8270,    0.7048,    0.6604,    0.6423,    0.6712,    0.7156,    0.7740,    0.8303,    0.8374,    0.8393,    2.3003,    1.8978,    1.1711,    0.5698,    0.3345,    0.3585,    0.4171,    0.3641,    0.2712,    0.1615,    0.0708,    0.0396,    0.0822,    0.0461,    0.0729,    0.0851,    0.0955,    0.0887,    0.0975,    0.1096,    0.0967,    0.1328,    0.1171,    0.1279,    0.1407,    0.1144,    0.1664,    0.1847,    0.1521,    0.1724,    0.1931,    0.2096,    0.2213,    0.1520,    0.2441,    0.2589,    0.3193,    0.3421,    0.3534,    0.3750,    0.3843,    0.4017,    0.4062,    0.4512,    0.4836,    0.4673,    0.4967,    0.5066,    0.8688,    0.9520,    1.0021,    1.0365,    1.0568,    1.1484,    1.0805,    1.1525,    1.1166,    1.1812,    1.1206,    1.2010,    2.5860,    2.5459,    2.6019,    2.6397,    2.6631,    2.5551,    2.6420,    2.7086,    2.7741,    2.5891,    2.5617,    2.6685,    6.7809,    6.5087,    6.4756,    6.3131,    5.8594,    5.5338,    4.8986,    4.5406,    4.3969,    3.8782,    2.9958,    2.7970,    2.1688,    2.0064,    1.5385,    1.4768,    1.0015,    0.7309,    0.5937,    0.2396,    0.2125,    0.1518,    0.0530,    0.0434,    0.0141,    0.0541,    0.1154,    0.1929,    0.2818,    0.3779,    0.4779,    1.0718,    2.2389,    2.7003,    2.6245,    2.9142,    3.4664,    4.3987,    5.0220,    5.5638,    6.3097,    6.9310,    7.2436,    7.4413,    7.5790,    7.6707,    7.7205,    7.7328,    2.7082,    2.7036,    2.6977,    2.6909,    2.6834,    2.6738,    2.6709,    2.6563,    2.6467,    2.6462,    2.6310,    2.6339,    2.0219,    2.0176,    2.0147,    2.0037,    1.9963,    1.9949,    1.9767,    1.9653,    1.9531,    1.9396,    1.9224,    1.9048,    1.9816,    1.9510,    1.9549,    1.8932,    1.8754,    1.8633,    1.8353,    1.7780,    1.7564,    1.7043,    1.6645,    1.6381,    4.3806,    4.2356,    4.0967,    3.9887,    3.8704,    3.7569,    3.6284,    3.5139,    3.4091,    3.3616,    3.3141,    3.2869,    5.0882,    4.8831,    4.6535,    4.3941,    4.1100,    3.8209,    3.5204,    3.2147,    2.8995,    2.5878,    2.3338,    2.0943,    5.2473,    3.9670,    3.3497,    2.8607,    2.2597,    1.6140,    1.0728,    0.7540,    0.5615,    0.4538,    0.3799,    0.2893,    0.0005,    0.0000,    0.0070,    0.0121,    0.0130,    0.0112,    0.0120,    0.0129,    0.0112,    0.0163,    0.0158,    0.0190,    0.0229,    0.0209,    0.0366,    0.0497,    0.0469,    0.0303,    0.0032,    0.0086,    0.0548,    0.0773,    0.1320,    0.1451,    0.1887,    0.2102,    0.2209,    0.2380,    0.2468,    0.2544,    0.2325,    0.2134,    0.1844,    0.2183,    0.3010,    0.2998,    0.5127,    0.5418,    0.5469,    0.5460,    0.5509,    0.6294,    0.6245,    0.6821,    0.6418,    0.7466,    0.7217,    0.7840,    1.7300,    1.7118,    1.8095,    1.8612,    1.8967,    1.8507,    1.9356,    1.9958,    2.0001,    1.8222,    1.7628,    1.8003,    4.4264,    4.0522,    3.8667,    3.6385,    3.2712,    2.9382,    2.4507,    2.1449,    1.9658,    1.6519,    1.2227,    1.0952,    0.8128,    0.7181,    0.5286,    0.4879,    0.3185,    0.2247,    0.1771,    0.0694,    0.0598,    0.0416,    0.0142,    0.0113
 2791,    1.0000,  282.8029,    0.1579,  124.6181,  124.9538,    0.9898,    0.6659,  158.4330,  173.5427,  174.4168,  175.3195,  176.0195,  176.9703,  178.4144,  180.8945,  184.5042,  189.6114,  196.7878,  206.2069,  217.6073,  230.4108,  244.0056,  256.5907,  266.1043,  272.5074,  276.7810,  279.4108,  280.8538,  281.5702,  281.9088,  282.2361,  282.4641,    0.0842,    0.3236,    0.6947,    1.1679,    1.7168,    2.3178,    2.9500,    3.4757,    3.8265,    4.3124,    4.8700,    5.1855,    4.4389,    4.3262,    4.1914,    3.9505,    3.5766,    3.1140,    2.7030,    2.3943,    2.1639,    1.9995,    1.8893,    1.8282,    0.6334,    0.6336,    0.6361,    0.6412,    0.6490,    0.6592,    0.6680,    0.6762,    0.6908,    0.6874,    0.7081,    0.6996,    0.5250,    0.4953,    0.4497,    0.4499,    0.4246,    0.3547,    0.4233,    0.4265,    0.4471,    0.4764,    0.5157,    0.5437,    0.6018,    0.6160,    0.5741,    0.6311,    0.6370,    0.6389,    0.6414,    0.6624,    0.6570,    0.6647,    0.6704,    0.6705,    1.8400,    1.8076,    1.7623,    1.7016,    1.6423,    1.5833,    1.5301,    1.4613,    1.3841,    1.2585,    1.1315,    0.9685,    1.2974,    1.0326,    0.8290,    0.7070,    0.6622,    0.6433,    0.6714,    0.7153,    0.7735,    0.8306,    0.8394,    0.8430,    2.3135,    1.9156,    1.1756,    0.5695,    0.3341,    0.3588,    0.4225,    0.3740,    0.2800,    0.1660,    0.0718,    0.0397,    0.0814,    0.0457,    0.0726,    0.0851,    0.0955,    0.0887,    0.0975,    0.1096,    0.0967,    0.1329,    0.1171,    0.1280,    0.1407,    0.1144,    0.1664,    0.1846,    0.1520,    0.1708,    0.1904,    0.2069,    0.2201,    0.1523,    0.2448,    0.2597,    0.3206,    0.3436,    0.3549,    0.3765,    0.3858,    0.4030,    0.4067,    0.4498,    0.4808,    0.4661,    0.4984,    0.5084,    0.8726,    0.9563,    1.0067,    1.0410,    1.0607,    1.1535,    1.0863,    1.1588,    1.1215,    1.1887,    1.1280,    1.2090,    2.6035,    2.5625,    2.6194,    2.6573,    2.6804,    2.5718,    2.6590,    2.7261,    2.7932,    2.6079,    2.5813,    2.6897,    6.8376,    6.5664,    6.5352,    6.3728,    5.9159,    5.5880,    4.9471,    4.5856,    4.4404,    3.9163,    3.0250,    2.8240,    2.1896,    2.0256,    1.5531,    1.4909,    1.0112,    0.7380,    0.5996,    0.2421,    0.2147,    0.1534,    0.0536,    0.0439,    0.0188,    0.0721,    0.1542,    0.2582,    0.3780,    0.5082,    0.6441,    1.4097,    2.7953,    3.3537,    3.3290,    3.6966,    4.2452,    5.1963,    5.8120,    6.3299,    6.9546,    7.4346,    7.7205,    7.9243,    8.0761,    8.1853,    8.2542,    8.2866,    2.9074,    2.9055,    2.9022,    2.8977,    2.8924,    2.8852,    2.8815,    2.8702,    2.8616,    2.8585,    2.8453,    2.8437,    2.1820,    2.1770,    2.1727,    2.1627,    2.1552,    2.1523,    2.1365,    2.1259,    2.1146,    2.1022,    2.0873,    2.0720,    2.1629,    2.1384,    2.1369,    2.0917,    2.0748,    2.0622,    2.0394,    1.9971,    1.9788,    1.9389,    1.9069,    1.8834,    5.0696,    4.9259,    4.7872,    4.6695,    4.5425,    4.4184,    4.2819,    4.1549,    4.0352,    3.9591,    3.8817,    3.8179,    5.8789,    5.6198,    5.3458,    5.0539,    4.7475,    4.4407,    4.1285,    3.8150,    3.4951,    3.1751,    2.8999,    2.6370,    6.7156,    5.1728,    4.3245,    3.6149,    2.8549,    2.1057,    1.4636,    1.0539,    0.7923,    0.6347,    0.5207,    0.3976,    0.0001,    0.0000,    0.0036,    0.0061,    0.0065,    0.0055,    0.0057,    0.0061,    0.0053,    0.0078,    0.0078,    0.0097,    0.0120,    0.0114,    0.0211,    0.0307,    0.0305,    0.0201,    0.0021,    0.0060,    0.0400,    0.0582,    0.1010,    0.1127,    0.1487,    0.1677,    0.1771,    0.1916,    0.1995,    0.2063,    0.1882,    0.1733,    0.1491,    0.1755,    0.2408,    0.2382,    0.4040,    0.4224,    0.4214,    0.4187,    0.4262,    0.4913,    0.4923,    0.5422,    0.5141,    0.6028,    0.5868,    0.6416,    1.4239,    1.4156,    1.5045,    1.5537,    1.5896,    1.5571,    1.6338,    1.6875,    1.6813,    1.5220,    1.4633,    1.4863,    3.6218,    3.2730,    3.0875,    2.8771,    2.5641,    2.2713,    1.8635,    1.6049,    1.4486,    1.2009,    0.8784,    0.7776,    0.5701,    0.4973,    0.3620,    0.3305,    0.2135,    0.1493,    0.1167,    0.0454,    0.0388,    0.0269,    0.0091,    0.0072
 3091,    1.2500,  286.8609,    0.1538,  125.2565,  125.5612,    0.9772,    0.7798,  158.4330,  174.2530,  175.1098,  175.9940,  176.7120,  177.7841,  179.5322,  182.5134,  186.7968,  192.7100,  200.8147,  211.0452,  223.0096,  236.2065,  250.0967,  262.6227,  271.9921,  278.0006,  281.9232,  284.2124,  285.3710,  285.9951,  286.2427,  286.6762,  286.8782,    0.0846,    0.3254,    0.6990,    1.1762,    1.7303,    2.3379,    2.9782,    3.5035,    3.8454,    4.3326,    4.8945,    5.2004,    4.4455,    4.3305,    4.1939,    3.9517,    3.5784,    3.1179,    2.7098,    2.4028,    2.1732,    2.0092,    1.8989,    1.8376,    0.6366,    0.6367,    0.6391,    0.6442,    0.6519,    0.6621,    0.6715,    0.6797,    0.6946,    0.6936,    0.7138,    0.7092,    0.5361,    0.5097,    0.4673,    0.4696,    0.4441,    0.3711,    0.4444,    0.4472,    0.4673,    0.4945,    0.5305,    0.5550,    0.6103,    0.6227,    0.5848,    0.6362,    0.6422,    0.6443,    0.6467,    0.6653,    0.6593,    0.6662,    0.6715,    0.6714,    1.8421,    1.8096,    1.7637,    1.7029,    1.6435,    1.5844,    1.5312,    1.4625,    1.3852,    1.2597,    1.1328,    0.9697,    1.2995,    1.0351,    0.8318,    0.7099,    0.6647,    0.6453,    0.6728,    0.7162,    0.7741,    0.8314,    0.8411,    0.8452,    2.3201,    1.9237,    1.1781,    0.5700,    0.3346,    0.3593,    0.4248,    0.3785,    0.2841,    0.1683,    0.0724,    0.0399,    0.0807,    0.0454,    0.0723,    0.0851,    0.0955,    0.0886,    0.0975,    0.1096,    0.0967,    0.1329,    0.1171,    0.1280,    0.1407,    0.1144,    0.1663,    0.1846,    0.1519,    0.1696,    0.1881,    0.2047,    0.2191,    0.1525,    0.2452,    0.2602,    0.3214,    0.3447,    0.3560,    0.3776,    0.3868,    0.4039,    0.4070,    0.4486,    0.4785,    0.4650,    0.4996,    0.5096,    0.8751,    0.9590,    1.0096,    1.0437,    1.0630,    1.1567,    1.0900,    1.1630,    1.1247,    1.1939,    1.1330,    1.2145,    2.6159,    2.5743,    2.6322,    2.6701,    2.6932,    2.5841,    2.6717,    2.7392,    2.8073,    2.6216,    2.5954,    2.7047,    6.8770,    6.6056,    6.5746,    6.4115,    5.9519,    5.6217,    4.9764,    4.6119,    4.4651,    3.9375,    3.0410,    2.8385,    2.2006,    2.0356,    1.5607,    1.4982,    1.0161,    0.7417,    0.6027,    0.2434,    0.2159,    0.1543,    0.0539,    0.0442,    0.0233,    0.0894,    0.1914,    0.3211,    0.4708,    0.6341,    0.8049,    1.7195,    3.2475,    3.8765,    3.9198,    4.3520,    4.8458,    5.7604,    6.3459,    6.8321,    7.3633,    7.7708,    8.0479,    8.2576,    8.4194,    8.5406,    8.6230,    8.6702,    3.0456,    3.0457,    3.0443,    3.0416,    3.0378,    3.0323,    3.0280,    3.0194,    3.0114,    3.0060,    2.9949,    2.9895,    2.2929,    2.2870,    2.2812,    2.2718,    2.2643,    2.2607,    2.2463,    2.2363,    2.2260,    2.2146,    2.2020,    2.1889,    2.2904,    2.2704,    2.2642,    2.2309,    2.2149,    2.2018,    2.1820,    2.1495,    2.1329,    2.1012,    2.0746,    2.0534,    5.5498,    5.4094,    5.2724,    5.1486,    5.0169,    4.8865,    4.7462,    4.6120,    4.4829,    4.3853,    4.2862,    4.1966,    6.4457,    6.1515,    5.8479,    5.5340,    5.2126,    4.8939,    4.5737,    4.2556,    3.9352,    3.6154,    3.3304,    3.0564,    7.8727,    6.1491,    5.0970,    4.2001,    3.3188,    2.4989,    1.7941,    1.3161,    0.9965,    0.7923,    0.6393,    0.4885,    0.0000,    0.0000,    0.0018,    0.0031,    0.0032,    0.0027,    0.0028,    0.0029,    0.0025,    0.0038,    0.0039,    0.0049,    0.0063,    0.0062,    0.0123,    0.0191,    0.0199,    0.0135,    0.0014,    0.0042,    0.0296,    0.0441,    0.0776,    0.0879,    0.1176,    0.1343,    0.1425,    0.1548,    0.1619,    0.1679,    0.1530,    0.1413,    0.1211,    0.1417,    0.1933,    0.1900,    0.3195,    0.3305,    0.3260,    0.3225,    0.3311,    0.3850,    0.3894,    0.4326,    0.4131,    0.4881,    0.4784,    0.5265,    1.1750,    1.1737,    1.2538,    1.3000,    1.3353,    1.3129,    1.3820,    1.4298,    1.4164,    1.2741,    1.2174,    1.2300,    2.9708,    2.6507,    2.4723,    2.2818,    2.0161,    1.7615,    1.4220,    1.2055,    1.0718,    0.8767,    0.6338,    0.5547,    0.4018,    0.3461,    0.2491,    0.2251,    0.1439,    0.0997,    0.0774,    0.0299,    0.0254,    0.0174,    0.0059,    0.0046
 3431,    1.5000,  289.7671,    0.1512,  125.6691,  125.9526,    0.9710,    0.6610,  158.4330,  174.7630,  175.5796,  176.4462,  177.2003,  178.4285,  180.5030,  183.9357,  188.8999,  195.5173,  204.3525,  215.2050,  227.5935,  241.0487,  255.0875,  267.6010,  276.6024,  282.3029,  285.7903,  287.7337,  288.6943,  289.0595,  289.3381,  290.0016,  290.3625,    0.0848,    0.3261,    0.7010,    1.1801,    1.7370,    2.3483,    2.9931,    3.5189,    3.8559,    4.3437,    4.9077,    5.2070,    4.4491,    4.3331,    4.1954,    3.9526,    3.5793,    3.1205,    2.7149,    2.4096,    2.1809,    2.0173,    1.9069,    1.8453,    0.6392,    0.6392,    0.6415,    0.6466,    0.6542,    0.6643,    0.6742,    0.6822,    0.6974,    0.6981,    0.7177,    0.7158,    0.5440,    0.5201,    0.4808,    0.4847,    0.4593,    0.3846,    0.4609,    0.4633,    0.4826,    0.5078,    0.5411,    0.5628,    0.6160,    0.6272,    0.5924,    0.6396,    0.6456,    0.6478,    0.6501,    0.6670,    0.6606,    0.6671,    0.6720,    0.6719,    1.8431,    1.8105,    1.7642,    1.7033,    1.6438,    1.5847,    1.5315,    1.4628,    1.3856,    1.2601,    1.1332,    0.9702,    1.3006,    1.0365,    0.8337,    0.7118,    0.6663,    0.6464,    0.6735,    0.7165,    0.7742,    0.8316,    0.8418,    0.8463,    2.3232,    1.9280,    1.1789,    0.5699,    0.3346,    0.3592,    0.4259,    0.3809,    0.2863,    0.1696,    0.0728,    0.0399,    0.0802,    0.0451,    0.0721,    0.0851,    0.0955,    0.0886,    0.0975,    0.1096,    0.0967,    0.1329,    0.1171,    0.1280,    0.1407,    0.1144,    0.1663,    0.1845,    0.1519,    0.1687,    0.1862,    0.2029,    0.2182,    0.1526,    0.2455,    0.2605,    0.3220,    0.3454,    0.3567,    0.3783,    0.3875,    0.4045,    0.4070,    0.4476,    0.4765,    0.4640,    0.5003,    0.5104,    0.8767,    0.9608,    1.0114,    1.0454,    1.0644,    1.1587,    1.0924,    1.1658,    1.1267,    1.1974,    1.1365,    1.2183,    2.6247,    2.5826,    2.6414,    2.6795,    2.7026,    2.5933,    2.6812,    2.7490,    2.8177,    2.6315,    2.6055,    2.7154,    6.9045,    6.6321,    6.6008,    6.4367,    5.9749,    5.6427,    4.9940,    4.6274,    4.4793,    3.9494,    3.0498,    2.8464,    2.2065,    2.0409,    1.5647,    1.5020,    1.0188,    0.7436,    0.6043,    0.2441,    0.2166,    0.1548,    0.0541,    0.0443,    0.0276,    0.1059,    0.2271,    0.3813,    0.5597,    0.7547,    0.9593,    2.0007,    3.6116,    4.2910,    4.4099,    4.8957,    5.3063,    6.1614,    6.7134,    7.1723,    7.6410,    8.0105,    8.2828,    8.4962,    8.6642,    8.7933,    8.8854,    8.9439,    3.1446,    3.1462,    3.1463,    3.1449,    3.1421,    3.1380,    3.1323,    3.1265,    3.1187,    3.1101,    3.1013,    3.0915,    2.3696,    2.3623,    2.3537,    2.3449,    2.3371,    2.3341,    2.3195,    2.3103,    2.3015,    2.2912,    2.2818,    2.2712,    2.3817,    2.3656,    2.3539,    2.3319,    2.3167,    2.3031,    2.2850,    2.2599,    2.2442,    2.2183,    2.1954,    2.1760,    5.8965,    5.7596,    5.6244,    5.4969,    5.3624,    5.2281,    5.0859,    4.9472,    4.8119,    4.6989,    4.5844,    4.4768,    6.8668,    6.5476,    6.2221,    5.8922,    5.5603,    5.2339,    4.9089,    4.5880,    4.2681,    3.9504,    3.6605,    3.3811,    8.7803,    6.9307,    5.7063,    4.6575,    3.6825,    2.8120,    2.0675,    1.5386,    1.1714,    0.9254,    0.7371,    0.5634,    0.0000,    0.0000,    0.0010,    0.0016,    0.0016,    0.0013,    0.0013,    0.0014,    0.0012,    0.0018,    0.0019,    0.0025,    0.0033,    0.0034,    0.0072,    0.0120,    0.0131,    0.0092,    0.0010,    0.0030,    0.0220,    0.0335,    0.0599,    0.0687,    0.0933,    0.1078,    0.1149,    0.1254,    0.1317,    0.1370,    0.1249,    0.1157,    0.0988,    0.1149,    0.1557,    0.1520,    0.2534,    0.2595,    0.2531,    0.2492,    0.2582,    0.3027,    0.3090,    0.3461,    0.3329,    0.3963,    0.3910,    0.4330,    0.9719,    0.9752,    1.0471,    1.0899,    1.1239,    1.1091,    1.1712,    1.2138,    1.1955,    1.0686,    1.0150,    1.0201,    2.4423,    2.1518,    1.9847,    1.8145,    1.5896,    1.3702,    1.0885,    0.9085,    0.7958,    0.6425,    0.4591,    0.3973,    0.2844,    0.2419,    0.1722,    0.1540,    0.0975,    0.0669,    0.0515,    0.0198,    0.0167,    0.0114,    0.0038,    0.0030
 3734,    1.7500,  291.7397,    0.1494,  125.9238,  126.2076,    0.9850,    0.2827,  158.4330,  175.1509,  175.9350,  176.8073,  177.6383,  179.0166,  181.4064,  185.3043,  190.8044,  198.1123,  207.5043,  218.8000,  231.5267,  245.1922,  259.2903,  271.6225,  280.3039,  285.5196,  288.6153,  290.2997,  291.0220,  291.1841,  291.6117,  292.4787,  292.7503,    0.0847,    0.3261,    0.7012,    1.1809,    1.7387,    2.3514,    2.9982,    3.5256,    3.8611,    4.3490,    4.9136,    5.2083,    4.4504,    4.3342,    4.1960,    3.9529,    3.5797,    3.1221,    2.7180,    2.4138,    2.1857,    2.0223,    1.9119,    1.8501,    0.6408,    0.6408,    0.6431,    0.6480,    0.6557,    0.6658,    0.6759,    0.6838,    0.6992,    0.7013,    0.7204,    0.7205,    0.5497,    0.5279,    0.4912,    0.4963,    0.4713,    0.3955,    0.4739,    0.4758,    0.4943,    0.5179,    0.5489,    0.5686,    0.6202,    0.6304,    0.5982,    0.6420,    0.6480,    0.6503,    0.6526,    0.6681,    0.6616,    0.6676,    0.6724,    0.6722,    1.8437,    1.8111,    1.7644,    1.7034,    1.6438,    1.5847,    1.5315,    1.4629,    1.3857,    1.2603,    1.1334,    0.9704,    1.3012,    1.0374,    0.8348,    0.7130,    0.6674,    0.6472,    0.6739,    0.7166,    0.7741,    0.8316,    0.8421,    0.8468,    2.3244,    1.9300,    1.1790,    0.5699,    0.3346,    0.3592,    0.4263,    0.3821,    0.2875,    0.1704,    0.0730,    0.0399,    0.0799,    0.0448,    0.0719,    0.0851,    0.0955,    0.0886,    0.0975,    0.1096,    0.0967,    0.1329,    0.1171,    0.1280,    0.1407,    0.1144,    0.1663,    0.1845,    0.1518,    0.1680,    0.1846,    0.2013,    0.2174,    0.1526,    0.2456,    0.2607,    0.3224,    0.3459,    0.3572,    0.3788,    0.3880,    0.4049,    0.4070,    0.4466,    0.4748,    0.4631,    0.5008,    0.5109,    0.8778,    0.9620,    1.0125,    1.0463,    1.0651,    1.1599,    1.0939,    1.1675,    1.1279,    1.1998,    1.1389,    1.2210,    2.6308,    2.5885,    2.6480,    2.6863,    2.7094,    2.6000,    2.6883,    2.7563,    2.8254,    2.6388,    2.6127,    2.7229,    6.9236,    6.6501,    6.6181,    6.4531,    5.9897,    5.6558,    5.0048,    4.6365,    4.4875,    3.9561,    3.0547,    2.8508,    2.2098,    2.0438,    1.5670,    1.5042,    1.0203,    0.7448,    0.6053,    0.2445,    0.2170,    0.1551,    0.0542,    0.0445,    0.0316,    0.1215,    0.2608,    0.4383,    0.6441,    0.8693,    1.1061,    2.2529,    3.9001,    4.6141,    4.8097,    5.3391,    5.6523,    6.4409,    6.9619,    7.3991,    7.8260,    8.1725,    8.4410,    8.6555,    8.8261,    8.9595,    9.0578,    9.1247,    3.2102,    3.2130,    3.2144,    3.2141,    3.2121,    3.2092,    3.2026,    3.1988,    3.1912,    3.1808,    3.1733,    3.1602,    2.4213,    2.4133,    2.4033,    2.3945,    2.3868,    2.3853,    2.3695,    2.3607,    2.3526,    2.3431,    2.3357,    2.3268,    2.4438,    2.4306,    2.4152,    2.4011,    2.3866,    2.3726,    2.3556,    2.3358,    2.3205,    2.2987,    2.2786,    2.2605,    6.1361,    6.0022,    5.8686,    5.7387,    5.6026,    5.4659,    5.3227,    5.1813,    5.0419,    4.9178,    4.7923,    4.6718,    7.1593,    6.8222,    6.4810,    6.1399,    5.8013,    5.4704,    5.1430,    4.8214,    4.5034,    4.1893,    3.8979,    3.6169,    9.4474,    7.5163,    6.1533,    4.9869,    3.9439,    3.0411,    2.2759,    1.7127,    1.3092,    1.0283,    0.8103,    0.6191,    0.0000,    0.0000,    0.0005,    0.0008,    0.0008,    0.0006,    0.0006,    0.0007,    0.0006,    0.0009,    0.0010,    0.0013,    0.0018,    0.0019,    0.0042,    0.0075,    0.0086,    0.0063,    0.0007,    0.0022,    0.0165,    0.0255,    0.0463,    0.0539,    0.0742,    0.0868,    0.0929,    0.1018,    0.1073,    0.1120,    0.1022,    0.0951,    0.0809,    0.0934,    0.1257,    0.1219,    0.2015,    0.2042,    0.1969,    0.1931,    0.2018,    0.2386,    0.2458,    0.2776,    0.2689,    0.3225,    0.3203,    0.3569,    0.8054,    0.8119,    0.8761,    0.9155,    0.9476,    0.9385,    0.9942,    1.0320,    1.0108,    0.8979,    0.8477,    0.8475,    2.0118,    1.7505,    1.5968,    1.4462,    1.2563,    1.0685,    0.8356,    0.6867,    0.5927,    0.4723,    0.3336,    0.2855,    0.2020,    0.1697,    0.1195,    0.1057,    0.0663,    0.0451,    0.0345,    0.0131,    0.0110,    0.0075,    0.0025,    0.0019
 4184,    2.0000,  293.2250,    0.1483,  126.1210,  126.3753,    0.9692,   -0.1554,  158.4330,  175.5075,  176.2254,  177.1044,  178.0231,  179.5864,  182.2913,  186.5988,  192.6137,  200.4175,  210.3929,  222.0462,  234.9914,  248.7924,  262.9094,  275.1103,  283.3975,  288.2024,  290.8858,  292.2116,  292.7848,  292.7618,  293.3339,  294.2608,  294.5829,    0.0846,    0.3258,    0.7008,    1.1803,    1.7383,    2.3515,    2.9990,    3.5293,    3.8646,    4.3527,    4.9176,    5.2095,    4.4519,    4.3351,    4.1964,    3.9531,    3.5800,    3.1236,    2.7211,    2.4179,    2.1904,    2.0272,    1.9169,    1.8549,    0.6424,    0.6423,    0.6445,    0.6495,    0.6571,    0.6671,    0.6775,    0.6853,    0.7008,    0.7040,    0.7226,    0.7243,    0.5543,    0.5343,    0.4998,    0.5060,    0.4813,    0.4051,    0.4848,    0.4863,    0.5039,    0.5260,    0.5551,    0.5731,    0.6234,    0.6328,    0.6029,    0.6438,    0.6498,    0.6522,    0.6545,    0.6690,    0.6622,    0.6680,    0.6726,    0.6724,    1.8440,    1.8113,    1.7644,    1.7034,    1.6437,    1.5846,    1.5313,    1.4627,    1.3856,    1.2603,    1.1335,    0.9706,    1.3017,    1.0382,    0.8360,    0.7142,    0.6684,    0.6479,    0.6743,    0.7167,    0.7739,    0.8314,    0.8422,    0.8470,    2.3251,    1.9315,    1.1788,    0.5696,    0.3345,    0.3590,    0.4266,    0.3831,    0.2884,    0.1709,    0.0731,    0.0399,    0.0796,    0.0446,    0.0718,    0.0851,    0.0955,    0.0886,    0.0975,    0.1095,    0.0967,    0.1329,    0.1171,    0.1280,    0.1407,    0.1144,    0.1663,    0.1844,    0.1517,    0.1674,    0.1832,    0.1999,    0.2167,    0.1527,    0.2457,    0.2609,    0.3226,    0.3462,    0.3575,    0.3792,    0.3884,    0.4051,    0.4069,    0.4458,    0.4734,    0.4623,    0.5011,    0.5112,    0.8785,    0.9627,    1.0132,    1.0469,    1.0654,    1.1606,    1.0949,    1.1687,    1.1287,    1.2014,    1.1406,    1.2229,    2.6352,    2.5927,    2.6528,    2.6912,    2.7144,    2.6050,    2.6935,    2.7618,    2.8311,    2.6440,    2.6179,    2.7283,    6.9369,    6.6623,    6.6297,    6.4638,    5.9992,    5.6641,    5.0114,    4.6420,    4.4923,    3.9600,    3.0576,    2.8533,    2.2117,    2.0455,    1.5683,    1.5055,    1.0212,    0.7455,    0.6059,    0.2448,    0.2173,    0.1554,    0.0543,    0.0445,    0.0355,    0.1363,    0.2928,    0.4925,    0.7242,    0.9781,    1.2455,    2.4790,    4.1295,    4.8670,    5.1367,    5.7017,    5.9151,    6.6411,    7.1372,    7.5591,    7.9596,    8.2923,    8.5579,    8.7723,    8.9438,    9.0796,    9.1824,    9.2558,    3.2580,    3.2619,    3.2642,    3.2649,    3.2636,    3.2617,    3.2543,    3.2522,    3.2448,    3.2328,    3.2265,    3.2106,    2.4590,    2.4504,    2.4390,    2.4302,    2.4226,    2.4225,    2.4055,    2.3970,    2.3897,    2.3808,    2.3752,    2.3679,    2.4900,    2.4790,    2.4605,    2.4528,    2.4389,    2.4245,    2.4083,    2.3924,    2.3774,    2.3585,    2.3403,    2.3231,    6.3135,    6.1819,    6.0497,    5.9181,    5.7810,    5.6426,    5.4989,    5.3556,    5.2134,    5.0814,    4.9481,    4.8184,    7.3796,    7.0293,    6.6761,    6.3264,    5.9831,    5.6492,    5.3204,    4.9985,    4.6819,    4.3706,    4.0785,    3.7968,    9.9595,    7.9711,    6.4977,    5.2405,    4.1456,    3.2189,    2.4406,    1.8525,    1.4206,    1.1106,    0.8682,    0.6632,    0.0000,    0.0000,    0.0003,    0.0004,    0.0004,    0.0003,    0.0003,    0.0003,    0.0003,    0.0004,    0.0005,    0.0007,    0.0009,    0.0010,    0.0024,    0.0047,    0.0057,    0.0043,    0.0005,    0.0016,    0.0124,    0.0195,    0.0359,    0.0424,    0.0591,    0.0700,    0.0753,    0.0828,    0.0877,    0.0918,    0.0839,    0.0783,    0.0663,    0.0760,    0.1017,    0.0979,    0.1606,    0.1611,    0.1536,    0.1499,    0.1581,    0.1885,    0.1959,    0.2231,    0.2177,    0.2629,    0.2628,    0.2947,    0.6686,    0.6771,    0.7342,    0.7701,    0.8002,    0.7954,    0.8452,    0.8788,    0.8559,    0.7557,    0.7092,    0.7054,    1.6601,    1.4267,    1.2872,    1.1551,    0.9950,    0.8352,    0.6429,    0.5204,    0.4426,    0.3482,    0.2432,    0.2058,    0.1439,    0.1194,    0.0832,    0.0729,    0.0452,    0.0305,    0.0231,    0.0087,    0.0073,    0.0049,    0.0016,    0.0013
