Particle       ,data/QEXT_96IR_84_VIS_nanoring_9um7um
Ncase          ,  14
dt (sols)      ,  0.020833
Qext 0.67um    , 23.019000
Alb sfc        ,  0.220000
Conrath nu     ,  0.002000
Sun Flux (W/m2),148.393084
BWN IR (cm-1)  ,     10.0000,     34.1670,     58.3330,     82.5000,    106.6670,    130.8330,    155.0000,    179.1670,    203.3330,    227.5000,    251.6670,    275.8330,    300.0000,    320.7880,    341.5750,    362.3630,    383.1500,    403.9380,    424.7250,    445.5130,    466.3010,    487.0880,    507.8760,    528.6630,    549.4510,    556.7420,    564.0330,    571.3240,    578.6150,    585.9060,    593.1970,    600.4880,    607.7790,    615.0700,    622.3610,    629.6520,    636.9430,    642.5500,    648.1570,    653.7640,    659.3700,    664.9770,    670.5840,    676.1910,    681.7980,    687.4050,    693.0110,    698.6180,    704.2250,    710.1390,    716.0530,    721.9670,    727.8810,    733.7950,    739.7090,    745.6240,    751.5380,    757.4520,    763.3660,    769.2800,    775.1940,    791.5010,    807.8070,    824.1140,    840.4210,    856.7270,    873.0340,    889.3410,    905.6470,    921.9540,    938.2610,    954.5670,    970.8740,    996.8050,   1022.7370,   1048.6680,   1074.6000,   1100.5310,   1126.4630,   1152.3940,   1178.3250,   1204.2570,   1230.1880,   1256.1200,   1282.0510,   1360.3990,   1438.7460,   1517.0940,   1595.4410,   1673.7890,   1752.1370,   1830.4840,   1908.8320,   1987.1790,   2065.5270,   2143.8740,   2222.2220
BWN VIS (cm-1) ,   2222.2200,   2294.3160,   2366.4120,   2438.5080,   2510.6030,   2582.6990,   2654.7950,   2726.8910,   2798.9870,   2871.0820,   2943.1780,   3015.2740,   3087.3700,   3165.9750,   3244.5800,   3323.1850,   3401.7900,   3480.3950,   3559.0000,   3637.6050,   3716.2100,   3794.8150,   3873.4200,   3952.0250,   4030.6300,   4142.2920,   4253.9530,   4365.6150,   4477.2770,   4588.9380,   4700.6000,   4812.2620,   4923.9230,   5035.5850,   5147.2470,   5258.9080,   5370.5700,   5560.6150,   5750.6600,   5940.7050,   6130.7500,   6320.7950,   6510.8400,   6700.8850,   6890.9300,   7080.9750,   7271.0200,   7461.0650,   7651.1100,   8055.1840,   8459.2580,   8863.3330,   9267.4070,   9671.4810,  10075.5550,  10479.6290,  10883.7030,  11287.7780,  11691.8520,  12095.9260,  12500.0000,  13541.6670,  14583.3330,  15625.0000,  16666.6670,  17708.3330,  18750.0000,  19791.6670,  20833.3330,  21875.0000,  22916.6670,  23958.3330,  25000.0000,  26388.8890,  27777.7780,  29166.6670,  30555.5570,  31944.4460,  33333.3350,  34722.2240,  36111.1130,  37500.0030,  38888.8920,  40277.7810,  41666.6700
================
wavelenght [um],    0.244068,    0.252632,    0.261818,    0.271698,    0.282353,    0.293878,    0.306383,    0.320000,    0.334884,    0.351220,    0.369231,    0.389189,    0.408511,    0.426667,    0.446512,    0.468293,    0.492308,    0.518919,    0.548571,    0.581818,    0.619355,    0.662069,    0.711111,    0.768000,    0.813143,    0.840768,    0.870336,    0.902060,    0.936184,    0.972991,    1.012810,    1.056028,    1.103099,    1.154562,    1.211061,    1.273375,    1.323436,    1.357581,    1.393534,    1.431444,    1.471474,    1.513807,    1.558648,    1.606226,    1.656801,    1.710664,    1.768147,    1.829628,    1.881560,    1.921939,    1.964090,    2.008131,    2.054193,    2.102417,    2.152960,    2.205992,    2.261704,    2.320302,    2.382017,    2.447105,    2.505432,    2.555765,    2.608162,    2.662752,    2.719677,    2.779088,    2.841153,    2.906054,    2.973989,    3.045176,    3.119855,    3.198288,    3.277268,    3.356577,    3.439819,    3.527294,    3.619334,    3.716307,    3.818620,    3.926726,    4.041130,    4.162400,    4.291175,    4.428172,    4.580751,    4.751270,    4.934974,    5.133456,    5.348572,    5.582505,    5.837838,    6.117648,    6.425631,    6.766266,    7.145039,    7.568734,    7.879690,    8.044056,    8.215425,    8.394255,    8.581043,    8.776330,    8.980716,    9.194848,    9.419442,    9.655282,    9.903235,   10.164260,   10.387231,   10.566200,   10.751445,   10.943308,   11.142136,   11.348323,   11.562291,   11.784476,   12.015368,   12.255495,   12.505409,   12.765727,   12.949392,   13.049328,   13.150818,   13.253898,   13.358608,   13.464994,   13.573088,   13.682923,   13.794549,   13.908012,   14.023357,   14.140631,   14.256763,   14.371646,   14.488386,   14.607038,   14.727660,   14.850291,   14.974981,   15.101782,   15.230738,   15.361915,   15.495384,   15.631191,   15.790367,   15.974275,   16.162517,   16.355249,   16.552633,   16.754839,   16.962047,   17.174443,   17.392227,   17.615605,   17.844795,   18.080028,   18.550914,   19.294981,   20.101230,   20.977796,   21.934298,   22.982219,   24.135264,   25.410119,   26.827165,   28.411593,   30.194923,   32.217118,   34.732292,   37.914692,   41.739101,   46.421699,   52.287582,   59.850314,   69.970927,   84.210526,  105.726686,  142.012170,  216.216216,  452.826771
Qext           ,     22.9860,     22.9860,     22.9860,     22.9860,     22.9860,     22.9860,     22.9860,     22.9860,     22.9860,     22.9860,     22.9860,     23.0190,     23.0190,     23.0190,     23.0190,     23.0190,     23.0190,     23.0190,     23.0190,     23.0190,     23.0190,     23.0190,     23.0190,     22.7600,     22.7600,     22.7600,     22.7600,     22.7600,     22.7600,     22.7600,     22.7600,     22.7600,     22.7600,     24.2510,     24.2510,     24.2510,     24.2510,     24.2510,     24.2510,     24.2510,     24.2510,     25.8400,     25.8400,     25.8400,     25.8400,     25.8400,     25.8400,     25.8400,     27.1030,     27.1030,     27.1030,     27.1030,     27.1030,     27.1030,     27.1030,     27.1030,     25.2030,     25.2030,     25.2030,     25.2030,     25.2030,     25.2030,     24.5210,     24.5210,     24.5210,     24.5210,     24.5210,     24.5210,     22.3200,     22.3200,     22.3200,     22.3200,     22.3200,     18.0450,     18.0450,     18.0450,     18.0450,     15.1230,     15.1230,     15.1230,     15.3960,     15.3960,     15.3960,     17.4790,     17.4790,     17.4790,     18.0960,     17.1460,     17.1460,     15.8040,     15.8040,     14.5250,     13.2010,     12.0520,     11.5340,     10.5890,     10.2890,     10.2890,      9.6620,      9.6620,      9.6510,      9.6510,      9.2880,      9.4660,      9.4660,      9.6830,      9.8570,      9.8570,     10.5750,     10.5750,     11.4090,     11.4090,     12.1360,     13.2500,     13.2500,     14.8910,     14.8910,     16.6260,     18.2230,     18.2230,     19.9640,     19.9640,     19.9640,     22.2230,     22.2230,     22.2230,     25.0120,     25.0120,     25.0120,     28.0150,     28.0150,     28.0150,     28.0150,     30.9210,     30.9210,     30.9210,     33.6930,     33.6930,     33.6930,     36.5680,     36.5680,     39.8650,     39.8650,     39.8650,     43.7820,     43.7820,     48.3010,     48.3010,     53.2350,     53.2350,     58.3400,     58.3400,     63.4440,     68.5190,     68.5190,     73.6880,     82.2070,     95.9210,    112.8560,    136.1850,    156.9200,    169.0600,    168.0990,    149.9270,    121.5990,     84.4850,     52.4530,     31.4320,     19.2180,     13.0090,      8.4030,      3.6890,      0.7150,      0.1920,      0.1920,      0.1920,      0.1920,      0.1920,      0.1920,      0.1920
Qscat          ,     16.8580,     16.8580,     16.8580,     16.8580,     16.8580,     16.8580,     16.8580,     16.8580,     16.8580,     16.8580,     16.8580,     21.3610,     21.3610,     21.3610,     21.3610,     21.3610,     21.3610,     21.3610,     21.3610,     21.3610,     21.3610,     21.3610,     21.3610,     21.9710,     21.9710,     21.9710,     21.9710,     21.9710,     21.9710,     21.9710,     21.9710,     21.9710,     21.9710,     23.7500,     23.7500,     23.7500,     23.7500,     23.7500,     23.7500,     23.7500,     23.7500,     25.4420,     25.4420,     25.4420,     25.4420,     25.4420,     25.4420,     25.4420,     26.7320,     26.7320,     26.7320,     26.7320,     26.7320,     26.7320,     26.7320,     26.7320,     24.8880,     24.8880,     24.8880,     24.8880,     24.8880,     24.8880,     24.1670,     24.1670,     24.1670,     24.1670,     24.1670,     24.1670,     22.0540,     22.0540,     22.0540,     22.0540,     22.0540,     17.8090,     17.8090,     17.8090,     17.8090,     14.8970,     14.8970,     14.8970,     15.1520,     15.1520,     15.1520,     17.1760,     17.1760,     17.1760,     17.7640,     16.8690,     16.8690,     15.5010,     15.5010,     14.1440,     12.9910,     12.0280,     11.1320,     10.5250,      9.9010,      9.9010,      9.5590,      9.5590,      9.2100,      9.2100,      9.0850,      9.0950,      9.0950,      9.1990,      9.5640,      9.5640,     10.0540,     10.0540,     10.6760,     10.6760,     11.6160,     12.8180,     12.8180,     14.0770,     14.0770,     15.4200,     17.0820,     17.0820,     19.1870,     19.1870,     19.1870,     21.5910,     21.5910,     21.5910,     24.0300,     24.0300,     24.0300,     26.3830,     26.3830,     26.3830,     26.3830,     28.7650,     28.7650,     28.7650,     31.4380,     31.4380,     31.4380,     34.6250,     34.6250,     38.3790,     38.3790,     38.3790,     42.5670,     42.5670,     46.9550,     46.9550,     51.3290,     51.3290,     55.5900,     55.5900,     59.7960,     64.1390,     64.1390,     68.8860,     77.4380,     91.8300,    109.2300,    131.6590,    150.1260,    159.6960,    156.9260,    139.7160,    114.3750,     81.2910,     51.8420,     31.0750,     17.5810,     10.4890,      6.8080,      3.6886,      0.7149,      0.1920,      0.1920,      0.1920,      0.1920,      0.1920,      0.1920,      0.1920
G factor       ,    0.3220,    0.3220,    0.3220,    0.3220,    0.3220,    0.3220,    0.3220,    0.3220,    0.3220,    0.3220,    0.3220,    0.0820,    0.0820,    0.0820,    0.0820,    0.0820,    0.0820,    0.0820,    0.0820,    0.0820,    0.0820,    0.0820,    0.0820,    0.0350,    0.0350,    0.0350,    0.0350,    0.0350,    0.0350,    0.0350,    0.0350,    0.0350,    0.0350,    0.0260,    0.0260,    0.0260,    0.0260,    0.0260,    0.0260,    0.0260,    0.0260,    0.0110,    0.0110,    0.0110,    0.0110,    0.0110,    0.0110,    0.0110,    0.0040,    0.0040,    0.0040,    0.0040,    0.0040,    0.0040,    0.0040,    0.0040,   -0.0070,   -0.0070,   -0.0070,   -0.0070,   -0.0070,   -0.0070,   -0.0050,   -0.0050,   -0.0050,   -0.0050,   -0.0050,   -0.0050,   -0.0120,   -0.0120,   -0.0120,   -0.0120,   -0.0120,   -0.0110,   -0.0110,   -0.0110,   -0.0110,   -0.0020,   -0.0020,   -0.0020,    0.0070,    0.0070,    0.0070,    0.0080,    0.0080,    0.0080,    0.0050,    0.0040,    0.0040,    0.0040,    0.0040,    0.0050,    0.0060,    0.0070,    0.0090,    0.0100,    0.0120,    0.0120,    0.0130,    0.0130,    0.0150,    0.0150,    0.0160,    0.0170,    0.0170,    0.0180,    0.0180,    0.0180,    0.0180,    0.0180,    0.0180,    0.0180,    0.0170,    0.0160,    0.0160,    0.0150,    0.0150,    0.0140,    0.0120,    0.0120,    0.0110,    0.0110,    0.0110,    0.0100,    0.0100,    0.0100,    0.0090,    0.0090,    0.0090,    0.0080,    0.0080,    0.0080,    0.0080,    0.0080,    0.0080,    0.0080,    0.0070,    0.0070,    0.0070,    0.0060,    0.0060,    0.0060,    0.0060,    0.0060,    0.0050,    0.0050,    0.0050,    0.0050,    0.0040,    0.0040,    0.0040,    0.0040,    0.0030,    0.0030,    0.0030,    0.0030,    0.0020,    0.0020,    0.0010,    0.0010,    0.0010,    0.0000,    0.0000,   -0.0000,   -0.0000,   -0.0010,   -0.0010,   -0.0010,   -0.0010,   -0.0020,   -0.0020,   -0.0020,   -0.0020,   -0.0020,   -0.0020,   -0.0020,   -0.0020,   -0.0020,   -0.0020,   -0.0020
================
P [mbar]       ,    0.1004,    0.1015,    0.1034,    0.1069,    0.1130,    0.1239,    0.1432,    0.1740,    0.2226,    0.3028,    0.4349,    0.6529,    1.0121,    1.6044,    2.4646,    3.4606,    4.3994,    5.2226,    5.8426,    6.2132,    6.3980,    6.4686,    6.5039,    6.5168
Temp initial[K],  155.0000,  155.0000,  155.0000,  155.0000,  155.0000,  155.0000,  155.0000,  155.0000,  155.0000,  155.0000,  155.0000,  155.0000,  158.8233,  165.4041,  173.2716,  181.4436,  190.2788,  198.8130,  204.5783,  207.8249,  209.4219,  210.0497,  210.3719,  210.4891
================
it   ,   tau    ,  Tsfc    ,   alb    ,   OLR    ,    ASR   ,  NET top ,  NET bot , T lev  01, T lev  02, T lev  03, T lev  04, T lev  05, T lev  06, T lev  07, T lev  08, T lev  09, T lev  10, T lev  11, T lev  12, T lev  13, T lev  14, T lev  15, T lev  16, T lev  17, T lev  18, T lev  19, T lev  20, T lev  21, T lev  22, T lev  23, T lev  24, T lev  25,  OLR IR01,  OLR IR02,  OLR IR03,  OLR IR04,  OLR IR05,  OLR IR06,  OLR IR07,  OLR IR08,  OLR IR09,  OLR IR10,  OLR IR11,  OLR IR12,  OLR IR13,  OLR IR14,  OLR IR15,  OLR IR16,  OLR IR17,  OLR IR18,  OLR IR19,  OLR IR20,  OLR IR21,  OLR IR22,  OLR IR23,  OLR IR24,  OLR IR25,  OLR IR26,  OLR IR27,  OLR IR28,  OLR IR29,  OLR IR30,  OLR IR31,  OLR IR32,  OLR IR33,  OLR IR34,  OLR IR35,  OLR IR36,  OLR IR37,  OLR IR38,  OLR IR39,  OLR IR40,  OLR IR41,  OLR IR42,  OLR IR43,  OLR IR44,  OLR IR45,  OLR IR46,  OLR IR47,  OLR IR48,  OLR IR49,  OLR IR50,  OLR IR51,  OLR IR52,  OLR IR53,  OLR IR54,  OLR IR55,  OLR IR56,  OLR IR57,  OLR IR58,  OLR IR59,  OLR IR60,  OLR IR61,  OLR IR62,  OLR IR63,  OLR IR64,  OLR IR65,  OLR IR66,  OLR IR67,  OLR IR68,  OLR IR69,  OLR IR70,  OLR IR71,  OLR IR72,  OLR IR73,  OLR IR74,  OLR IR75,  OLR IR76,  OLR IR77,  OLR IR78,  OLR IR79,  OLR IR80,  OLR IR81,  OLR IR82,  OLR IR83,  OLR IR84,  OLR IR85,  OLR IR86,  OLR IR87,  OLR IR88,  OLR IR89,  OLR IR90,  OLR IR91,  OLR IR92,  OLR IR93,  OLR IR94,  OLR IR95,  OLR IR96, ASR VIS01, ASR VIS02, ASR VIS03, ASR VIS04, ASR VIS05, ASR VIS06, ASR VIS07, ASR VIS08, ASR VIS09, ASR VIS10, ASR VIS11, ASR VIS12, ASR VIS13, ASR VIS14, ASR VIS15, ASR VIS16, ASR VIS17, ASR VIS18, ASR VIS19, ASR VIS20, ASR VIS21, ASR VIS22, ASR VIS23, ASR VIS24, ASR VIS25, ASR VIS26, ASR VIS27, ASR VIS28, ASR VIS29, ASR VIS30, ASR VIS31, ASR VIS32, ASR VIS33, ASR VIS34, ASR VIS35, ASR VIS36, ASR VIS37, ASR VIS38, ASR VIS39, ASR VIS40, ASR VIS41, ASR VIS42, ASR VIS43, ASR VIS44, ASR VIS45, ASR VIS46, ASR VIS47, ASR VIS48, ASR VIS49, ASR VIS50, ASR VIS51, ASR VIS52, ASR VIS53, ASR VIS54, ASR VIS55, ASR VIS56, ASR VIS57, ASR VIS58, ASR VIS59, ASR VIS60, ASR VIS61, ASR VIS62, ASR VIS63, ASR VIS64, ASR VIS65, ASR VIS66, ASR VIS67, ASR VIS68, ASR VIS69, ASR VIS70, ASR VIS71, ASR VIS72, ASR VIS73, ASR VIS74, ASR VIS75, ASR VIS76, ASR VIS77, ASR VIS78, ASR VIS79, ASR VIS80, ASR VIS81, ASR VIS82, ASR VIS83, ASR VIS84, SFC DIR01, SFC DIR02, SFC DIR03, SFC DIR04, SFC DIR05, SFC DIR06, SFC DIR07, SFC DIR08, SFC DIR09, SFC DIR10, SFC DIR11, SFC DIR12, SFC DIR13, SFC DIR14, SFC DIR15, SFC DIR16, SFC DIR17, SFC DIR18, SFC DIR19, SFC DIR20, SFC DIR21, SFC DIR22, SFC DIR23, SFC DIR24, SFC DIR25, SFC DIR26, SFC DIR27, SFC DIR28, SFC DIR29, SFC DIR30, SFC DIR31, SFC DIR32, SFC DIR33, SFC DIR34, SFC DIR35, SFC DIR36, SFC DIR37, SFC DIR38, SFC DIR39, SFC DIR40, SFC DIR41, SFC DIR42, SFC DIR43, SFC DIR44, SFC DIR45, SFC DIR46, SFC DIR47, SFC DIR48, SFC DIR49, SFC DIR50, SFC DIR51, SFC DIR52, SFC DIR53, SFC DIR54, SFC DIR55, SFC DIR56, SFC DIR57, SFC DIR58, SFC DIR59, SFC DIR60, SFC DIR61, SFC DIR62, SFC DIR63, SFC DIR64, SFC DIR65, SFC DIR66, SFC DIR67, SFC DIR68, SFC DIR69, SFC DIR70, SFC DIR71, SFC DIR72, SFC DIR73, SFC DIR74, SFC DIR75, SFC DIR76, SFC DIR77, SFC DIR78, SFC DIR79, SFC DIR80, SFC DIR81, SFC DIR82, SFC DIR83, SFC DIR84, SFC DIR85, SFC DIR86, SFC DIR87, SFC DIR88, SFC DIR89, SFC DIR90, SFC DIR91, SFC DIR92, SFC DIR93, SFC DIR94, SFC DIR95, SFC DIR96,SFC DVIS01,SFC DVIS02,SFC DVIS03,SFC DVIS04,SFC DVIS05,SFC DVIS06,SFC DVIS07,SFC DVIS08,SFC DVIS09,SFC DVIS10,SFC DVIS11,SFC DVIS12,SFC DVIS13,SFC DVIS14,SFC DVIS15,SFC DVIS16,SFC DVIS17,SFC DVIS18,SFC DVIS19,SFC DVIS20,SFC DVIS21,SFC DVIS22,SFC DVIS23,SFC DVIS24,SFC DVIS25,SFC DVIS26,SFC DVIS27,SFC DVIS28,SFC DVIS29,SFC DVIS30,SFC DVIS31,SFC DVIS32,SFC DVIS33,SFC DVIS34,SFC DVIS35,SFC DVIS36,SFC DVIS37,SFC DVIS38,SFC DVIS39,SFC DVIS40,SFC DVIS41,SFC DVIS42,SFC DVIS43,SFC DVIS44,SFC DVIS45,SFC DVIS46,SFC DVIS47,SFC DVIS48,SFC DVIS49,SFC DVIS50,SFC DVIS51,SFC DVIS52,SFC DVIS53,SFC DVIS54,SFC DVIS55,SFC DVIS56,SFC DVIS57,SFC DVIS58,SFC DVIS59,SFC DVIS60,SFC DVIS61,SFC DVIS62,SFC DVIS63,SFC DVIS64,SFC DVIS65,SFC DVIS66,SFC DVIS67,SFC DVIS68,SFC DVIS69,SFC DVIS70,SFC DVIS71,SFC DVIS72,SFC DVIS73,SFC DVIS74,SFC DVIS75,SFC DVIS76,SFC DVIS77,SFC DVIS78,SFC DVIS79,SFC DVIS80,SFC DVIS81,SFC DVIS82,SFC DVIS83,SFC DVIS84
 1007,    0.0000,  218.8983,    0.2194,  117.0969,  115.8380,   -0.8625,   -0.7595,  158.4330,  155.0000,  155.0000,  155.0000,  155.0000,  155.0000,  155.0000,  155.0000,  155.0000,  155.0000,  155.0000,  155.0000,  155.0000,  158.8202,  165.3996,  173.2672,  181.4393,  190.2764,  198.8104,  204.5754,  207.8212,  209.4182,  210.0462,  210.3680,  210.4855,    0.0676,    0.2556,    0.5389,    0.8888,    1.2804,    1.6928,    2.1082,    2.5121,    2.8933,    3.2429,    3.5544,    3.8241,    3.4712,    3.6087,    3.7179,    3.7987,    3.8530,    3.8815,    3.8866,    3.8696,    3.8324,    3.7775,    3.7019,    3.5964,    1.2424,    1.2267,    1.2047,    1.1662,    1.1137,    1.0481,    0.8756,    0.8393,    0.7711,    0.6138,    0.5638,    0.3590,    0.1995,    0.1649,    0.1438,    0.1375,    0.1329,    0.1277,    0.1258,    0.1235,    0.1245,    0.1364,    0.1735,    0.2440,    0.3730,    0.4452,    0.3502,    0.5089,    0.4971,    0.5051,    0.5244,    0.6000,    0.6202,    0.6335,    0.6351,    0.6285,    1.6842,    1.6087,    1.5504,    1.4822,    1.4116,    1.3421,    1.2748,    1.2087,    1.1452,    1.0819,    1.0194,    0.9639,    1.4270,    1.3066,    1.1824,    1.0659,    0.9702,    0.8860,    0.8005,    0.7221,    0.6504,    0.5836,    0.5141,    0.4584,    1.1328,    0.8012,    0.5722,    0.3992,    0.2764,    0.1901,    0.1299,    0.0861,    0.0569,    0.0365,    0.0240,    0.0175,    0.0899,    0.0485,    0.0757,    0.0853,    0.0957,    0.0892,    0.0975,    0.1095,    0.0962,    0.1325,    0.1172,    0.1283,    0.1417,    0.1155,    0.1679,    0.1865,    0.1530,    0.1811,    0.2062,    0.2231,    0.2234,    0.1500,    0.2398,    0.2531,    0.3109,    0.3324,    0.3440,    0.3658,    0.3756,    0.3936,    0.3989,    0.4549,    0.4935,    0.4704,    0.4844,    0.4940,    0.8433,    0.9209,    0.9662,    0.9986,    1.0221,    1.1068,    1.0376,    1.1056,    1.0799,    1.1314,    1.0731,    1.1504,    2.4777,    2.4439,    2.4989,    2.5383,    2.5642,    2.4625,    2.5489,    2.6139,    2.6670,    2.4800,    2.4441,    2.5380,    6.4157,    6.1123,    6.0433,    5.8603,    5.4132,    5.0767,    4.4565,    4.0997,    3.9404,    3.4535,    2.6528,    2.4637,    1.8993,    1.7458,    1.3311,    1.2705,    0.8565,    0.6215,    0.5021,    0.2015,    0.1776,    0.1261,    0.0437,    0.0355,    0.0000,    0.0000,    0.0000,    0.0000,    0.0000,    0.0000,    0.0000,    0.0000,    0.0000,    0.0000,    0.0000,    0.0000,    0.0000,    0.0000,    0.0000,    0.0000,    0.0000,    0.0000,    0.0000,    0.0001,    0.0002,    0.0007,    0.0108,    0.0490,    0.0110,    0.0180,    0.0344,    0.0771,    0.1397,    0.2137,    0.4309,    0.4495,    0.5119,    0.6671,    0.7005,    0.8672,    0.6959,    0.7036,    0.7106,    0.6982,    0.6956,    0.7186,    0.6761,    0.6645,    0.6491,    0.6306,    0.6025,    0.5551,    0.4721,    0.3712,    0.4491,    0.2585,    0.2602,    0.2432,    0.2110,    0.1067,    0.0696,    0.0377,    0.0207,    0.0150,    0.0329,    0.0299,    0.0085,    0.0020,    0.0004,    0.0004,    0.0002,    0.0011,    0.0019,    0.0049,    0.0091,    0.0081,    0.0085,    0.0012,    0.0075,    0.0141,    0.0089,    0.0000,    0.0000,    0.0000,    0.0000,    0.0008,    0.0066,    0.0072,    0.0065,    0.0059,    0.0000,    0.0000,    0.0000,    0.0000,    0.0000,    0.0009,    0.0011,    0.0014,    0.0012,    0.0002,    0.0266,    0.0000,    0.0608,    0.1075,    0.1214,    0.1110,    0.1245,    0.1386,    0.1233,    0.1698,    0.1501,    0.1645,    0.1808,    0.1468,    0.2123,    0.2321,    0.1900,    0.1318,    0.0189,    0.0386,    0.1649,    0.1902,    0.3067,    0.3223,    0.3984,    0.4260,    0.4410,    0.4686,    0.4799,    0.4920,    0.4648,    0.4226,    0.3741,    0.4433,    0.6104,    0.6178,    1.0805,    1.1804,    1.2359,    1.2564,    1.2364,    1.3694,    1.3136,    1.3975,    1.2854,    1.4503,    1.3718,    1.4606,    3.1621,    3.0885,    3.2030,    3.2531,    3.2748,    3.1568,    3.2678,    3.3511,    3.4192,    3.1776,    3.1334,    3.2539,    8.2247,    7.8363,    7.7478,    7.5132,    6.9399,    6.5086,    5.7135,    5.2561,    5.0518,    4.4276,    3.4010,    3.1586,    2.4350,    2.2382,    1.7066,    1.6288,    1.0981,    0.7968,    0.6438,    0.2584,    0.2277,    0.1616,    0.0560,    0.0455
  804,    0.0500,  222.7980,    0.2443,  113.4671,  112.1409,   -0.9293,   -0.9788,  158.4330,  155.0000,  155.2072,  155.2012,  155.1637,  155.0000,  155.0000,  155.0000,  155.0000,  155.0000,  155.0000,  155.3260,  158.8766,  164.4200,  171.8528,  179.8552,  187.6636,  194.9334,  203.6435,  209.5446,  212.8502,  214.4942,  215.1347,  215.4670,  215.5880,    0.0689,    0.2608,    0.5507,    0.9097,    1.3128,    1.7388,    2.1694,    2.5869,    2.9659,    3.3015,    3.5925,    3.8195,    3.3832,    3.3779,    3.2839,    3.1516,    3.0558,    2.9938,    2.9951,    3.0442,    3.1247,    3.2124,    3.2521,    3.2472,    1.1412,    1.1385,    1.1188,    1.0944,    1.0573,    0.9988,    0.8507,    0.8210,    0.7654,    0.6185,    0.5815,    0.3926,    0.2258,    0.1841,    0.1537,    0.1454,    0.1388,    0.1298,    0.1317,    0.1307,    0.1358,    0.1548,    0.1980,    0.2666,    0.3899,    0.4605,    0.3661,    0.5275,    0.5156,    0.5216,    0.5430,    0.6211,    0.6420,    0.6603,    0.6633,    0.6572,    1.7707,    1.6948,    1.6427,    1.5796,    1.5074,    1.4412,    1.3715,    1.3057,    1.2409,    1.1742,    1.1102,    1.0519,    1.5638,    1.4366,    1.3035,    1.1785,    1.0760,    0.9872,    0.8936,    0.8085,    0.7306,    0.6574,    0.5803,    0.5193,    1.2891,    0.9178,    0.6607,    0.4639,    0.3231,    0.2236,    0.1541,    0.1028,    0.0686,    0.0444,    0.0294,    0.0216,    0.0890,    0.0484,    0.0744,    0.0832,    0.0933,    0.0869,    0.0950,    0.1062,    0.0933,    0.1284,    0.1136,    0.1235,    0.1364,    0.1112,    0.1616,    0.1797,    0.1470,    0.1758,    0.2038,    0.2198,    0.2176,    0.1440,    0.2297,    0.2426,    0.2979,    0.3184,    0.3296,    0.3504,    0.3589,    0.3765,    0.3824,    0.4378,    0.4767,    0.4525,    0.4632,    0.4724,    0.8078,    0.8821,    0.9257,    0.9572,    0.9807,    1.0613,    0.9944,    1.0635,    1.0399,    1.0878,    1.0318,    1.1063,    2.3825,    2.3506,    2.4025,    2.4502,    2.4754,    2.3770,    2.4603,    2.5231,    2.5743,    2.3939,    2.3592,    2.4499,    6.1930,    5.9274,    5.8606,    5.6832,    5.2496,    4.9234,    4.3221,    3.9762,    3.8218,    3.3497,    2.5732,    2.3899,    1.8425,    1.7346,    1.3227,    1.2626,    0.8513,    0.6179,    0.4993,    0.2004,    0.1767,    0.1255,    0.0435,    0.0354,    0.0000,    0.0001,    0.0002,    0.0004,    0.0006,    0.0007,    0.0009,    0.0041,    0.0242,    0.0658,    0.1104,    0.1666,    0.2357,    0.3926,    0.6188,    0.8577,    1.0259,    1.1250,    1.1284,    1.0605,    0.9426,    0.8029,    0.7013,    0.6430,    0.1982,    0.1929,    0.2080,    0.2395,    0.2909,    0.3610,    0.5667,    0.5794,    0.6346,    0.7832,    0.8115,    0.9694,    0.7717,    0.7783,    0.7843,    0.7717,    0.7683,    0.7884,    0.7483,    0.7364,    0.7212,    0.7028,    0.6747,    0.6293,    0.5531,    0.4482,    0.5255,    0.3241,    0.3255,    0.3094,    0.2718,    0.1571,    0.1163,    0.0756,    0.0549,    0.0477,    0.1108,    0.1035,    0.0694,    0.0535,    0.0488,    0.0417,    0.0395,    0.0356,    0.0329,    0.0351,    0.0371,    0.0342,    0.0443,    0.0321,    0.0369,    0.0425,    0.0339,    0.0198,    0.0184,    0.0166,    0.0153,    0.0149,    0.0210,    0.0203,    0.0379,    0.0303,    0.0174,    0.0133,    0.0101,    0.0077,    0.0053,    0.0050,    0.0041,    0.0037,    0.0028,    0.0011,    0.0251,    0.0000,    0.0589,    0.1045,    0.1181,    0.1080,    0.1212,    0.1341,    0.1193,    0.1644,    0.1453,    0.1581,    0.1736,    0.1410,    0.2038,    0.2228,    0.1814,    0.1242,    0.0171,    0.0357,    0.1567,    0.1820,    0.2931,    0.3080,    0.3809,    0.4072,    0.4216,    0.4480,    0.4573,    0.4688,    0.4416,    0.4013,    0.3549,    0.4213,    0.5813,    0.5886,    1.0322,    1.1277,    1.1806,    1.1998,    1.1802,    1.3075,    1.2546,    1.3385,    1.2309,    1.3895,    1.3143,    1.3992,    3.0294,    2.9584,    3.0688,    3.1230,    3.1437,    3.0306,    3.1371,    3.2172,    3.2825,    3.0506,    3.0082,    3.1238,    7.8960,    7.5130,    7.4283,    7.2034,    6.6539,    6.2404,    5.4782,    5.0397,    4.8440,    4.2456,    3.2613,    3.0290,    2.3353,    2.1329,    1.6263,    1.5523,    1.0466,    0.7595,    0.6136,    0.2463,    0.2171,    0.1541,    0.0534,    0.0434
  691,    0.1000,  225.1971,    0.2671,  109.9251,  108.7530,   -0.7747,   -0.8723,  158.4330,  155.0435,  155.4973,  155.6900,  155.7021,  155.6540,  155.4982,  155.2512,  155.0772,  155.1948,  156.0964,  158.3738,  162.4317,  168.4276,  176.1547,  184.2744,  192.0444,  199.1960,  206.8401,  212.8364,  216.1847,  217.8506,  218.5000,  218.8395,  218.9609,    0.0697,    0.2640,    0.5579,    0.9225,    1.3326,    1.7668,    2.2068,    2.6315,    3.0010,    3.3166,    3.5822,    3.7632,    3.2577,    3.1423,    2.9244,    2.6949,    2.5456,    2.4549,    2.4507,    2.5157,    2.6344,    2.7806,    2.8778,    2.9306,    1.0427,    1.0483,    1.0310,    1.0175,    0.9931,    0.9423,    0.8189,    0.7947,    0.7505,    0.6161,    0.5897,    0.4170,    0.2466,    0.2015,    0.1656,    0.1563,    0.1479,    0.1347,    0.1409,    0.1408,    0.1485,    0.1712,    0.2172,    0.2839,    0.4007,    0.4674,    0.3755,    0.5337,    0.5222,    0.5263,    0.5486,    0.6252,    0.6453,    0.6670,    0.6706,    0.6648,    1.7991,    1.7242,    1.6785,    1.6216,    1.5494,    1.4881,    1.4176,    1.3540,    1.2898,    1.2217,    1.1584,    1.0989,    1.6385,    1.5083,    1.3709,    1.2418,    1.1358,    1.0451,    0.9468,    0.8582,    0.7770,    0.7004,    0.6188,    0.5549,    1.3809,    0.9861,    0.7130,    0.5020,    0.3505,    0.2433,    0.1686,    0.1127,    0.0757,    0.0492,    0.0328,    0.0242,    0.0880,    0.0483,    0.0731,    0.0811,    0.0910,    0.0848,    0.0927,    0.1031,    0.0906,    0.1246,    0.1102,    0.1191,    0.1315,    0.1072,    0.1559,    0.1734,    0.1415,    0.1709,    0.2014,    0.2166,    0.2123,    0.1385,    0.2206,    0.2330,    0.2860,    0.3057,    0.3164,    0.3364,    0.3438,    0.3609,    0.3674,    0.4222,    0.4613,    0.4363,    0.4439,    0.4528,    0.7755,    0.8469,    0.8887,    0.9195,    0.9429,    1.0198,    0.9550,    1.0249,    1.0032,    1.0478,    0.9940,    1.0660,    2.2953,    2.2652,    2.3143,    2.3691,    2.3937,    2.2983,    2.3789,    2.4396,    2.4892,    2.3147,    2.2812,    2.3689,    5.9882,    5.7579,    5.6931,    5.5208,    5.0997,    4.7830,    4.1989,    3.8629,    3.7131,    3.2545,    2.5002,    2.3222,    1.7905,    1.7247,    1.3153,    1.2557,    0.8468,    0.6147,    0.4968,    0.1995,    0.1759,    0.1249,    0.0433,    0.0353,    0.0001,    0.0002,    0.0005,    0.0008,    0.0011,    0.0015,    0.0019,    0.0083,    0.0490,    0.1329,    0.2214,    0.3293,    0.4540,    0.7307,    1.1031,    1.4664,    1.7062,    1.8407,    1.8444,    1.7529,    1.5909,    1.3917,    1.2354,    1.1227,    0.3539,    0.3404,    0.3539,    0.3763,    0.4177,    0.4827,    0.6733,    0.6816,    0.7300,    0.8696,    0.8933,    1.0412,    0.8243,    0.8301,    0.8349,    0.8224,    0.8183,    0.8353,    0.7980,    0.7861,    0.7711,    0.7530,    0.7253,    0.6818,    0.6126,    0.5071,    0.5821,    0.3772,    0.3782,    0.3629,    0.3215,    0.2016,    0.1588,    0.1116,    0.0885,    0.0801,    0.1894,    0.1780,    0.1329,    0.1079,    0.1003,    0.0859,    0.0815,    0.0727,    0.0665,    0.0676,    0.0667,    0.0620,    0.0829,    0.0661,    0.0688,    0.0726,    0.0609,    0.0419,    0.0391,    0.0354,    0.0326,    0.0307,    0.0368,    0.0346,    0.0732,    0.0578,    0.0376,    0.0288,    0.0220,    0.0167,    0.0116,    0.0099,    0.0075,    0.0063,    0.0046,    0.0022,    0.0238,    0.0000,    0.0572,    0.1017,    0.1150,    0.1052,    0.1180,    0.1299,    0.1156,    0.1593,    0.1407,    0.1521,    0.1670,    0.1356,    0.1961,    0.2142,    0.1737,    0.1177,    0.0158,    0.0333,    0.1494,    0.1744,    0.2807,    0.2950,    0.3648,    0.3901,    0.4038,    0.4291,    0.4368,    0.4476,    0.4208,    0.3823,    0.3378,    0.4014,    0.5549,    0.5620,    0.9880,    1.0794,    1.1301,    1.1481,    1.1290,    1.2511,    1.2007,    1.2843,    1.1808,    1.3336,    1.2613,    1.3427,    2.9073,    2.8388,    2.9453,    3.0025,    3.0223,    2.9136,    3.0161,    3.0930,    3.1558,    2.9329,    2.8921,    3.0033,    7.5914,    7.2121,    7.1308,    6.9151,    6.3876,    5.9908,    5.2592,    4.8383,    4.6506,    4.0762,    3.1313,    2.9084,    2.2424,    2.0338,    1.5508,    1.4802,    0.9981,    0.7244,    0.5853,    0.2349,    0.2071,    0.1470,    0.0510,    0.0415
  501,    0.1500,  226.8976,    0.2881,  106.9283,  105.6399,   -0.8868,   -0.7950,  158.4330,  155.4554,  156.0350,  156.7072,  156.9085,  157.0910,  157.1466,  157.1621,  157.2592,  157.6788,  158.8735,  161.4104,  165.7031,  171.9191,  179.8360,  188.0614,  195.8032,  202.8259,  209.4240,  215.4980,  218.8754,  220.5512,  221.2156,  221.5598,  221.6832,    0.0702,    0.2662,    0.5629,    0.9314,    1.3464,    1.7864,    2.2330,    2.6618,    3.0186,    3.3126,    3.5522,    3.6883,    3.1253,    2.9268,    2.6359,    2.3672,    2.2042,    2.1066,    2.0956,    2.1582,    2.2845,    2.4531,    2.5797,    2.6666,    0.9575,    0.9684,    0.9532,    0.9479,    0.9334,    0.8901,    0.7895,    0.7698,    0.7355,    0.6140,    0.5965,    0.4399,    0.2672,    0.2207,    0.1818,    0.1722,    0.1625,    0.1456,    0.1554,    0.1556,    0.1647,    0.1890,    0.2360,    0.3002,    0.4102,    0.4719,    0.3835,    0.5357,    0.5247,    0.5269,    0.5493,    0.6223,    0.6410,    0.6650,    0.6687,    0.6631,    1.8016,    1.7280,    1.6884,    1.6376,    1.5660,    1.5100,    1.4396,    1.3789,    1.3162,    1.2475,    1.1857,    1.1258,    1.6827,    1.5510,    1.4115,    1.2806,    1.1726,    1.0813,    0.9800,    0.8893,    0.8064,    0.7277,    0.6432,    0.5778,    1.4395,    1.0297,    0.7465,    0.5263,    0.3678,    0.2556,    0.1779,    0.1191,    0.0804,    0.0523,    0.0350,    0.0259,    0.0871,    0.0482,    0.0718,    0.0792,    0.0889,    0.0828,    0.0905,    0.1002,    0.0880,    0.1211,    0.1071,    0.1150,    0.1270,    0.1035,    0.1506,    0.1675,    0.1364,    0.1664,    0.1992,    0.2137,    0.2073,    0.1334,    0.2122,    0.2241,    0.2751,    0.2940,    0.3043,    0.3236,    0.3301,    0.3467,    0.3537,    0.4080,    0.4472,    0.4214,    0.4264,    0.4350,    0.7460,    0.8147,    0.8550,    0.8850,    0.9083,    0.9819,    0.9190,    0.9894,    0.9695,    1.0111,    0.9593,    1.0289,    2.2151,    2.1867,    2.2332,    2.2944,    2.3184,    2.2258,    2.3039,    2.3626,    2.4106,    2.2417,    2.2092,    2.2941,    5.7993,    5.6022,    5.5392,    5.3717,    4.9621,    4.6539,    4.0857,    3.7589,    3.6132,    3.1671,    2.4331,    2.2600,    1.7426,    1.7158,    1.3087,    1.2495,    0.8428,    0.6119,    0.4947,    0.1987,    0.1752,    0.1245,    0.0432,    0.0352,    0.0001,    0.0003,    0.0007,    0.0012,    0.0017,    0.0023,    0.0028,    0.0126,    0.0739,    0.2002,    0.3313,    0.4856,    0.6537,    1.0212,    1.4904,    1.9228,    2.1960,    2.3438,    2.3463,    2.2455,    2.0659,    1.8412,    1.6585,    1.5157,    0.4842,    0.4654,    0.4774,    0.4932,    0.5269,    0.5873,    0.7647,    0.7695,    0.8120,    0.9425,    0.9627,    1.1005,    0.8674,    0.8720,    0.8755,    0.8633,    0.8583,    0.8718,    0.8380,    0.8261,    0.8115,    0.7939,    0.7669,    0.7255,    0.6633,    0.5586,    0.6303,    0.4250,    0.4255,    0.4111,    0.3665,    0.2432,    0.1990,    0.1463,    0.1211,    0.1117,    0.2670,    0.2517,    0.1965,    0.1629,    0.1523,    0.1308,    0.1243,    0.1107,    0.1010,    0.1009,    0.0971,    0.0905,    0.1227,    0.1014,    0.1019,    0.1038,    0.0888,    0.0652,    0.0609,    0.0552,    0.0507,    0.0473,    0.0532,    0.0495,    0.1103,    0.0869,    0.0591,    0.0454,    0.0347,    0.0264,    0.0184,    0.0151,    0.0112,    0.0090,    0.0065,    0.0034,    0.0227,    0.0000,    0.0556,    0.0991,    0.1121,    0.1025,    0.1150,    0.1260,    0.1121,    0.1545,    0.1365,    0.1465,    0.1609,    0.1307,    0.1889,    0.2063,    0.1666,    0.1118,    0.0147,    0.0313,    0.1427,    0.1674,    0.2694,    0.2830,    0.3500,    0.3743,    0.3875,    0.4117,    0.4181,    0.4283,    0.4019,    0.3649,    0.3222,    0.3834,    0.5308,    0.5378,    0.9475,    1.0351,    1.0837,    1.1007,    1.0821,    1.1993,    1.1513,    1.2343,    1.1347,    1.2819,    1.2124,    1.2906,    2.7946,    2.7284,    2.8312,    2.8905,    2.9095,    2.8049,    2.9036,    2.9777,    3.0381,    2.8235,    2.7843,    2.8913,    7.3084,    6.9313,    6.8532,    6.6459,    6.1391,    5.7578,    5.0547,    4.6504,    4.4700,    3.9180,    3.0099,    2.7957,    2.1557,    1.9400,    1.4794,    1.4122,    0.9522,    0.6911,    0.5585,    0.2242,    0.1976,    0.1403,    0.0487,    0.0396
  292,    0.2000,  227.9405,    0.3074,  104.1705,  102.7728,   -0.9879,   -0.3733,  158.4330,  156.2411,  156.8921,  157.6975,  158.2942,  158.6273,  158.9110,  159.1925,  159.5783,  160.2992,  161.8009,  164.6357,  169.1994,  175.6728,  183.8104,  192.1391,  199.8719,  206.4397,  212.0425,  217.5789,  220.9771,  222.6575,  223.3253,  223.6743,  223.7999,    0.0706,    0.2676,    0.5661,    0.9370,    1.3551,    1.7988,    2.2496,    2.6799,    3.0215,    3.2936,    3.5077,    3.6008,    2.9901,    2.7296,    2.3998,    2.1250,    1.9674,    1.8719,    1.8529,    1.9044,    2.0234,    2.1962,    2.3374,    2.4452,    0.8840,    0.8981,    0.8850,    0.8860,    0.8797,    0.8439,    0.7654,    0.7499,    0.7245,    0.6161,    0.6072,    0.4667,    0.2907,    0.2424,    0.2002,    0.1904,    0.1791,    0.1581,    0.1720,    0.1726,    0.1830,    0.2093,    0.2575,    0.3194,    0.4222,    0.4776,    0.3932,    0.5363,    0.5261,    0.5264,    0.5479,    0.6149,    0.6313,    0.6563,    0.6597,    0.6541,    1.7834,    1.7115,    1.6771,    1.6320,    1.5615,    1.5107,    1.4410,    1.3836,    1.3230,    1.2546,    1.1950,    1.1353,    1.7000,    1.5682,    1.4286,    1.2977,    1.1890,    1.0979,    0.9951,    0.9037,    0.8201,    0.7407,    0.6549,    0.5889,    1.4677,    1.0504,    0.7624,    0.5375,    0.3756,    0.2611,    0.1821,    0.1220,    0.0826,    0.0538,    0.0361,    0.0268,    0.0862,    0.0481,    0.0707,    0.0774,    0.0868,    0.0810,    0.0884,    0.0975,    0.0856,    0.1178,    0.1042,    0.1112,    0.1228,    0.1001,    0.1457,    0.1621,    0.1318,    0.1623,    0.1970,    0.2109,    0.2028,    0.1287,    0.2045,    0.2160,    0.2651,    0.2834,    0.2933,    0.3119,    0.3175,    0.3338,    0.3413,    0.3949,    0.4342,    0.4078,    0.4104,    0.4187,    0.7190,    0.7851,    0.8240,    0.8534,    0.8766,    0.9471,    0.8861,    0.9567,    0.9384,    0.9773,    0.9273,    0.9948,    2.1413,    2.1143,    2.1585,    2.2253,    2.2488,    2.1588,    2.2345,    2.2915,    2.3381,    2.1742,    2.1427,    2.2251,    5.6248,    5.4589,    5.3975,    5.2344,    4.8353,    4.5351,    3.9815,    3.6631,    3.5212,    3.0866,    2.3713,    2.2027,    1.6986,    1.7079,    1.3028,    1.2441,    0.8393,    0.6094,    0.4927,    0.1979,    0.1746,    0.1241,    0.0431,    0.0351,    0.0001,    0.0005,    0.0010,    0.0016,    0.0023,    0.0031,    0.0038,    0.0169,    0.0986,    0.2671,    0.4390,    0.6340,    0.8341,    1.2700,    1.8048,    2.2780,    2.5674,    2.7195,    2.7196,    2.6141,    2.4270,    2.1925,    1.9987,    1.8406,    0.5939,    0.5714,    0.5823,    0.5932,    0.6210,    0.6775,    0.8433,    0.8459,    0.8835,    1.0044,    1.0216,    1.1484,    0.9016,    0.9050,    0.9074,    0.8955,    0.8898,    0.8994,    0.8694,    0.8576,    0.8434,    0.8263,    0.8001,    0.7610,    0.7065,    0.6039,    0.6715,    0.4683,    0.4684,    0.4547,    0.4073,    0.2818,    0.2365,    0.1791,    0.1521,    0.1419,    0.3416,    0.3226,    0.2584,    0.2167,    0.2031,    0.1748,    0.1663,    0.1481,    0.1354,    0.1340,    0.1273,    0.1188,    0.1621,    0.1365,    0.1349,    0.1347,    0.1167,    0.0883,    0.0827,    0.0750,    0.0689,    0.0640,    0.0697,    0.0644,    0.1472,    0.1159,    0.0805,    0.0619,    0.0474,    0.0360,    0.0251,    0.0203,    0.0148,    0.0118,    0.0084,    0.0046,    0.0216,    0.0000,    0.0541,    0.0965,    0.1093,    0.0999,    0.1121,    0.1223,    0.1089,    0.1499,    0.1325,    0.1414,    0.1553,    0.1261,    0.1822,    0.1990,    0.1600,    0.1064,    0.0136,    0.0294,    0.1366,    0.1610,    0.2589,    0.2719,    0.3364,    0.3598,    0.3724,    0.3957,    0.4009,    0.4106,    0.3845,    0.3490,    0.3079,    0.3668,    0.5087,    0.5155,    0.9102,    0.9944,    1.0410,    1.0571,    1.0388,    1.1516,    1.1057,    1.1879,    1.0918,    1.2341,    1.1671,    1.2423,    2.6902,    2.6262,    2.7256,    2.7861,    2.8044,    2.7036,    2.7988,    2.8702,    2.9285,    2.7216,    2.6838,    2.7869,    7.0446,    6.6686,    6.5935,    6.3941,    5.9066,    5.5398,    4.8634,    4.4745,    4.3010,    3.7700,    2.8963,    2.6903,    2.0745,    1.8514,    1.4118,    1.3478,    0.9089,    0.6597,    0.5331,    0.2140,    0.1887,    0.1340,    0.0465,    0.0378
  236,    0.3000,  228.6035,    0.3418,   97.7530,   97.6727,    0.3403,    0.9686,  158.4330,  157.2288,  157.9603,  158.8102,  159.8448,  160.3157,  160.7862,  161.2734,  161.8586,  162.7803,  164.4752,  167.4614,  172.1455,  178.7107,  186.9327,  195.3898,  203.2481,  209.6673,  214.9486,  219.3648,  222.7971,  224.4810,  225.1385,  225.4922,  225.6150,    0.0707,    0.2683,    0.5678,    0.9401,    1.3599,    1.8057,    2.2589,    2.6856,    2.9912,    3.2173,    3.3814,    3.3969,    2.7196,    2.3805,    2.0281,    1.7790,    1.6472,    1.5622,    1.5295,    1.5554,    1.6476,    1.8068,    1.9538,    2.0784,    0.7581,    0.7750,    0.7649,    0.7735,    0.7775,    0.7524,    0.7051,    0.6942,    0.6814,    0.5936,    0.5947,    0.4783,    0.3065,    0.2593,    0.2163,    0.2067,    0.1943,    0.1704,    0.1872,    0.1879,    0.1990,    0.2255,    0.2725,    0.3302,    0.4224,    0.4679,    0.3912,    0.5184,    0.5093,    0.5080,    0.5281,    0.5845,    0.5970,    0.6225,    0.6247,    0.6192,    1.6974,    1.6294,    1.6038,    1.5692,    1.5018,    1.4611,    1.3941,    1.3440,    1.2888,    1.2226,    1.1684,    1.1104,    1.6673,    1.5385,    1.4033,    1.2766,    1.1699,    1.0814,    0.9791,    0.8896,    0.8078,    0.7300,    0.6448,    0.5804,    1.4451,    1.0321,    0.7487,    0.5264,    0.3667,    0.2542,    0.1775,    0.1187,    0.0806,    0.0525,    0.0354,    0.0262,    0.0845,    0.0479,    0.0685,    0.0740,    0.0830,    0.0775,    0.0845,    0.0925,    0.0812,    0.1117,    0.0988,    0.1044,    0.1153,    0.0940,    0.1368,    0.1524,    0.1234,    0.1545,    0.1930,    0.2056,    0.1944,    0.1205,    0.1908,    0.2017,    0.2474,    0.2644,    0.2737,    0.2910,    0.2955,    0.3110,    0.3191,    0.3716,    0.4109,    0.3835,    0.3822,    0.3900,    0.6712,    0.7329,    0.7693,    0.7973,    0.8204,    0.8855,    0.8277,    0.8985,    0.8829,    0.9171,    0.8703,    0.9340,    2.0099,    1.9855,    2.0256,    2.1020,    2.1245,    2.0392,    2.1106,    2.1645,    2.2085,    2.0538,    2.0239,    2.1018,    5.3131,    5.2046,    5.1461,    4.9907,    4.6103,    4.3242,    3.7965,    3.4931,    3.3579,    2.9436,    2.2617,    2.1011,    1.6204,    1.6945,    1.2928,    1.2348,    0.8332,    0.6052,    0.4895,    0.1967,    0.1736,    0.1234,    0.0429,    0.0349,    0.0002,    0.0007,    0.0014,    0.0024,    0.0035,    0.0046,    0.0058,    0.0255,    0.1464,    0.3935,    0.6377,    0.8989,    1.1380,    1.6596,    2.2628,    2.7650,    3.0574,    3.2038,    3.2001,    3.0940,    2.9074,    2.6745,    2.4788,    2.3091,    0.7551,    0.7283,    0.7360,    0.7380,    0.7543,    0.8017,    0.9407,    0.9399,    0.9678,    1.0712,    1.0825,    1.1914,    0.9310,    0.9330,    0.9338,    0.9223,    0.9158,    0.9209,    0.8954,    0.8838,    0.8702,    0.8538,    0.8290,    0.7929,    0.7491,    0.6532,    0.7133,    0.5210,    0.5201,    0.5073,    0.4582,    0.3362,    0.2917,    0.2307,    0.2029,    0.1918,    0.4680,    0.4433,    0.3669,    0.3122,    0.2940,    0.2539,    0.2417,    0.2157,    0.1971,    0.1930,    0.1804,    0.1690,    0.2325,    0.2003,    0.1936,    0.1883,    0.1654,    0.1307,    0.1225,    0.1112,    0.1018,    0.0940,    0.0985,    0.0905,    0.2129,    0.1670,    0.1185,    0.0910,    0.0696,    0.0526,    0.0367,    0.0289,    0.0209,    0.0161,    0.0113,    0.0065,    0.0201,    0.0000,    0.0514,    0.0919,    0.1041,    0.0952,    0.1068,    0.1156,    0.1028,    0.1417,    0.1252,    0.1321,    0.1451,    0.1178,    0.1702,    0.1858,    0.1485,    0.0978,    0.0123,    0.0267,    0.1262,    0.1496,    0.2403,    0.2523,    0.3122,    0.3339,    0.3456,    0.3672,    0.3705,    0.3793,    0.3545,    0.3214,    0.2833,    0.3381,    0.4698,    0.4763,    0.8437,    0.9218,    0.9650,    0.9796,    0.9623,    1.0671,    1.0248,    1.1050,    1.0154,    1.1483,    1.0859,    1.1558,    2.5030,    2.4431,    2.5360,    2.5974,    2.6144,    2.5205,    2.6092,    2.6758,    2.7301,    2.5372,    2.5020,    2.5982,    6.5676,    6.1907,    6.1212,    5.9362,    5.4836,    5.1433,    4.5154,    4.1545,    3.9936,    3.5007,    2.6896,    2.4985,    1.9267,    1.6879,    1.2873,    1.2290,    0.8289,    0.6017,    0.4863,    0.1953,    0.1722,    0.1223,    0.0424,    0.0345
  374,    0.4000,  229.2023,    0.3714,   92.7292,   93.2857,    0.9852,    0.9576,  158.4330,  157.9229,  158.6777,  159.5452,  160.6518,  161.1693,  161.6893,  162.1971,  162.8003,  163.7554,  165.4506,  168.4000,  173.0414,  179.5516,  187.7680,  196.3856,  204.5227,  211.1806,  216.5911,  220.7007,  224.0023,  225.6897,  226.3474,  226.6955,  226.8236,    0.0709,    0.2689,    0.5691,    0.9426,    1.3638,    1.8114,    2.2666,    2.6893,    2.9596,    3.1433,    3.2645,    3.2169,    2.4953,    2.1143,    1.7726,    1.5618,    1.4551,    1.3797,    1.3380,    1.3437,    1.4106,    1.5509,    1.6935,    1.8211,    0.6679,    0.6853,    0.6771,    0.6890,    0.6981,    0.6792,    0.6504,    0.6419,    0.6367,    0.5630,    0.5694,    0.4695,    0.3064,    0.2620,    0.2210,    0.2119,    0.1995,    0.1755,    0.1924,    0.1929,    0.2036,    0.2287,    0.2730,    0.3272,    0.4119,    0.4512,    0.3805,    0.4966,    0.4884,    0.4864,    0.5062,    0.5555,    0.5657,    0.5916,    0.5930,    0.5875,    1.6180,    1.5534,    1.5351,    1.5094,    1.4448,    1.4128,    1.3484,    1.3048,    1.2543,    1.1902,    1.1410,    1.0846,    1.6328,    1.5071,    1.3760,    1.2535,    1.1490,    1.0630,    0.9615,    0.8739,    0.7940,    0.7179,    0.6332,    0.5702,    1.4194,    1.0115,    0.7336,    0.5145,    0.3572,    0.2471,    0.1728,    0.1153,    0.0784,    0.0511,    0.0345,    0.0255,    0.0829,    0.0478,    0.0664,    0.0709,    0.0796,    0.0743,    0.0810,    0.0881,    0.0772,    0.1063,    0.0940,    0.0984,    0.1088,    0.0887,    0.1292,    0.1439,    0.1162,    0.1477,    0.1892,    0.2008,    0.1869,    0.1133,    0.1791,    0.1893,    0.2322,    0.2481,    0.2568,    0.2731,    0.2767,    0.2915,    0.3000,    0.3515,    0.3906,    0.3625,    0.3581,    0.3656,    0.6302,    0.6882,    0.7224,    0.7493,    0.7721,    0.8326,    0.7776,    0.8482,    0.8350,    0.8653,    0.8212,    0.8816,    1.8966,    1.8744,    1.9111,    1.9953,    2.0169,    1.9356,    2.0035,    2.0546,    2.0963,    1.9495,    1.9212,    1.9951,    5.0435,    4.9866,    4.9307,    4.7819,    4.4175,    4.1435,    3.6379,    3.3473,    3.2180,    2.8211,    2.1677,    2.0139,    1.5533,    1.6838,    1.2848,    1.2274,    0.8284,    0.6019,    0.4870,    0.1958,    0.1728,    0.1230,    0.0427,    0.0348,    0.0002,    0.0009,    0.0019,    0.0032,    0.0046,    0.0062,    0.0077,    0.0340,    0.1931,    0.5129,    0.8203,    1.1339,    1.3914,    1.9614,    2.5938,    3.0974,    3.3789,    3.5156,    3.5116,    3.4108,    3.2319,    3.0092,    2.8203,    2.6498,    0.8743,    0.8455,    0.8504,    0.8459,    0.8537,    0.8932,    1.0104,    1.0069,    1.0275,    1.1177,    1.1246,    1.2209,    0.9515,    0.9525,    0.9522,    0.9410,    0.9340,    0.9366,    0.9136,    0.9021,    0.8888,    0.8729,    0.8490,    0.8148,    0.7779,    0.6877,    0.7426,    0.5600,    0.5583,    0.5460,    0.4968,    0.3799,    0.3370,    0.2746,    0.2469,    0.2354,    0.5799,    0.5506,    0.4651,    0.3996,    0.3775,    0.3275,    0.3119,    0.2788,    0.2549,    0.2481,    0.2300,    0.2160,    0.2988,    0.2610,    0.2489,    0.2384,    0.2112,    0.1714,    0.1607,    0.1460,    0.1335,    0.1228,    0.1257,    0.1151,    0.2754,    0.2153,    0.1549,    0.1187,    0.0905,    0.0683,    0.0477,    0.0370,    0.0264,    0.0200,    0.0140,    0.0084,    0.0189,    0.0000,    0.0490,    0.0877,    0.0994,    0.0908,    0.1019,    0.1095,    0.0975,    0.1343,    0.1187,    0.1240,    0.1362,    0.1105,    0.1597,    0.1744,    0.1386,    0.0907,    0.0113,    0.0246,    0.1175,    0.1397,    0.2241,    0.2354,    0.2913,    0.3115,    0.3225,    0.3426,    0.3444,    0.3525,    0.3291,    0.2980,    0.2625,    0.3136,    0.4366,    0.4427,    0.7864,    0.8591,    0.8994,    0.9128,    0.8965,    0.9942,    0.9550,    1.0328,    0.9488,    1.0734,    1.0151,    1.0804,    2.3399,    2.2837,    2.3708,    2.4312,    2.4471,    2.3592,    2.4423,    2.5046,    2.5555,    2.3750,    2.3420,    2.4321,    6.1476,    5.7671,    5.7024,    5.5301,    5.1087,    4.7917,    4.2069,    3.8707,    3.7209,    3.2619,    2.5062,    2.3282,    1.7956,    1.5410,    1.1753,    1.1222,    0.7569,    0.5496,    0.4442,    0.1784,    0.1573,    0.1118,    0.0388,    0.0316
  556,    0.5000,  229.7017,    0.3970,   89.0461,   89.4852,    0.8791,    0.7409,  158.4330,  158.9559,  159.7073,  160.5972,  161.7988,  162.3003,  162.8987,  163.4985,  164.2030,  165.2985,  167.0710,  170.0997,  174.7988,  181.3882,  189.6926,  198.4893,  206.6954,  213.2700,  218.5008,  222.4019,  225.2000,  226.8743,  227.5380,  227.8796,  228.0049,    0.0710,    0.2694,    0.5702,    0.9445,    1.3669,    1.8158,    2.2727,    2.6910,    2.9265,    3.0742,    3.1606,    3.0601,    2.3068,    1.9059,    1.5945,    1.4290,    1.3466,    1.2798,    1.2304,    1.2179,    1.2600,    1.3801,    1.5166,    1.6440,    0.6047,    0.6214,    0.6146,    0.6282,    0.6401,    0.6267,    0.6129,    0.6065,    0.6073,    0.5460,    0.5571,    0.4721,    0.3140,    0.2713,    0.2307,    0.2220,    0.2092,    0.1840,    0.2021,    0.2025,    0.2134,    0.2381,    0.2806,    0.3317,    0.4094,    0.4422,    0.3769,    0.4816,    0.4742,    0.4713,    0.4899,    0.5315,    0.5390,    0.5643,    0.5647,    0.5592,    1.5466,    1.4849,    1.4723,    1.4534,    1.3913,    1.3663,    1.3042,    1.2664,    1.2204,    1.1584,    1.1135,    1.0587,    1.5973,    1.4745,    1.3478,    1.2293,    1.1269,    1.0431,    0.9427,    0.8571,    0.7790,    0.7046,    0.6209,    0.5594,    1.3915,    0.9897,    0.7173,    0.5018,    0.3474,    0.2398,    0.1678,    0.1118,    0.0761,    0.0496,    0.0336,    0.0248,    0.0814,    0.0476,    0.0646,    0.0682,    0.0765,    0.0714,    0.0778,    0.0841,    0.0737,    0.1015,    0.0898,    0.0932,    0.1030,    0.0840,    0.1224,    0.1364,    0.1100,    0.1417,    0.1857,    0.1964,    0.1804,    0.1071,    0.1690,    0.1787,    0.2190,    0.2341,    0.2422,    0.2576,    0.2605,    0.2748,    0.2837,    0.3341,    0.3730,    0.3444,    0.3374,    0.3446,    0.5948,    0.6495,    0.6819,    0.7079,    0.7304,    0.7870,    0.7344,    0.8045,    0.7932,    0.8202,    0.7785,    0.8360,    1.7981,    1.7777,    1.8115,    1.9022,    1.9231,    1.8454,    1.9100,    1.9588,    1.9986,    1.8587,    1.8316,    1.9021,    4.8084,    4.7986,    4.7449,    4.6017,    4.2511,    3.9876,    3.5011,    3.2216,    3.0972,    2.7154,    2.0865,    1.9386,    1.4954,    1.6751,    1.2784,    1.2215,    0.8246,    0.5993,    0.4850,    0.1950,    0.1722,    0.1226,    0.0426,    0.0347,    0.0003,    0.0011,    0.0024,    0.0040,    0.0058,    0.0077,    0.0096,    0.0425,    0.2387,    0.6283,    0.9928,    1.3467,    1.6065,    2.2035,    2.8511,    3.3500,    3.6189,    3.7465,    3.7433,    3.6481,    3.4764,    3.2645,    3.0862,    2.9213,    0.9706,    0.9408,    0.9439,    0.9355,    0.9378,    0.9719,    1.0738,    1.0687,    1.0841,    1.1627,    1.1665,    1.2506,    0.9716,    0.9713,    0.9699,    0.9590,    0.9513,    0.9510,    0.9310,    0.9197,    0.9068,    0.8914,    0.8688,    0.8371,    0.8079,    0.7232,    0.7723,    0.5992,    0.5967,    0.5850,    0.5350,    0.4217,    0.3797,    0.3157,    0.2875,    0.2755,    0.6840,    0.6502,    0.5567,    0.4815,    0.4556,    0.3964,    0.3777,    0.3386,    0.3103,    0.3010,    0.2778,    0.2612,    0.3626,    0.3192,    0.3025,    0.2873,    0.2558,    0.2105,    0.1975,    0.1794,    0.1638,    0.1504,    0.1521,    0.1390,    0.3353,    0.2618,    0.1893,    0.1449,    0.1103,    0.0830,    0.0581,    0.0446,    0.0317,    0.0238,    0.0166,    0.0101,    0.0178,    0.0000,    0.0468,    0.0838,    0.0951,    0.0869,    0.0975,    0.1041,    0.0926,    0.1276,    0.1128,    0.1168,    0.1283,    0.1041,    0.1504,    0.1642,    0.1298,    0.0843,    0.0103,    0.0227,    0.1097,    0.1310,    0.2101,    0.2205,    0.2730,    0.2919,    0.3022,    0.3211,    0.3217,    0.3292,    0.3069,    0.2776,    0.2442,    0.2922,    0.4077,    0.4134,    0.7363,    0.8043,    0.8421,    0.8545,    0.8388,    0.9305,    0.8940,    0.9693,    0.8901,    1.0076,    0.9528,    1.0140,    2.1962,    2.1432,    2.2254,    2.2837,    2.2986,    2.2161,    2.2941,    2.3527,    2.4005,    2.2309,    2.1999,    2.2845,    5.7747,    5.3887,    5.3283,    5.1674,    4.7736,    4.4775,    3.9312,    3.6171,    3.4773,    3.0484,    2.3423,    2.1761,    1.6784,    1.4085,    1.0744,    1.0259,    0.6920,    0.5025,    0.4062,    0.1632,    0.1439,    0.1023,    0.0355,    0.0289
  592,    0.7500,  229.7019,    0.4479,   81.4355,   81.9304,    0.9668,    0.8755,  158.4330,  161.6325,  162.4037,  163.2996,  164.4991,  165.1016,  165.8014,  166.6005,  167.4993,  168.7001,  170.6990,  173.9504,  178.8645,  185.6587,  194.1999,  203.2557,  211.3004,  217.4027,  221.9699,  225.1010,  226.9094,  228.0235,  228.6059,  228.9582,  229.0867,    0.0708,    0.2688,    0.5690,    0.9425,    1.3640,    1.8120,    2.2679,    2.6703,    2.8202,    2.8978,    2.9225,    2.7233,    1.9281,    1.5282,    1.3236,    1.2606,    1.2216,    1.1683,    1.1068,    1.0631,    1.0568,    1.1329,    1.2537,    1.3749,    0.5060,    0.5190,    0.5146,    0.5274,    0.5406,    0.5366,    0.5471,    0.5437,    0.5537,    0.5161,    0.5351,    0.4799,    0.3320,    0.2934,    0.2543,    0.2465,    0.2328,    0.2050,    0.2256,    0.2260,    0.2371,    0.2605,    0.2987,    0.3426,    0.4048,    0.4237,    0.3706,    0.4482,    0.4426,    0.4382,    0.4524,    0.4758,    0.4771,    0.4990,    0.4966,    0.4910,    1.3697,    1.3143,    1.3103,    1.3015,    1.2453,    1.2319,    1.1758,    1.1499,    1.1144,    1.0581,    1.0223,    0.9718,    1.4712,    1.3570,    1.2435,    1.1367,    1.0413,    0.9629,    0.8685,    0.7896,    0.7169,    0.6487,    0.5706,    0.5144,    1.2736,    0.9009,    0.6495,    0.4511,    0.3098,    0.2123,    0.1486,    0.0985,    0.0672,    0.0438,    0.0298,    0.0218,    0.0782,    0.0471,    0.0606,    0.0623,    0.0698,    0.0653,    0.0710,    0.0758,    0.0664,    0.0914,    0.0808,    0.0827,    0.0914,    0.0746,    0.1087,    0.1213,    0.0975,    0.1296,    0.1781,    0.1871,    0.1672,    0.0947,    0.1487,    0.1573,    0.1927,    0.2059,    0.2131,    0.2267,    0.2286,    0.2417,    0.2513,    0.2994,    0.3374,    0.3082,    0.2965,    0.3030,    0.5244,    0.5727,    0.6013,    0.6253,    0.6472,    0.6960,    0.6484,    0.7170,    0.7094,    0.7298,    0.6929,    0.7446,    1.6007,    1.5840,    1.6119,    1.7155,    1.7348,    1.6642,    1.7225,    1.7665,    1.8024,    1.6762,    1.6518,    1.7154,    4.3364,    4.4286,    4.3791,    4.2471,    3.9238,    3.6807,    3.2319,    2.9740,    2.8595,    2.5072,    1.9268,    1.7904,    1.3813,    1.6600,    1.2673,    1.2113,    0.8180,    0.5948,    0.4816,    0.1938,    0.1713,    0.1220,    0.0424,    0.0346,    0.0005,    0.0017,    0.0036,    0.0060,    0.0087,    0.0115,    0.0144,    0.0633,    0.3450,    0.8910,    1.3705,    1.7840,    2.0064,    2.6175,    3.2716,    3.7383,    3.9678,    4.0727,    4.0743,    3.9967,    3.8450,    3.6593,    3.5093,    3.3655,    1.1311,    1.1012,    1.1008,    1.0861,    1.0790,    1.1033,    1.1765,    1.1699,    1.1759,    1.2303,    1.2292,    1.2863,    0.9924,    0.9891,    0.9849,    0.9746,    0.9660,    0.9608,    0.9457,    0.9347,    0.9227,    0.9088,    0.8900,    0.8644,    0.8527,    0.7814,    0.8164,    0.6685,    0.6647,    0.6536,    0.6030,    0.4995,    0.4595,    0.3947,    0.3665,    0.3536,    0.8914,    0.8488,    0.7427,    0.6490,    0.6153,    0.5380,    0.5127,    0.4628,    0.4268,    0.4119,    0.3780,    0.3561,    0.4963,    0.4415,    0.4156,    0.3894,    0.3491,    0.2924,    0.2749,    0.2498,    0.2265,    0.2074,    0.2065,    0.1881,    0.4564,    0.3556,    0.2572,    0.1960,    0.1483,    0.1106,    0.0774,    0.0585,    0.0414,    0.0307,    0.0212,    0.0133,    0.0155,    0.0000,    0.0421,    0.0755,    0.0858,    0.0784,    0.0880,    0.0926,    0.0824,    0.1135,    0.1003,    0.1021,    0.1121,    0.0910,    0.1314,    0.1434,    0.1121,    0.0716,    0.0084,    0.0188,    0.0941,    0.1133,    0.1815,    0.1905,    0.2359,    0.2523,    0.2612,    0.2775,    0.2762,    0.2825,    0.2624,    0.2365,    0.2076,    0.2492,    0.3497,    0.3547,    0.6348,    0.6935,    0.7260,    0.7362,    0.7221,    0.8015,    0.7705,    0.8391,    0.7700,    0.8726,    0.8251,    0.8780,    1.9019,    1.8556,    1.9273,    1.9777,    1.9905,    1.9192,    1.9868,    2.0375,    2.0789,    1.9320,    1.9052,    1.9785,    5.0012,    4.5968,    4.5453,    4.4082,    4.0724,    3.8200,    3.3540,    3.0862,    2.9671,    2.6014,    1.9990,    1.8573,    1.4327,    1.1302,    0.8622,    0.8234,    0.5556,    0.4035,    0.3263,    0.1311,    0.1157,    0.0822,    0.0285,    0.0232
  572,    1.0000,  229.2023,    0.4854,   75.9241,   76.3614,    0.9363,    0.8472,  158.4330,  163.7349,  164.5306,  165.4415,  166.6050,  167.3043,  168.1001,  169.0028,  170.0034,  171.4203,  173.6223,  177.1026,  182.2368,  189.3003,  198.1019,  207.2520,  214.9118,  220.4073,  224.2779,  226.6624,  227.9018,  228.5109,  228.7194,  228.9257,  229.0436,    0.0705,    0.2675,    0.5662,    0.9378,    1.3570,    1.8022,    2.2552,    2.6399,    2.7106,    2.7438,    2.7353,    2.4706,    1.6566,    1.2862,    1.1901,    1.1975,    1.1798,    1.1324,    1.0657,    1.0072,    0.9731,    1.0201,    1.1303,    1.2459,    0.4572,    0.4664,    0.4631,    0.4729,    0.4834,    0.4844,    0.5066,    0.5044,    0.5186,    0.4967,    0.5197,    0.4852,    0.3460,    0.3111,    0.2736,    0.2667,    0.2523,    0.2225,    0.2453,    0.2455,    0.2568,    0.2789,    0.3133,    0.3511,    0.4014,    0.4103,    0.3666,    0.4230,    0.4185,    0.4134,    0.4234,    0.4325,    0.4290,    0.4470,    0.4422,    0.4363,    1.2265,    1.1758,    1.1760,    1.1706,    1.1191,    1.1110,    1.0600,    1.0431,    1.0163,    0.9652,    0.9355,    0.8888,    1.3477,    1.2412,    1.1409,    1.0445,    0.9557,    0.8814,    0.7941,    0.7216,    0.6535,    0.5914,    0.5201,    0.4689,    1.1538,    0.8129,    0.5816,    0.4015,    0.2739,    0.1863,    0.1302,    0.0860,    0.0588,    0.0383,    0.0262,    0.0189,    0.0754,    0.0467,    0.0573,    0.0575,    0.0644,    0.0603,    0.0654,    0.0693,    0.0606,    0.0834,    0.0738,    0.0746,    0.0825,    0.0674,    0.0982,    0.1097,    0.0881,    0.1203,    0.1716,    0.1793,    0.1569,    0.0854,    0.1336,    0.1413,    0.1730,    0.1849,    0.1914,    0.2035,    0.2050,    0.2173,    0.2273,    0.2734,    0.3104,    0.2810,    0.2663,    0.2723,    0.4721,    0.5155,    0.5414,    0.5639,    0.5852,    0.6282,    0.5844,    0.6514,    0.6463,    0.6621,    0.6287,    0.6762,    1.4528,    1.4389,    1.4624,    1.5759,    1.5939,    1.5287,    1.5823,    1.6227,    1.6557,    1.5399,    1.5174,    1.5758,    3.9836,    4.1610,    4.1146,    3.9907,    3.6870,    3.4587,    3.0371,    2.7950,    2.6875,    2.3566,    1.8112,    1.6832,    1.2988,    1.6511,    1.2607,    1.2054,    0.8143,    0.5923,    0.4797,    0.1931,    0.1708,    0.1217,    0.0424,    0.0346,    0.0006,    0.0023,    0.0048,    0.0080,    0.0115,    0.0153,    0.0191,    0.0835,    0.4421,    1.1225,    1.6873,    2.1249,    2.2825,    2.8789,    3.5257,    3.9465,    4.1367,    4.2237,    4.2317,    4.1733,    4.0446,    3.8828,    3.7566,    3.6325,    1.2298,    1.2010,    1.1980,    1.1798,    1.1666,    1.1840,    1.2368,    1.2297,    1.2298,    1.2661,    1.2625,    1.2993,    0.9968,    0.9905,    0.9834,    0.9732,    0.9640,    0.9560,    0.9437,    0.9332,    0.9221,    0.9100,    0.8950,    0.8750,    0.8768,    0.8168,    0.8397,    0.7145,    0.7098,    0.6989,    0.6485,    0.5540,    0.5158,    0.4522,    0.4243,    0.4110,    1.0484,    0.9990,    0.8865,    0.7792,    0.7394,    0.6483,    0.6178,    0.5612,    0.5208,    0.5012,    0.4585,    0.4323,    0.6035,    0.5396,    0.5071,    0.4714,    0.4239,    0.3579,    0.3371,    0.3063,    0.2757,    0.2521,    0.2493,    0.2267,    0.5490,    0.4274,    0.3072,    0.2332,    0.1756,    0.1299,    0.0908,    0.0680,    0.0479,    0.0352,    0.0243,    0.0154,    0.0137,    0.0000,    0.0382,    0.0687,    0.0781,    0.0714,    0.0802,    0.0834,    0.0742,    0.1022,    0.0904,    0.0907,    0.0995,    0.0808,    0.1166,    0.1272,    0.0986,    0.0620,    0.0071,    0.0160,    0.0822,    0.0998,    0.1597,    0.1676,    0.2076,    0.2220,    0.2298,    0.2442,    0.2416,    0.2470,    0.2288,    0.2054,    0.1799,    0.2166,    0.3057,    0.3101,    0.5571,    0.6086,    0.6371,    0.6458,    0.6329,    0.7028,    0.6759,    0.7381,    0.6768,    0.7680,    0.7261,    0.7726,    1.6737,    1.6325,    1.6962,    1.7369,    1.7480,    1.6855,    1.7449,    1.7894,    1.8258,    1.6968,    1.6733,    1.7377,    4.3924,    3.9675,    3.9231,    3.8049,    3.5151,    3.2973,    2.8952,    2.6642,    2.5615,    2.2459,    1.7259,    1.6037,    1.2372,    0.9116,    0.6955,    0.6643,    0.4483,    0.3256,    0.2634,    0.1058,    0.0934,    0.0664,    0.0231,    0.0188
  424,    1.2500,  228.4024,    0.5139,   71.6936,   72.1366,    0.9669,    0.8599,  158.4330,  165.5767,  166.3872,  167.2972,  168.4659,  169.2023,  170.0052,  171.0004,  172.2019,  173.7050,  176.1018,  179.7987,  185.2013,  192.5123,  201.6129,  210.7238,  217.9288,  222.7326,  225.8242,  227.5258,  228.2534,  228.4236,  228.4896,  228.4578,  228.5263,    0.0701,    0.2659,    0.5626,    0.9315,    1.3474,    1.7889,    2.2377,    2.6041,    2.6021,    2.6121,    2.5899,    2.2804,    1.4547,    1.1220,    1.1228,    1.1743,    1.1670,    1.1222,    1.0531,    0.9875,    0.9386,    0.9680,    1.0720,    1.1840,    0.4331,    0.4394,    0.4365,    0.4429,    0.4498,    0.4534,    0.4809,    0.4791,    0.4951,    0.4842,    0.5091,    0.4898,    0.3575,    0.3260,    0.2902,    0.2843,    0.2694,    0.2380,    0.2625,    0.2626,    0.2741,    0.2948,    0.3256,    0.3584,    0.3997,    0.4011,    0.3648,    0.4041,    0.4006,    0.3950,    0.4010,    0.3989,    0.3917,    0.4057,    0.3989,    0.3928,    1.1123,    1.0651,    1.0670,    1.0605,    1.0129,    1.0054,    0.9588,    0.9487,    0.9294,    0.8828,    0.8570,    0.8137,    1.2333,    1.1339,    1.0461,    0.9585,    0.8758,    0.8043,    0.7247,    0.6582,    0.5934,    0.5370,    0.4731,    0.4264,    1.0409,    0.7318,    0.5184,    0.3562,    0.2417,    0.1632,    0.1139,    0.0750,    0.0513,    0.0335,    0.0230,    0.0164,    0.0731,    0.0464,    0.0546,    0.0535,    0.0599,    0.0561,    0.0609,    0.0640,    0.0559,    0.0769,    0.0681,    0.0682,    0.0755,    0.0617,    0.0900,    0.1006,    0.0809,    0.1129,    0.1660,    0.1728,    0.1486,    0.0782,    0.1218,    0.1290,    0.1578,    0.1686,    0.1745,    0.1856,    0.1869,    0.1986,    0.2089,    0.2532,    0.2891,    0.2599,    0.2432,    0.2488,    0.4318,    0.4715,    0.4952,    0.5165,    0.5373,    0.5760,    0.5351,    0.6006,    0.5973,    0.6098,    0.5791,    0.6232,    1.3384,    1.3265,    1.3468,    1.4685,    1.4856,    1.4246,    1.4745,    1.5121,    1.5429,    1.4350,    1.4140,    1.4684,    3.7122,    3.9628,    3.9187,    3.8008,    3.5116,    3.2943,    2.8928,    2.6623,    2.5600,    2.2450,    1.7256,    1.6037,    1.2376,    1.6457,    1.2569,    1.2019,    0.8121,    0.5909,    0.4788,    0.1928,    0.1705,    0.1216,    0.0424,    0.0346,    0.0007,    0.0028,    0.0060,    0.0099,    0.0143,    0.0190,    0.0237,    0.1029,    0.5306,    1.3270,    1.9551,    2.3961,    2.4798,    3.0530,    3.6863,    4.0563,    4.2131,    4.2867,    4.2995,    4.2574,    4.1512,    4.0117,    3.9044,    3.7963,    1.2921,    1.2649,    1.2599,    1.2397,    1.2224,    1.2342,    1.2716,    1.2641,    1.2602,    1.2827,    1.2775,    1.2986,    0.9919,    0.9833,    0.9739,    0.9639,    0.9541,    0.9442,    0.9340,    0.9238,    0.9135,    0.9028,    0.8910,    0.8755,    0.8878,    0.8374,    0.8505,    0.7449,    0.7394,    0.7286,    0.6789,    0.5924,    0.5559,    0.4944,    0.4670,    0.4534,    1.1681,    1.1136,    0.9984,    0.8806,    0.8359,    0.7338,    0.6990,    0.6386,    0.5961,    0.5726,    0.5227,    0.4929,    0.6882,    0.6171,    0.5802,    0.5363,    0.4830,    0.4092,    0.3864,    0.3509,    0.3133,    0.2861,    0.2823,    0.2563,    0.6173,    0.4808,    0.3424,    0.2591,    0.1944,    0.1427,    0.0996,    0.0740,    0.0519,    0.0380,    0.0262,    0.0166,    0.0123,    0.0000,    0.0349,    0.0630,    0.0717,    0.0655,    0.0736,    0.0758,    0.0675,    0.0930,    0.0821,    0.0814,    0.0894,    0.0725,    0.1047,    0.1142,    0.0878,    0.0544,    0.0060,    0.0138,    0.0728,    0.0889,    0.1424,    0.1494,    0.1851,    0.1979,    0.2049,    0.2177,    0.2143,    0.2189,    0.2022,    0.1808,    0.1580,    0.1909,    0.2709,    0.2749,    0.4953,    0.5411,    0.5664,    0.5738,    0.5619,    0.6244,    0.6007,    0.6571,    0.6020,    0.6839,    0.6466,    0.6879,    1.4903,    1.4533,    1.5105,    1.5413,    1.5511,    1.4957,    1.5484,    1.5880,    1.6202,    1.5057,    1.4849,    1.5420,    3.8979,    3.4534,    3.4148,    3.3119,    3.0598,    2.8703,    2.5203,    2.3193,    2.2299,    1.9553,    1.5027,    1.3964,    1.0773,    0.7382,    0.5633,    0.5381,    0.3631,    0.2638,    0.2134,    0.0858,    0.0757,    0.0538,    0.0187,    0.0152
  234,    1.5000,  227.6451,    0.5360,   68.4218,   68.8597,    0.9836,    0.7228,  158.4330,  167.0332,  167.8484,  168.7787,  169.9348,  170.7038,  171.6052,  172.6623,  173.9135,  175.6023,  178.1555,  182.0391,  187.6787,  195.2812,  204.6074,  213.6113,  220.3318,  224.4937,  226.9187,  228.0427,  228.3565,  228.2633,  228.1126,  227.9226,  227.8432,    0.0697,    0.2643,    0.5590,    0.9252,    1.3379,    1.7757,    2.2204,    2.5689,    2.5008,    2.5033,    2.4798,    2.1387,    1.3023,    1.0077,    1.0887,    1.1653,    1.1628,    1.1194,    1.0490,    0.9800,    0.9240,    0.9437,    1.0442,    1.1539,    0.4211,    0.4254,    0.4226,    0.4262,    0.4294,    0.4342,    0.4633,    0.4614,    0.4778,    0.4747,    0.5003,    0.4920,    0.3657,    0.3374,    0.3035,    0.2986,    0.2832,    0.2509,    0.2767,    0.2766,    0.2881,    0.3074,    0.3348,    0.3636,    0.3977,    0.3938,    0.3635,    0.3896,    0.3867,    0.3809,    0.3836,    0.3729,    0.3630,    0.3738,    0.3655,    0.3591,    1.0244,    0.9799,    0.9824,    0.9724,    0.9278,    0.9183,    0.8753,    0.8703,    0.8576,    0.8148,    0.7911,    0.7504,    1.1355,    1.0421,    0.9657,    0.8850,    0.8076,    0.7378,    0.6657,    0.6042,    0.5416,    0.4901,    0.4332,    0.3904,    0.9442,    0.6642,    0.4649,    0.3186,    0.2154,    0.1445,    0.1007,    0.0662,    0.0453,    0.0297,    0.0204,    0.0144,    0.0710,    0.0460,    0.0523,    0.0502,    0.0562,    0.0527,    0.0570,    0.0596,    0.0520,    0.0716,    0.0634,    0.0631,    0.0699,    0.0571,    0.0833,    0.0932,    0.0751,    0.1069,    0.1611,    0.1671,    0.1419,    0.0724,    0.1125,    0.1191,    0.1457,    0.1556,    0.1611,    0.1713,    0.1726,    0.1837,    0.1943,    0.2370,    0.2720,    0.2430,    0.2249,    0.2302,    0.3999,    0.4366,    0.4587,    0.4790,    0.4993,    0.5346,    0.4961,    0.5603,    0.5584,    0.5683,    0.5398,    0.5812,    1.2476,    1.2374,    1.2551,    1.3841,    1.4004,    1.3427,    1.3898,    1.4252,    1.4542,    1.3526,    1.3328,    1.3840,    3.4990,    3.8133,    3.7709,    3.6575,    3.3793,    3.1702,    2.7840,    2.5622,    2.4639,    2.1608,    1.6609,    1.5438,    1.1914,    1.6425,    1.2546,    1.1999,    0.8109,    0.5901,    0.4783,    0.1926,    0.1705,    0.1216,    0.0424,    0.0346,    0.0009,    0.0034,    0.0071,    0.0118,    0.0170,    0.0226,    0.0283,    0.1218,    0.6119,    1.5092,    2.1844,    2.6182,    2.6284,    3.1778,    3.7927,    4.1129,    4.2443,    4.3087,    4.3244,    4.2944,    4.2080,    4.0887,    3.9959,    3.8999,    1.3326,    1.3075,    1.3009,    1.2798,    1.2600,    1.2673,    1.2933,    1.2853,    1.2785,    1.2913,    1.2850,    1.2952,    0.9864,    0.9761,    0.9652,    0.9553,    0.9452,    0.9335,    0.9251,    0.9152,    0.9055,    0.8957,    0.8861,    0.8737,    0.8935,    0.8506,    0.8565,    0.7664,    0.7604,    0.7497,    0.7011,    0.6212,    0.5861,    0.5272,    0.5002,    0.4865,    1.2640,    1.2053,    1.0894,    0.9630,    0.9143,    0.8028,    0.7646,    0.7020,    0.6590,    0.6321,    0.5760,    0.5433,    0.7580,    0.6809,    0.6410,    0.5899,    0.5318,    0.4511,    0.4272,    0.3877,    0.3434,    0.3133,    0.3090,    0.2802,    0.6704,    0.5230,    0.3686,    0.2784,    0.2083,    0.1518,    0.1057,    0.0781,    0.0547,    0.0399,    0.0274,    0.0174,    0.0111,    0.0000,    0.0322,    0.0581,    0.0662,    0.0605,    0.0680,    0.0694,    0.0618,    0.0852,    0.0753,    0.0738,    0.0810,    0.0658,    0.0948,    0.1034,    0.0789,    0.0483,    0.0052,    0.0120,    0.0651,    0.0801,    0.1282,    0.1345,    0.1666,    0.1782,    0.1845,    0.1960,    0.1920,    0.1961,    0.1807,    0.1609,    0.1402,    0.1700,    0.2426,    0.2462,    0.4447,    0.4858,    0.5085,    0.5150,    0.5039,    0.5602,    0.5392,    0.5902,    0.5402,    0.6145,    0.5809,    0.6179,    1.3390,    1.3054,    1.3572,    1.3785,    1.3871,    1.3377,    1.3849,    1.4202,    1.4491,    1.3467,    1.3281,    1.3791,    3.4862,    3.0245,    2.9908,    2.9007,    2.6799,    2.5139,    2.2075,    2.0314,    1.9532,    1.7127,    1.3163,    1.2232,    0.9438,    0.5996,    0.4576,    0.4371,    0.2950,    0.2143,    0.1734,    0.0697,    0.0615,    0.0438,    0.0152,    0.0124
  140,    1.7500,  227.2828,    0.5534,   65.8529,   66.2728,    0.9817,   -0.1493,  158.4330,  168.0987,  168.9119,  169.8452,  171.0191,  171.8082,  172.7252,  173.8367,  175.1644,  176.9413,  179.6152,  183.6513,  189.4572,  197.2257,  206.5864,  215.3743,  221.6818,  225.3951,  227.4401,  228.2603,  228.3559,  228.1037,  227.8913,  227.6864,  227.5757,    0.0694,    0.2632,    0.5566,    0.9211,    1.3317,    1.7672,    2.2094,    2.5419,    2.4137,    2.4163,    2.3964,    2.0333,    1.1878,    0.9270,    1.0665,    1.1545,    1.1542,    1.1116,    1.0405,    0.9699,    0.9108,    0.9257,    1.0233,    1.1303,    0.4119,    0.4151,    0.4122,    0.4136,    0.4137,    0.4185,    0.4465,    0.4441,    0.4598,    0.4624,    0.4872,    0.4874,    0.3681,    0.3432,    0.3119,    0.3079,    0.2926,    0.2600,    0.2863,    0.2859,    0.2971,    0.3145,    0.3383,    0.3628,    0.3911,    0.3838,    0.3585,    0.3751,    0.3725,    0.3667,    0.3674,    0.3516,    0.3403,    0.3493,    0.3401,    0.3338,    0.9588,    0.9165,    0.9196,    0.9063,    0.8641,    0.8521,    0.8119,    0.8109,    0.8034,    0.7634,    0.7409,    0.7025,    1.0611,    0.9726,    0.9051,    0.8295,    0.7562,    0.6880,    0.6218,    0.5642,    0.5029,    0.4551,    0.4037,    0.3638,    0.8728,    0.6149,    0.4261,    0.2916,    0.1969,    0.1314,    0.0914,    0.0601,    0.0411,    0.0271,    0.0186,    0.0130,    0.0692,    0.0457,    0.0502,    0.0474,    0.0530,    0.0497,    0.0538,    0.0559,    0.0488,    0.0672,    0.0594,    0.0589,    0.0652,    0.0533,    0.0778,    0.0872,    0.0703,    0.1018,    0.1566,    0.1621,    0.1361,    0.0678,    0.1049,    0.1111,    0.1358,    0.1451,    0.1502,    0.1598,    0.1612,    0.1718,    0.1825,    0.2236,    0.2577,    0.2291,    0.2102,    0.2152,    0.3741,    0.4085,    0.4292,    0.4486,    0.4685,    0.5010,    0.4645,    0.5277,    0.5268,    0.5348,    0.5080,    0.5472,    1.1743,    1.1653,    1.1811,    1.3167,    1.3324,    1.2773,    1.3221,    1.3558,    1.3834,    1.2867,    1.2679,    1.3166,    3.3286,    3.6990,    3.6579,    3.5480,    3.2781,    3.0754,    2.7008,    2.4857,    2.3904,    2.0964,    1.6115,    1.4979,    1.1561,    1.6407,    1.2533,    1.1988,    0.8103,    0.5897,    0.4781,    0.1926,    0.1705,    0.1216,    0.0424,    0.0347,    0.0010,    0.0039,    0.0083,    0.0137,    0.0198,    0.0263,    0.0328,    0.1406,    0.6890,    1.6731,    2.3823,    2.8073,    2.7528,    3.2813,    3.8706,    4.1456,    4.2595,    4.3183,    4.3364,    4.3153,    4.2456,    4.1436,    4.0606,    3.9720,    1.3611,    1.3381,    1.3301,    1.3090,    1.2879,    1.2913,    1.3079,    1.2992,    1.2903,    1.2963,    1.2891,    1.2925,    0.9829,    0.9717,    0.9598,    0.9500,    0.9396,    0.9271,    0.9196,    0.9099,    0.9006,    0.8914,    0.8830,    0.8723,    0.8965,    0.8591,    0.8604,    0.7820,    0.7754,    0.7647,    0.7178,    0.6442,    0.6107,    0.5549,    0.5288,    0.5151,    1.3474,    1.2854,    1.1698,    1.0366,    0.9848,    0.8656,    0.8243,    0.7599,    0.7162,    0.6862,    0.6246,    0.5894,    0.8226,    0.7403,    0.6974,    0.6393,    0.5770,    0.4907,    0.4655,    0.4224,    0.3721,    0.3391,    0.3340,    0.3026,    0.7212,    0.5629,    0.3941,    0.2973,    0.2219,    0.1608,    0.1120,    0.0822,    0.0574,    0.0417,    0.0287,    0.0182,    0.0101,    0.0000,    0.0298,    0.0539,    0.0615,    0.0561,    0.0631,    0.0640,    0.0570,    0.0785,    0.0694,    0.0674,    0.0740,    0.0600,    0.0866,    0.0944,    0.0715,    0.0433,    0.0046,    0.0106,    0.0588,    0.0726,    0.1163,    0.1220,    0.1512,    0.1617,    0.1674,    0.1779,    0.1735,    0.1770,    0.1628,    0.1444,    0.1255,    0.1527,    0.2191,    0.2223,    0.4023,    0.4395,    0.4600,    0.4657,    0.4553,    0.5064,    0.4877,    0.5338,    0.4882,    0.5560,    0.5256,    0.5590,    1.2114,    1.1808,    1.2280,    1.2403,    1.2480,    1.2036,    1.2460,    1.2778,    1.3038,    1.2116,    1.1949,    1.2409,    3.1367,    2.6610,    2.6313,    2.5521,    2.3578,    2.2118,    1.9422,    1.7874,    1.7186,    1.5070,    1.1583,    1.0764,    0.8306,    0.4882,    0.3725,    0.3559,    0.2402,    0.1745,    0.1412,    0.0568,    0.0501,    0.0357,    0.0124,    0.0101
  128,    2.0000,  227.0617,    0.5673,   64.1429,   64.2046,    0.6412,   -0.9819,  158.4330,  169.1959,  170.0188,  170.9608,  172.1219,  172.9285,  173.9045,  175.0698,  176.4713,  178.3598,  181.1942,  185.4296,  191.4665,  199.4839,  208.9501,  217.5532,  223.4112,  226.6266,  228.2095,  228.6712,  228.5317,  228.1354,  227.8932,  227.5493,  227.3998,    0.0692,    0.2624,    0.5548,    0.9181,    1.3273,    1.7612,    2.2017,    2.5192,    2.3357,    2.3499,    2.3400,    1.9594,    1.1003,    0.8708,    1.0597,    1.1554,    1.1568,    1.1149,    1.0430,    0.9712,    0.9101,    0.9225,    1.0194,    1.1258,    0.4100,    0.4124,    0.4094,    0.4092,    0.4069,    0.4116,    0.4383,    0.4354,    0.4504,    0.4573,    0.4818,    0.4883,    0.3735,    0.3510,    0.3216,    0.3185,    0.3030,    0.2699,    0.2970,    0.2965,    0.3076,    0.3237,    0.3448,    0.3663,    0.3902,    0.3802,    0.3586,    0.3674,    0.3650,    0.3592,    0.3580,    0.3375,    0.3249,    0.3322,    0.3222,    0.3157,    0.9134,    0.8726,    0.8758,    0.8575,    0.8170,    0.8008,    0.7629,    0.7653,    0.7628,    0.7251,    0.7026,    0.6659,    1.0026,    0.9179,    0.8587,    0.7867,    0.7167,    0.6485,    0.5882,    0.5335,    0.4721,    0.4275,    0.3814,    0.3437,    0.8166,    0.5781,    0.3957,    0.2711,    0.1832,    0.1217,    0.0846,    0.0556,    0.0382,    0.0252,    0.0174,    0.0120,    0.0675,    0.0454,    0.0485,    0.0450,    0.0503,    0.0472,    0.0510,    0.0528,    0.0461,    0.0634,    0.0561,    0.0554,    0.0614,    0.0501,    0.0733,    0.0821,    0.0664,    0.0976,    0.1526,    0.1577,    0.1313,    0.0639,    0.0986,    0.1045,    0.1277,    0.1364,    0.1412,    0.1502,    0.1518,    0.1620,    0.1728,    0.2126,    0.2458,    0.2176,    0.1981,    0.2029,    0.3530,    0.3854,    0.4050,    0.4237,    0.4432,    0.4735,    0.4386,    0.5010,    0.5008,    0.5073,    0.4820,    0.5194,    1.1143,    1.1062,    1.1204,    1.2622,    1.2773,    1.2244,    1.2673,    1.2996,    1.3261,    1.2334,    1.2153,    1.2621,    3.1907,    3.6107,    3.5707,    3.4634,    3.2000,    3.0022,    2.6365,    2.4266,    2.3337,    2.0467,    1.5734,    1.4625,    1.1289,    1.6396,    1.2526,    1.1982,    0.8100,    0.5896,    0.4780,    0.1926,    0.1705,    0.1217,    0.0424,    0.0347,    0.0012,    0.0045,    0.0094,    0.0156,    0.0225,    0.0299,    0.0374,    0.1593,    0.7620,    1.8260,    2.5619,    2.9754,    2.8596,    3.3705,    3.9347,    4.1729,    4.2750,    4.3304,    4.3502,    4.3356,    4.2788,    4.1916,    4.1167,    4.0343,    1.3859,    1.3648,    1.3559,    1.3352,    1.3136,    1.3138,    1.3233,    1.3140,    1.3035,    1.3041,    1.2959,    1.2935,    0.9825,    0.9707,    0.9583,    0.9485,    0.9380,    0.9249,    0.9180,    0.9084,    0.8992,    0.8904,    0.8828,    0.8735,    0.9020,    0.8694,    0.8668,    0.7986,    0.7915,    0.7808,    0.7354,    0.6669,    0.6346,    0.5813,    0.5558,    0.5420,    1.4264,    1.3612,    1.2459,    1.1061,    1.0511,    0.9242,    0.8801,    0.8145,    0.7710,    0.7382,    0.6713,    0.6337,    0.8841,    0.7967,    0.7518,    0.6873,    0.6208,    0.5283,    0.5025,    0.4559,    0.3991,    0.3636,    0.3583,    0.3245,    0.7693,    0.6019,    0.4183,    0.3155,    0.2353,    0.1698,    0.1182,    0.0864,    0.0603,    0.0437,    0.0300,    0.0191,    0.0092,    0.0000,    0.0277,    0.0502,    0.0573,    0.0523,    0.0589,    0.0593,    0.0528,    0.0727,    0.0643,    0.0620,    0.0679,    0.0551,    0.0795,    0.0866,    0.0652,    0.0390,    0.0040,    0.0093,    0.0533,    0.0663,    0.1062,    0.1114,    0.1381,    0.1477,    0.1529,    0.1624,    0.1577,    0.1608,    0.1475,    0.1303,    0.1130,    0.1379,    0.1990,    0.2020,    0.3662,    0.4000,    0.4187,    0.4236,    0.4139,    0.4606,    0.4437,    0.4854,    0.4436,    0.5058,    0.4781,    0.5085,    1.1019,    1.0739,    1.1172,    1.1212,    1.1281,    1.0880,    1.1264,    1.1551,    1.1786,    1.0953,    1.0802,    1.1217,    2.8355,    2.3491,    2.3229,    2.2530,    2.0815,    1.9527,    1.7147,    1.5780,    1.5173,    1.3305,    1.0226,    0.9504,    0.7333,    0.3981,    0.3038,    0.2903,    0.1959,    0.1424,    0.1152,    0.0463,    0.0409,    0.0291,    0.0101,    0.0082
