Particle       ,data/QEXT_96IR_84_VIS_dust1.5
Ncase          ,  14
dt (sols)      ,  0.020833
Qext 0.67um    ,  2.528000
Alb sfc        ,  0.220000
Conrath nu     ,  0.002000
Sun Flux (W/m2),148.393084
BWN IR (cm-1)  ,     10.0000,     34.1670,     58.3330,     82.5000,    106.6670,    130.8330,    155.0000,    179.1670,    203.3330,    227.5000,    251.6670,    275.8330,    300.0000,    320.7880,    341.5750,    362.3630,    383.1500,    403.9380,    424.7250,    445.5130,    466.3010,    487.0880,    507.8760,    528.6630,    549.4510,    556.7420,    564.0330,    571.3240,    578.6150,    585.9060,    593.1970,    600.4880,    607.7790,    615.0700,    622.3610,    629.6520,    636.9430,    642.5500,    648.1570,    653.7640,    659.3700,    664.9770,    670.5840,    676.1910,    681.7980,    687.4050,    693.0110,    698.6180,    704.2250,    710.1390,    716.0530,    721.9670,    727.8810,    733.7950,    739.7090,    745.6240,    751.5380,    757.4520,    763.3660,    769.2800,    775.1940,    791.5010,    807.8070,    824.1140,    840.4210,    856.7270,    873.0340,    889.3410,    905.6470,    921.9540,    938.2610,    954.5670,    970.8740,    996.8050,   1022.7370,   1048.6680,   1074.6000,   1100.5310,   1126.4630,   1152.3940,   1178.3250,   1204.2570,   1230.1880,   1256.1200,   1282.0510,   1360.3990,   1438.7460,   1517.0940,   1595.4410,   1673.7890,   1752.1370,   1830.4840,   1908.8320,   1987.1790,   2065.5270,   2143.8740,   2222.2220
BWN VIS (cm-1) ,   2222.2200,   2294.3160,   2366.4120,   2438.5080,   2510.6030,   2582.6990,   2654.7950,   2726.8910,   2798.9870,   2871.0820,   2943.1780,   3015.2740,   3087.3700,   3165.9750,   3244.5800,   3323.1850,   3401.7900,   3480.3950,   3559.0000,   3637.6050,   3716.2100,   3794.8150,   3873.4200,   3952.0250,   4030.6300,   4142.2920,   4253.9530,   4365.6150,   4477.2770,   4588.9380,   4700.6000,   4812.2620,   4923.9230,   5035.5850,   5147.2470,   5258.9080,   5370.5700,   5560.6150,   5750.6600,   5940.7050,   6130.7500,   6320.7950,   6510.8400,   6700.8850,   6890.9300,   7080.9750,   7271.0200,   7461.0650,   7651.1100,   8055.1840,   8459.2580,   8863.3330,   9267.4070,   9671.4810,  10075.5550,  10479.6290,  10883.7030,  11287.7780,  11691.8520,  12095.9260,  12500.0000,  13541.6670,  14583.3330,  15625.0000,  16666.6670,  17708.3330,  18750.0000,  19791.6670,  20833.3330,  21875.0000,  22916.6670,  23958.3330,  25000.0000,  26388.8890,  27777.7780,  29166.6670,  30555.5570,  31944.4460,  33333.3350,  34722.2240,  36111.1130,  37500.0030,  38888.8920,  40277.7810,  41666.6700
================
wavelenght [um],    0.244068,    0.252632,    0.261818,    0.271698,    0.282353,    0.293878,    0.306383,    0.320000,    0.334884,    0.351220,    0.369231,    0.389189,    0.408511,    0.426667,    0.446512,    0.468293,    0.492308,    0.518919,    0.548571,    0.581818,    0.619355,    0.662069,    0.711111,    0.768000,    0.813143,    0.840768,    0.870336,    0.902060,    0.936184,    0.972991,    1.012810,    1.056028,    1.103099,    1.154562,    1.211061,    1.273375,    1.323436,    1.357581,    1.393534,    1.431444,    1.471474,    1.513807,    1.558648,    1.606226,    1.656801,    1.710664,    1.768147,    1.829628,    1.881560,    1.921939,    1.964090,    2.008131,    2.054193,    2.102417,    2.152960,    2.205992,    2.261704,    2.320302,    2.382017,    2.447105,    2.505432,    2.555765,    2.608162,    2.662752,    2.719677,    2.779088,    2.841153,    2.906054,    2.973989,    3.045176,    3.119855,    3.198288,    3.277268,    3.356577,    3.439819,    3.527294,    3.619334,    3.716307,    3.818620,    3.926726,    4.041130,    4.162400,    4.291175,    4.428172,    4.580751,    4.751270,    4.934974,    5.133456,    5.348572,    5.582505,    5.837838,    6.117648,    6.425631,    6.766266,    7.145039,    7.568734,    7.879690,    8.044056,    8.215425,    8.394255,    8.581043,    8.776330,    8.980716,    9.194848,    9.419442,    9.655282,    9.903235,   10.164260,   10.387231,   10.566200,   10.751445,   10.943308,   11.142136,   11.348323,   11.562291,   11.784476,   12.015368,   12.255495,   12.505409,   12.765727,   12.949392,   13.049328,   13.150818,   13.253898,   13.358608,   13.464994,   13.573088,   13.682923,   13.794549,   13.908012,   14.023357,   14.140631,   14.256763,   14.371646,   14.488386,   14.607038,   14.727660,   14.850291,   14.974981,   15.101782,   15.230738,   15.361915,   15.495384,   15.631191,   15.790367,   15.974275,   16.162517,   16.355249,   16.552633,   16.754839,   16.962047,   17.174443,   17.392227,   17.615605,   17.844795,   18.080028,   18.550914,   19.294981,   20.101230,   20.977796,   21.934298,   22.982219,   24.135264,   25.410119,   26.827165,   28.411593,   30.194923,   32.217118,   34.732292,   37.914692,   41.739101,   46.421699,   52.287582,   59.850314,   69.970927,   84.210526,  105.726686,  142.012170,  216.216216,  452.826771
Qext           ,      2.1930,      2.2550,      2.2550,      2.2550,      2.2550,      2.2550,      2.2550,      2.2550,      2.2550,      2.3190,      2.3190,      2.3190,      2.3190,      2.3190,      2.3190,      2.3840,      2.3840,      2.3840,      2.3840,      2.4560,      2.4560,      2.5280,      2.5280,      2.5980,      2.5980,      2.5980,      2.6620,      2.6620,      2.6620,      2.7160,      2.7160,      2.7610,      2.7610,      2.7970,      2.7970,      2.8220,      2.8220,      2.8350,      2.8350,      2.8350,      2.8370,      2.8370,      2.8310,      2.8310,      2.8170,      2.8170,      2.7930,      2.7930,      2.7650,      2.7650,      2.7260,      2.7260,      2.6860,      2.6860,      2.6410,      2.6410,      2.5900,      2.5900,      2.5330,      2.5330,      2.4690,      2.3950,      2.3950,      2.2940,      2.2940,      2.2080,      2.2080,      2.1970,      2.1980,      2.1980,      2.1850,      2.1500,      2.1010,      2.0450,      2.0450,      1.9830,      1.9220,      1.8600,      1.8000,      1.7410,      1.6590,      1.5780,      1.5260,      1.4490,      1.3740,      1.3040,      1.2140,      1.1330,      1.0530,      0.9580,      0.8690,      0.7830,      0.6850,      0.5640,      0.4240,      0.2670,      0.2150,      0.3230,      0.5970,      0.8690,      1.1130,      1.2610,      1.3620,      1.4560,      1.4310,      1.3870,      1.3300,      1.2290,      1.1280,      1.0350,      0.9580,      0.8990,      0.8600,      0.8180,      0.7260,      0.6320,      0.5410,      0.4880,      0.4740,      0.4360,      0.4210,      0.4220,      0.4230,      0.4240,      0.4250,      0.4260,      0.4270,      0.4280,      0.4290,      0.4300,      0.4310,      0.4320,      0.4330,      0.4340,      0.4350,      0.4360,      0.4370,      0.4380,      0.4390,      0.4400,      0.4410,      0.4420,      0.4440,      0.4450,      0.4460,      0.4480,      0.4490,      0.4510,      0.4530,      0.4550,      0.4570,      0.4580,      0.4600,      0.4630,      0.4660,      0.4900,      0.5500,      0.5680,      0.5750,      0.5920,      0.5560,      0.5140,      0.4820,      0.4210,      0.3560,      0.3170,      0.3060,      0.3000,      0.2930,      0.2500,      0.1640,      0.0820,      0.0480,      0.0250,      0.0160,      0.0100,      0.0040,      0.0000,      0.0000,      0.0000
Qscat          ,      1.3460,      1.5090,      1.5090,      1.5090,      1.5090,      1.5090,      1.5090,      1.5090,      1.5090,      1.7560,      1.7560,      1.7560,      1.7560,      1.7560,      1.7560,      2.0290,      2.0290,      2.0290,      2.0290,      2.3380,      2.3380,      2.4670,      2.4670,      2.5360,      2.5360,      2.5360,      2.5930,      2.5930,      2.5930,      2.6350,      2.6350,      2.6860,      2.6860,      2.7160,      2.7160,      2.7380,      2.7380,      2.7500,      2.7500,      2.7500,      2.7540,      2.7540,      2.7470,      2.7470,      2.7290,      2.7290,      2.7050,      2.7050,      2.6740,      2.6740,      2.6360,      2.6360,      2.5950,      2.5950,      2.5540,      2.5540,      2.5060,      2.5060,      2.4470,      2.4470,      2.3800,      2.2980,      2.2980,      2.1520,      2.1520,      1.7900,      1.7900,      1.7120,      1.7360,      1.7360,      1.7930,      1.8430,      1.8590,      1.8610,      1.8610,      1.8290,      1.7940,      1.7450,      1.6910,      1.6360,      1.5540,      1.4790,      1.4300,      1.3550,      1.2800,      1.2080,      1.1140,      1.0310,      0.9500,      0.8530,      0.7630,      0.6770,      0.5790,      0.4600,      0.3230,      0.1690,      0.0620,      0.0380,      0.0710,      0.1300,      0.1950,      0.2450,      0.2880,      0.3470,      0.3790,      0.3930,      0.4160,      0.4280,      0.4290,      0.4180,      0.4020,      0.3860,      0.3760,      0.3790,      0.3870,      0.3740,      0.3300,      0.2820,      0.2480,      0.2260,      0.2170,      0.2140,      0.2090,      0.2050,      0.2020,      0.1990,      0.1950,      0.1920,      0.1890,      0.1860,      0.1830,      0.1780,      0.1730,      0.1700,      0.1670,      0.1640,      0.1610,      0.1560,      0.1520,      0.1480,      0.1450,      0.1410,      0.1360,      0.1330,      0.1280,      0.1220,      0.1160,      0.1090,      0.1030,      0.0970,      0.0910,      0.0840,      0.0770,      0.0690,      0.0630,      0.0630,      0.0680,      0.0720,      0.0730,      0.0780,      0.0780,      0.0740,      0.0720,      0.0670,      0.0570,      0.0470,      0.0390,      0.0340,      0.0310,      0.0290,      0.0250,      0.0180,      0.0130,      0.0060,      0.0030,      0.0010,      0.0000,      0.0000,      0.0000,      0.0000
G factor       ,    0.9090,    0.8710,    0.8710,    0.8710,    0.8710,    0.8710,    0.8710,    0.8710,    0.8710,    0.8220,    0.8220,    0.8220,    0.8220,    0.8220,    0.8220,    0.7720,    0.7720,    0.7720,    0.7720,    0.7240,    0.7240,    0.7060,    0.7060,    0.6970,    0.6970,    0.6970,    0.6920,    0.6920,    0.6920,    0.6900,    0.6900,    0.6860,    0.6860,    0.6840,    0.6840,    0.6820,    0.6820,    0.6810,    0.6810,    0.6810,    0.6790,    0.6790,    0.6770,    0.6770,    0.6750,    0.6750,    0.6730,    0.6730,    0.6700,    0.6700,    0.6660,    0.6660,    0.6620,    0.6620,    0.6580,    0.6580,    0.6530,    0.6530,    0.6490,    0.6490,    0.6440,    0.6410,    0.6410,    0.6420,    0.6420,    0.6570,    0.6570,    0.6510,    0.6370,    0.6370,    0.6210,    0.6050,    0.5920,    0.5800,    0.5800,    0.5710,    0.5610,    0.5530,    0.5450,    0.5380,    0.5260,    0.5140,    0.5070,    0.4950,    0.4840,    0.4730,    0.4580,    0.4440,    0.4290,    0.4120,    0.3950,    0.3790,    0.3590,    0.3380,    0.3130,    0.2850,    0.2670,    0.2600,    0.2520,    0.2480,    0.2450,    0.2420,    0.2370,    0.2320,    0.2300,    0.2280,    0.2260,    0.2240,    0.2200,    0.2150,    0.2080,    0.2020,    0.1970,    0.1920,    0.1850,    0.1780,    0.1690,    0.1610,    0.1560,    0.1490,    0.1460,    0.1450,    0.1430,    0.1410,    0.1400,    0.1380,    0.1370,    0.1360,    0.1340,    0.1330,    0.1310,    0.1290,    0.1270,    0.1260,    0.1250,    0.1230,    0.1220,    0.1200,    0.1180,    0.1160,    0.1150,    0.1130,    0.1110,    0.1100,    0.1080,    0.1050,    0.1020,    0.0990,    0.0970,    0.0940,    0.0910,    0.0880,    0.0850,    0.0820,    0.0790,    0.0770,    0.0730,    0.0690,    0.0640,    0.0600,    0.0570,    0.0530,    0.0490,    0.0460,    0.0420,    0.0380,    0.0330,    0.0290,    0.0250,    0.0230,    0.0220,    0.0190,    0.0150,    0.0100,    0.0070,    0.0050,    0.0030,    0.0010,    0.0010,    0.0010
================
P [mbar]       ,    0.1004,    0.1015,    0.1034,    0.1069,    0.1130,    0.1239,    0.1432,    0.1740,    0.2226,    0.3028,    0.4349,    0.6529,    1.0121,    1.6044,    2.4646,    3.4606,    4.3994,    5.2226,    5.8426,    6.2132,    6.3980,    6.4686,    6.5039,    6.5168
Temp initial[K],  155.0000,  155.0000,  155.0000,  155.0000,  155.0000,  155.0000,  155.0000,  155.0000,  155.0000,  155.0000,  155.0000,  155.0000,  158.8233,  165.4041,  173.2716,  181.4436,  190.2788,  198.8130,  204.5783,  207.8249,  209.4219,  210.0497,  210.3719,  210.4891
================
it   ,   tau    ,  Tsfc    ,   alb    ,   OLR    ,    ASR   ,  NET top ,  NET bot , T lev  01, T lev  02, T lev  03, T lev  04, T lev  05, T lev  06, T lev  07, T lev  08, T lev  09, T lev  10, T lev  11, T lev  12, T lev  13, T lev  14, T lev  15, T lev  16, T lev  17, T lev  18, T lev  19, T lev  20, T lev  21, T lev  22, T lev  23, T lev  24, T lev  25,  OLR IR01,  OLR IR02,  OLR IR03,  OLR IR04,  OLR IR05,  OLR IR06,  OLR IR07,  OLR IR08,  OLR IR09,  OLR IR10,  OLR IR11,  OLR IR12,  OLR IR13,  OLR IR14,  OLR IR15,  OLR IR16,  OLR IR17,  OLR IR18,  OLR IR19,  OLR IR20,  OLR IR21,  OLR IR22,  OLR IR23,  OLR IR24,  OLR IR25,  OLR IR26,  OLR IR27,  OLR IR28,  OLR IR29,  OLR IR30,  OLR IR31,  OLR IR32,  OLR IR33,  OLR IR34,  OLR IR35,  OLR IR36,  OLR IR37,  OLR IR38,  OLR IR39,  OLR IR40,  OLR IR41,  OLR IR42,  OLR IR43,  OLR IR44,  OLR IR45,  OLR IR46,  OLR IR47,  OLR IR48,  OLR IR49,  OLR IR50,  OLR IR51,  OLR IR52,  OLR IR53,  OLR IR54,  OLR IR55,  OLR IR56,  OLR IR57,  OLR IR58,  OLR IR59,  OLR IR60,  OLR IR61,  OLR IR62,  OLR IR63,  OLR IR64,  OLR IR65,  OLR IR66,  OLR IR67,  OLR IR68,  OLR IR69,  OLR IR70,  OLR IR71,  OLR IR72,  OLR IR73,  OLR IR74,  OLR IR75,  OLR IR76,  OLR IR77,  OLR IR78,  OLR IR79,  OLR IR80,  OLR IR81,  OLR IR82,  OLR IR83,  OLR IR84,  OLR IR85,  OLR IR86,  OLR IR87,  OLR IR88,  OLR IR89,  OLR IR90,  OLR IR91,  OLR IR92,  OLR IR93,  OLR IR94,  OLR IR95,  OLR IR96, ASR VIS01, ASR VIS02, ASR VIS03, ASR VIS04, ASR VIS05, ASR VIS06, ASR VIS07, ASR VIS08, ASR VIS09, ASR VIS10, ASR VIS11, ASR VIS12, ASR VIS13, ASR VIS14, ASR VIS15, ASR VIS16, ASR VIS17, ASR VIS18, ASR VIS19, ASR VIS20, ASR VIS21, ASR VIS22, ASR VIS23, ASR VIS24, ASR VIS25, ASR VIS26, ASR VIS27, ASR VIS28, ASR VIS29, ASR VIS30, ASR VIS31, ASR VIS32, ASR VIS33, ASR VIS34, ASR VIS35, ASR VIS36, ASR VIS37, ASR VIS38, ASR VIS39, ASR VIS40, ASR VIS41, ASR VIS42, ASR VIS43, ASR VIS44, ASR VIS45, ASR VIS46, ASR VIS47, ASR VIS48, ASR VIS49, ASR VIS50, ASR VIS51, ASR VIS52, ASR VIS53, ASR VIS54, ASR VIS55, ASR VIS56, ASR VIS57, ASR VIS58, ASR VIS59, ASR VIS60, ASR VIS61, ASR VIS62, ASR VIS63, ASR VIS64, ASR VIS65, ASR VIS66, ASR VIS67, ASR VIS68, ASR VIS69, ASR VIS70, ASR VIS71, ASR VIS72, ASR VIS73, ASR VIS74, ASR VIS75, ASR VIS76, ASR VIS77, ASR VIS78, ASR VIS79, ASR VIS80, ASR VIS81, ASR VIS82, ASR VIS83, ASR VIS84, SFC DIR01, SFC DIR02, SFC DIR03, SFC DIR04, SFC DIR05, SFC DIR06, SFC DIR07, SFC DIR08, SFC DIR09, SFC DIR10, SFC DIR11, SFC DIR12, SFC DIR13, SFC DIR14, SFC DIR15, SFC DIR16, SFC DIR17, SFC DIR18, SFC DIR19, SFC DIR20, SFC DIR21, SFC DIR22, SFC DIR23, SFC DIR24, SFC DIR25, SFC DIR26, SFC DIR27, SFC DIR28, SFC DIR29, SFC DIR30, SFC DIR31, SFC DIR32, SFC DIR33, SFC DIR34, SFC DIR35, SFC DIR36, SFC DIR37, SFC DIR38, SFC DIR39, SFC DIR40, SFC DIR41, SFC DIR42, SFC DIR43, SFC DIR44, SFC DIR45, SFC DIR46, SFC DIR47, SFC DIR48, SFC DIR49, SFC DIR50, SFC DIR51, SFC DIR52, SFC DIR53, SFC DIR54, SFC DIR55, SFC DIR56, SFC DIR57, SFC DIR58, SFC DIR59, SFC DIR60, SFC DIR61, SFC DIR62, SFC DIR63, SFC DIR64, SFC DIR65, SFC DIR66, SFC DIR67, SFC DIR68, SFC DIR69, SFC DIR70, SFC DIR71, SFC DIR72, SFC DIR73, SFC DIR74, SFC DIR75, SFC DIR76, SFC DIR77, SFC DIR78, SFC DIR79, SFC DIR80, SFC DIR81, SFC DIR82, SFC DIR83, SFC DIR84, SFC DIR85, SFC DIR86, SFC DIR87, SFC DIR88, SFC DIR89, SFC DIR90, SFC DIR91, SFC DIR92, SFC DIR93, SFC DIR94, SFC DIR95, SFC DIR96,SFC DVIS01,SFC DVIS02,SFC DVIS03,SFC DVIS04,SFC DVIS05,SFC DVIS06,SFC DVIS07,SFC DVIS08,SFC DVIS09,SFC DVIS10,SFC DVIS11,SFC DVIS12,SFC DVIS13,SFC DVIS14,SFC DVIS15,SFC DVIS16,SFC DVIS17,SFC DVIS18,SFC DVIS19,SFC DVIS20,SFC DVIS21,SFC DVIS22,SFC DVIS23,SFC DVIS24,SFC DVIS25,SFC DVIS26,SFC DVIS27,SFC DVIS28,SFC DVIS29,SFC DVIS30,SFC DVIS31,SFC DVIS32,SFC DVIS33,SFC DVIS34,SFC DVIS35,SFC DVIS36,SFC DVIS37,SFC DVIS38,SFC DVIS39,SFC DVIS40,SFC DVIS41,SFC DVIS42,SFC DVIS43,SFC DVIS44,SFC DVIS45,SFC DVIS46,SFC DVIS47,SFC DVIS48,SFC DVIS49,SFC DVIS50,SFC DVIS51,SFC DVIS52,SFC DVIS53,SFC DVIS54,SFC DVIS55,SFC DVIS56,SFC DVIS57,SFC DVIS58,SFC DVIS59,SFC DVIS60,SFC DVIS61,SFC DVIS62,SFC DVIS63,SFC DVIS64,SFC DVIS65,SFC DVIS66,SFC DVIS67,SFC DVIS68,SFC DVIS69,SFC DVIS70,SFC DVIS71,SFC DVIS72,SFC DVIS73,SFC DVIS74,SFC DVIS75,SFC DVIS76,SFC DVIS77,SFC DVIS78,SFC DVIS79,SFC DVIS80,SFC DVIS81,SFC DVIS82,SFC DVIS83,SFC DVIS84
 1007,    0.0000,  218.8983,    0.2194,  117.0969,  115.8380,   -0.8625,   -0.7595,  158.4330,  155.0000,  155.0000,  155.0000,  155.0000,  155.0000,  155.0000,  155.0000,  155.0000,  155.0000,  155.0000,  155.0000,  155.0000,  158.8202,  165.3996,  173.2672,  181.4393,  190.2764,  198.8104,  204.5754,  207.8212,  209.4182,  210.0462,  210.3680,  210.4855,    0.0676,    0.2556,    0.5389,    0.8888,    1.2804,    1.6928,    2.1082,    2.5121,    2.8933,    3.2429,    3.5544,    3.8241,    3.4712,    3.6087,    3.7179,    3.7987,    3.8530,    3.8815,    3.8866,    3.8696,    3.8324,    3.7775,    3.7019,    3.5964,    1.2424,    1.2267,    1.2047,    1.1662,    1.1137,    1.0481,    0.8756,    0.8393,    0.7711,    0.6138,    0.5638,    0.3590,    0.1995,    0.1649,    0.1438,    0.1375,    0.1329,    0.1277,    0.1258,    0.1235,    0.1245,    0.1364,    0.1735,    0.2440,    0.3730,    0.4452,    0.3502,    0.5089,    0.4971,    0.5051,    0.5244,    0.6000,    0.6202,    0.6335,    0.6351,    0.6285,    1.6842,    1.6087,    1.5504,    1.4822,    1.4116,    1.3421,    1.2748,    1.2087,    1.1452,    1.0819,    1.0194,    0.9639,    1.4270,    1.3066,    1.1824,    1.0659,    0.9702,    0.8860,    0.8005,    0.7221,    0.6504,    0.5836,    0.5141,    0.4584,    1.1328,    0.8012,    0.5722,    0.3992,    0.2764,    0.1901,    0.1299,    0.0861,    0.0569,    0.0365,    0.0240,    0.0175,    0.0899,    0.0485,    0.0757,    0.0853,    0.0957,    0.0892,    0.0975,    0.1095,    0.0962,    0.1325,    0.1172,    0.1283,    0.1417,    0.1155,    0.1679,    0.1865,    0.1530,    0.1811,    0.2062,    0.2231,    0.2234,    0.1500,    0.2398,    0.2531,    0.3109,    0.3324,    0.3440,    0.3658,    0.3756,    0.3936,    0.3989,    0.4549,    0.4935,    0.4704,    0.4844,    0.4940,    0.8433,    0.9209,    0.9662,    0.9986,    1.0221,    1.1068,    1.0376,    1.1056,    1.0799,    1.1314,    1.0731,    1.1504,    2.4777,    2.4439,    2.4989,    2.5383,    2.5642,    2.4625,    2.5489,    2.6139,    2.6670,    2.4800,    2.4441,    2.5380,    6.4157,    6.1123,    6.0433,    5.8603,    5.4132,    5.0767,    4.4565,    4.0997,    3.9404,    3.4535,    2.6528,    2.4637,    1.8993,    1.7458,    1.3311,    1.2705,    0.8565,    0.6215,    0.5021,    0.2015,    0.1776,    0.1261,    0.0437,    0.0355,    0.0000,    0.0000,    0.0000,    0.0000,    0.0000,    0.0000,    0.0000,    0.0000,    0.0000,    0.0000,    0.0000,    0.0000,    0.0000,    0.0000,    0.0000,    0.0000,    0.0000,    0.0000,    0.0000,    0.0001,    0.0002,    0.0007,    0.0108,    0.0490,    0.0110,    0.0180,    0.0344,    0.0771,    0.1397,    0.2137,    0.4309,    0.4495,    0.5119,    0.6671,    0.7005,    0.8672,    0.6959,    0.7036,    0.7106,    0.6982,    0.6956,    0.7186,    0.6761,    0.6645,    0.6491,    0.6306,    0.6025,    0.5551,    0.4721,    0.3712,    0.4491,    0.2585,    0.2602,    0.2432,    0.2110,    0.1067,    0.0696,    0.0377,    0.0207,    0.0150,    0.0329,    0.0299,    0.0085,    0.0020,    0.0004,    0.0004,    0.0002,    0.0011,    0.0019,    0.0049,    0.0091,    0.0081,    0.0085,    0.0012,    0.0075,    0.0141,    0.0089,    0.0000,    0.0000,    0.0000,    0.0000,    0.0008,    0.0066,    0.0072,    0.0065,    0.0059,    0.0000,    0.0000,    0.0000,    0.0000,    0.0000,    0.0009,    0.0011,    0.0014,    0.0012,    0.0002,    0.0266,    0.0000,    0.0608,    0.1075,    0.1214,    0.1110,    0.1245,    0.1386,    0.1233,    0.1698,    0.1501,    0.1645,    0.1808,    0.1468,    0.2123,    0.2321,    0.1900,    0.1318,    0.0189,    0.0386,    0.1649,    0.1902,    0.3067,    0.3223,    0.3984,    0.4260,    0.4410,    0.4686,    0.4799,    0.4920,    0.4648,    0.4226,    0.3741,    0.4433,    0.6104,    0.6178,    1.0805,    1.1804,    1.2359,    1.2564,    1.2364,    1.3694,    1.3136,    1.3975,    1.2854,    1.4503,    1.3718,    1.4606,    3.1621,    3.0885,    3.2030,    3.2531,    3.2748,    3.1568,    3.2678,    3.3511,    3.4192,    3.1776,    3.1334,    3.2539,    8.2247,    7.8363,    7.7478,    7.5132,    6.9399,    6.5086,    5.7135,    5.2561,    5.0518,    4.4276,    3.4010,    3.1586,    2.4350,    2.2382,    1.7066,    1.6288,    1.0981,    0.7968,    0.6438,    0.2584,    0.2277,    0.1616,    0.0560,    0.0455
  961,    0.0500,  218.6983,    0.2253,  116.0780,  114.9612,   -0.7205,   -0.8515,  158.4330,  155.0000,  155.4076,  155.4030,  155.4023,  155.2976,  155.1002,  155.0000,  155.0000,  155.0000,  155.0000,  156.7468,  160.4367,  166.0169,  173.1841,  180.4966,  187.2916,  193.4738,  200.4659,  206.2793,  209.5167,  211.1294,  211.7647,  212.0942,  212.2114,    0.0676,    0.2554,    0.5383,    0.8877,    1.2786,    1.6901,    2.1044,    2.5065,    2.8853,    3.2302,    3.5360,    3.8013,    3.4492,    3.5847,    3.6916,    3.7686,    3.8177,    3.8411,    3.8430,    3.8223,    3.7820,    3.7277,    3.6522,    3.5484,    1.2268,    1.2115,    1.1898,    1.1518,    1.1012,    1.0392,    0.8770,    0.8449,    0.7814,    0.6326,    0.5919,    0.4045,    0.2348,    0.1919,    0.1590,    0.1501,    0.1427,    0.1317,    0.1356,    0.1350,    0.1413,    0.1615,    0.2046,    0.2698,    0.3874,    0.4534,    0.3630,    0.5119,    0.5005,    0.5059,    0.5226,    0.5936,    0.6121,    0.6249,    0.6266,    0.6201,    1.6616,    1.5860,    1.5280,    1.4592,    1.3872,    1.3159,    1.2469,    1.1808,    1.1175,    1.0542,    0.9914,    0.9352,    1.3805,    1.2601,    1.1378,    1.0239,    0.9305,    0.8512,    0.7704,    0.6970,    0.6314,    0.5702,    0.5064,    0.4533,    1.1185,    0.7891,    0.5619,    0.3913,    0.2705,    0.1858,    0.1268,    0.0839,    0.0555,    0.0356,    0.0233,    0.0170,    0.0896,    0.0485,    0.0752,    0.0844,    0.0947,    0.0882,    0.0964,    0.1083,    0.0952,    0.1312,    0.1160,    0.1273,    0.1408,    0.1150,    0.1676,    0.1863,    0.1530,    0.1807,    0.2058,    0.2222,    0.2219,    0.1482,    0.2368,    0.2499,    0.3068,    0.3279,    0.3393,    0.3608,    0.3705,    0.3884,    0.3940,    0.4497,    0.4883,    0.4649,    0.4779,    0.4873,    0.8316,    0.9081,    0.9529,    0.9850,    1.0084,    1.0918,    1.0233,    1.0904,    1.0656,    1.1159,    1.0584,    1.1348,    2.4440,    2.4113,    2.4651,    2.5043,    2.5300,    2.4310,    2.5162,    2.5805,    2.6329,    2.4483,    2.4138,    2.5065,    6.3361,    6.0407,    5.9724,    5.8066,    5.3634,    5.0712,    4.4515,    4.0950,    3.9357,    3.4730,    2.6676,    2.4774,    1.9097,    1.7553,    1.3383,    1.2846,    0.8661,    0.6285,    0.5078,    0.2038,    0.1796,    0.1275,    0.0442,    0.0361,    0.0000,    0.0000,    0.0000,    0.0001,    0.0004,    0.0008,    0.0015,    0.0033,    0.0064,    0.0144,    0.0239,    0.0296,    0.0269,    0.0279,    0.0291,    0.0327,    0.0386,    0.0438,    0.0459,    0.0487,    0.0506,    0.0482,    0.0573,    0.0956,    0.0251,    0.0322,    0.0498,    0.0962,    0.1628,    0.2404,    0.4673,    0.4864,    0.5505,    0.7043,    0.7389,    0.9006,    0.7187,    0.7246,    0.7293,    0.7176,    0.7137,    0.7299,    0.6944,    0.6831,    0.6686,    0.6511,    0.6244,    0.5797,    0.5017,    0.3990,    0.4744,    0.2811,    0.2830,    0.2660,    0.2311,    0.1210,    0.0815,    0.0465,    0.0277,    0.0214,    0.0491,    0.0459,    0.0221,    0.0155,    0.0149,    0.0160,    0.0167,    0.0175,    0.0181,    0.0213,    0.0260,    0.0250,    0.0350,    0.0261,    0.0313,    0.0367,    0.0290,    0.0159,    0.0130,    0.0102,    0.0070,    0.0052,    0.0093,    0.0091,    0.0112,    0.0110,    0.0040,    0.0033,    0.0025,    0.0019,    0.0014,    0.0020,    0.0019,    0.0020,    0.0016,    0.0004,    0.0257,    0.0000,    0.0597,    0.1056,    0.1193,    0.1091,    0.1223,    0.1359,    0.1208,    0.1662,    0.1469,    0.1608,    0.1762,    0.1427,    0.2060,    0.2251,    0.1841,    0.1271,    0.0178,    0.0371,    0.1611,    0.1867,    0.3010,    0.3163,    0.3910,    0.4181,    0.4328,    0.4598,    0.4708,    0.4826,    0.4549,    0.4137,    0.3660,    0.4341,    0.5983,    0.6057,    1.0598,    1.1578,    1.2121,    1.2319,    1.2122,    1.3428,    1.2885,    1.3706,    1.2607,    1.4228,    1.3458,    1.4330,    3.1025,    3.0310,    3.1439,    3.1947,    3.2159,    3.1007,    3.2098,    3.2943,    3.3612,    3.1237,    3.0827,    3.2012,    8.0916,    7.7154,    7.6282,    7.3904,    6.8263,    6.3614,    5.5841,    5.1367,    4.9368,    4.3018,    3.3041,    3.0684,    2.3653,    2.1739,    1.6573,    1.5732,    1.0605,    0.7695,    0.6216,    0.2494,    0.2198,    0.1560,    0.0541,    0.0438
  929,    0.1000,  218.4978,    0.2308,  115.3492,  114.1372,   -0.8080,   -0.9259,  158.4330,  155.8096,  156.4066,  157.1772,  157.4927,  157.6965,  157.8000,  157.8890,  157.9973,  158.3989,  159.5412,  161.9397,  165.9799,  171.7281,  178.7838,  185.5474,  191.4440,  196.6163,  201.5570,  207.4044,  210.6418,  212.2490,  212.8956,  213.2244,  213.3465,    0.0675,    0.2551,    0.5377,    0.8865,    1.2768,    1.6875,    2.1007,    2.5011,    2.8778,    3.2188,    3.5199,    3.7815,    3.4301,    3.5637,    3.6685,    3.7424,    3.7870,    3.8064,    3.8056,    3.7819,    3.7391,    3.6852,    3.6098,    3.5075,    1.2134,    1.1984,    1.1770,    1.1399,    1.0914,    1.0331,    0.8814,    0.8528,    0.7937,    0.6539,    0.6200,    0.4480,    0.2705,    0.2244,    0.1858,    0.1761,    0.1662,    0.1489,    0.1590,    0.1590,    0.1676,    0.1908,    0.2351,    0.2952,    0.4033,    0.4634,    0.3777,    0.5165,    0.5053,    0.5085,    0.5227,    0.5887,    0.6054,    0.6175,    0.6189,    0.6125,    1.6410,    1.5653,    1.5073,    1.4379,    1.3646,    1.2921,    1.2219,    1.1559,    1.0929,    1.0296,    0.9667,    0.9101,    1.3401,    1.2200,    1.0996,    0.9880,    0.8966,    0.8212,    0.7444,    0.6753,    0.6146,    0.5582,    0.4993,    0.4484,    1.1047,    0.7774,    0.5520,    0.3837,    0.2648,    0.1816,    0.1238,    0.0819,    0.0541,    0.0348,    0.0227,    0.0165,    0.0893,    0.0484,    0.0746,    0.0836,    0.0937,    0.0873,    0.0953,    0.1072,    0.0943,    0.1299,    0.1149,    0.1263,    0.1399,    0.1146,    0.1674,    0.1860,    0.1529,    0.1802,    0.2052,    0.2212,    0.2205,    0.1464,    0.2339,    0.2467,    0.3028,    0.3237,    0.3349,    0.3561,    0.3656,    0.3834,    0.3893,    0.4446,    0.4833,    0.4596,    0.4717,    0.4810,    0.8205,    0.8960,    0.9401,    0.9720,    0.9953,    1.0774,    1.0097,    1.0759,    1.0519,    1.1010,    1.0443,    1.1199,    2.4117,    2.3800,    2.4328,    2.4718,    2.4972,    2.4007,    2.4849,    2.5485,    2.6003,    2.4180,    2.3847,    2.4763,    6.2598,    5.9721,    5.9047,    5.7556,    5.3164,    5.0671,    4.4480,    4.0918,    3.9326,    3.4931,    2.6831,    2.4918,    1.9209,    1.7656,    1.3462,    1.2990,    0.8758,    0.6356,    0.5135,    0.2061,    0.1817,    0.1290,    0.0447,    0.0366,    0.0000,    0.0000,    0.0000,    0.0002,    0.0008,    0.0016,    0.0030,    0.0067,    0.0132,    0.0298,    0.0495,    0.0615,    0.0560,    0.0583,    0.0608,    0.0684,    0.0806,    0.0916,    0.0963,    0.1021,    0.1063,    0.1010,    0.1086,    0.1463,    0.0405,    0.0475,    0.0660,    0.1153,    0.1847,    0.2648,    0.4979,    0.5174,    0.5820,    0.7330,    0.7680,    0.9237,    0.7338,    0.7384,    0.7414,    0.7303,    0.7255,    0.7368,    0.7062,    0.6952,    0.6814,    0.6647,    0.6391,    0.5969,    0.5243,    0.4212,    0.4936,    0.2999,    0.3020,    0.2851,    0.2480,    0.1340,    0.0925,    0.0550,    0.0348,    0.0279,    0.0657,    0.0623,    0.0364,    0.0299,    0.0304,    0.0328,    0.0346,    0.0353,    0.0358,    0.0391,    0.0443,    0.0435,    0.0641,    0.0540,    0.0579,    0.0617,    0.0516,    0.0343,    0.0282,    0.0222,    0.0154,    0.0105,    0.0124,    0.0112,    0.0160,    0.0161,    0.0081,    0.0066,    0.0051,    0.0038,    0.0027,    0.0030,    0.0027,    0.0027,    0.0021,    0.0007,    0.0250,    0.0000,    0.0586,    0.1038,    0.1172,    0.1071,    0.1201,    0.1334,    0.1185,    0.1628,    0.1439,    0.1571,    0.1719,    0.1388,    0.1999,    0.2185,    0.1784,    0.1227,    0.0168,    0.0358,    0.1576,    0.1832,    0.2955,    0.3105,    0.3839,    0.4105,    0.4248,    0.4514,    0.4620,    0.4735,    0.4456,    0.4053,    0.3584,    0.4254,    0.5867,    0.5942,    1.0399,    1.1360,    1.1893,    1.2084,    1.1890,    1.3174,    1.2643,    1.3449,    1.2370,    1.3964,    1.3207,    1.4064,    3.0452,    2.9757,    3.0869,    3.1383,    3.1591,    3.0466,    3.1538,    3.2394,    3.3051,    3.0716,    3.0338,    3.1504,    7.9630,    7.5987,    7.5128,    7.2718,    6.7168,    6.2194,    5.4595,    5.0222,    4.8267,    4.1817,    3.2119,    2.9827,    2.2992,    2.1131,    1.6109,    1.5209,    1.0252,    0.7438,    0.6008,    0.2411,    0.2124,    0.1508,    0.0523,    0.0422
  958,    0.1500,  218.1981,    0.2362,  114.5015,  113.3465,   -0.7403,   -0.8414,  158.4330,  156.9118,  157.6102,  158.4667,  159.5016,  159.9199,  160.3957,  160.7845,  161.1979,  161.9259,  163.3663,  165.9882,  170.1224,  175.8944,  182.7864,  189.1206,  194.4298,  198.9828,  203.1938,  207.9011,  211.1441,  212.7470,  213.3847,  213.7196,  213.8394,    0.0674,    0.2547,    0.5367,    0.8849,    1.2742,    1.6837,    2.0954,    2.4939,    2.8681,    3.2052,    3.5019,    3.7598,    3.4093,    3.5408,    3.6435,    3.7142,    3.7549,    3.7706,    3.7675,    3.7411,    3.6961,    3.6423,    3.5670,    3.4662,    1.1995,    1.1849,    1.1639,    1.1279,    1.0817,    1.0268,    0.8850,    0.8592,    0.8040,    0.6720,    0.6433,    0.4832,    0.2995,    0.2518,    0.2099,    0.2000,    0.1883,    0.1661,    0.1809,    0.1813,    0.1910,    0.2155,    0.2602,    0.3165,    0.4173,    0.4721,    0.3903,    0.5201,    0.5092,    0.5106,    0.5226,    0.5836,    0.5984,    0.6095,    0.6106,    0.6041,    1.6182,    1.5425,    1.4843,    1.4143,    1.3402,    1.2668,    1.1960,    1.1303,    1.0677,    1.0047,    0.9421,    0.8854,    1.3008,    1.1812,    1.0630,    0.9541,    0.8646,    0.7925,    0.7193,    0.6539,    0.5975,    0.5454,    0.4909,    0.4420,    1.0871,    0.7629,    0.5401,    0.3746,    0.2581,    0.1767,    0.1203,    0.0795,    0.0525,    0.0337,    0.0220,    0.0159,    0.0889,    0.0483,    0.0741,    0.0827,    0.0927,    0.0864,    0.0943,    0.1061,    0.0933,    0.1287,    0.1139,    0.1253,    0.1391,    0.1142,    0.1672,    0.1858,    0.1529,    0.1796,    0.2047,    0.2202,    0.2191,    0.1447,    0.2312,    0.2437,    0.2990,    0.3196,    0.3306,    0.3515,    0.3610,    0.3786,    0.3847,    0.4398,    0.4784,    0.4544,    0.4657,    0.4749,    0.8099,    0.8844,    0.9279,    0.9596,    0.9827,    1.0636,    0.9966,    1.0621,    1.0388,    1.0868,    1.0309,    1.1056,    2.3809,    2.3501,    2.4018,    2.4406,    2.4658,    2.3718,    2.4549,    2.5178,    2.5689,    2.3888,    2.3567,    2.4473,    6.1863,    5.9060,    5.8393,    5.7066,    5.2711,    5.0633,    4.4448,    4.0889,    3.9299,    3.5122,    2.6979,    2.5056,    1.9316,    1.7755,    1.3538,    1.3128,    0.8851,    0.6424,    0.5191,    0.2084,    0.1837,    0.1304,    0.0452,    0.0371,    0.0000,    0.0000,    0.0000,    0.0004,    0.0012,    0.0025,    0.0046,    0.0103,    0.0203,    0.0458,    0.0761,    0.0947,    0.0864,    0.0899,    0.0939,    0.1056,    0.1246,    0.1417,    0.1491,    0.1582,    0.1648,    0.1566,    0.1625,    0.1987,    0.0566,    0.0632,    0.0821,    0.1333,    0.2043,    0.2857,    0.5214,    0.5411,    0.6054,    0.7525,    0.7873,    0.9359,    0.7405,    0.7441,    0.7460,    0.7353,    0.7298,    0.7382,    0.7107,    0.6998,    0.6865,    0.6703,    0.6458,    0.6062,    0.5392,    0.4369,    0.5058,    0.3142,    0.3164,    0.2997,    0.2610,    0.1448,    0.1021,    0.0628,    0.0415,    0.0342,    0.0821,    0.0786,    0.0510,    0.0446,    0.0462,    0.0502,    0.0533,    0.0540,    0.0542,    0.0577,    0.0632,    0.0626,    0.0945,    0.0835,    0.0858,    0.0878,    0.0755,    0.0541,    0.0447,    0.0353,    0.0248,    0.0164,    0.0156,    0.0132,    0.0209,    0.0211,    0.0121,    0.0099,    0.0075,    0.0056,    0.0041,    0.0040,    0.0034,    0.0032,    0.0025,    0.0009,    0.0243,    0.0000,    0.0576,    0.1021,    0.1152,    0.1053,    0.1179,    0.1310,    0.1162,    0.1595,    0.1409,    0.1536,    0.1676,    0.1350,    0.1941,    0.2121,    0.1730,    0.1187,    0.0160,    0.0347,    0.1543,    0.1799,    0.2902,    0.3049,    0.3770,    0.4031,    0.4171,    0.4432,    0.4536,    0.4648,    0.4368,    0.3974,    0.3513,    0.4172,    0.5756,    0.5830,    1.0206,    1.1150,    1.1672,    1.1858,    1.1668,    1.2929,    1.2410,    1.3201,    1.2142,    1.3709,    1.2966,    1.3808,    2.9899,    2.9224,    3.0319,    3.0839,    3.1043,    2.9943,    3.0997,    3.1863,    3.2510,    3.0213,    2.9863,    3.1011,    7.8386,    7.4855,    7.4009,    7.1564,    6.6103,    6.0813,    5.3382,    4.9107,    4.7196,    4.0653,    3.1225,    2.8997,    2.2352,    2.0543,    1.5661,    1.4707,    0.9913,    0.7192,    0.5809,    0.2331,    0.2054,    0.1457,    0.0505,    0.0407
  935,    0.2000,  217.9965,    0.2413,  113.8962,  112.5860,   -0.8772,   -0.9332,  158.4330,  158.7545,  159.5023,  160.3878,  161.5968,  162.1991,  162.7504,  163.3054,  163.9951,  164.8980,  166.4984,  169.2171,  173.4332,  179.1777,  185.8831,  191.8725,  196.7296,  200.8279,  204.5271,  208.3305,  211.5805,  213.1813,  213.8088,  214.1492,  214.2675,    0.0673,    0.2544,    0.5361,    0.8838,    1.2724,    1.6811,    2.0918,    2.4887,    2.8611,    3.1951,    3.4883,    3.7434,    3.3935,    3.5235,    3.6243,    3.6925,    3.7300,    3.7428,    3.7378,    3.7092,    3.6626,    3.6090,    3.5338,    3.4344,    1.1889,    1.1747,    1.1540,    1.1190,    1.0749,    1.0230,    0.8896,    0.8661,    0.8139,    0.6884,    0.6636,    0.5130,    0.3241,    0.2756,    0.2315,    0.2215,    0.2084,    0.1827,    0.2008,    0.2013,    0.2118,    0.2370,    0.2814,    0.3348,    0.4302,    0.4805,    0.4020,    0.5241,    0.5134,    0.5135,    0.5236,    0.5802,    0.5933,    0.6035,    0.6041,    0.5976,    1.6005,    1.5247,    1.4660,    1.3955,    1.3205,    1.2464,    1.1751,    1.1097,    1.0475,    0.9848,    0.9224,    0.8656,    1.2692,    1.1502,    1.0339,    0.9271,    0.8392,    0.7698,    0.6993,    0.6369,    0.5842,    0.5355,    0.4848,    0.4375,    1.0742,    0.7521,    0.5309,    0.3675,    0.2529,    0.1729,    0.1175,    0.0776,    0.0513,    0.0329,    0.0215,    0.0155,    0.0886,    0.0482,    0.0736,    0.0819,    0.0918,    0.0855,    0.0934,    0.1050,    0.0925,    0.1276,    0.1129,    0.1244,    0.1384,    0.1139,    0.1670,    0.1855,    0.1528,    0.1791,    0.2041,    0.2192,    0.2176,    0.1431,    0.2286,    0.2408,    0.2954,    0.3157,    0.3265,    0.3472,    0.3565,    0.3740,    0.3803,    0.4350,    0.4736,    0.4495,    0.4600,    0.4691,    0.7997,    0.8733,    0.9162,    0.9476,    0.9707,    1.0503,    0.9841,    1.0488,    1.0262,    1.0731,    1.0180,    1.0919,    2.3513,    2.3214,    2.3722,    2.4107,    2.4356,    2.3440,    2.4261,    2.4883,    2.5388,    2.3608,    2.3297,    2.4193,    6.1155,    5.8422,    5.7762,    5.6593,    5.2275,    5.0599,    4.4418,    4.0862,    3.9275,    3.5304,    2.7119,    2.5187,    1.9418,    1.7850,    1.3611,    1.3258,    0.8940,    0.6489,    0.5244,    0.2105,    0.1856,    0.1318,    0.0457,    0.0376,    0.0000,    0.0000,    0.0000,    0.0005,    0.0017,    0.0033,    0.0062,    0.0139,    0.0275,    0.0622,    0.1034,    0.1287,    0.1176,    0.1224,    0.1279,    0.1439,    0.1697,    0.1931,    0.2034,    0.2160,    0.2250,    0.2140,    0.2181,    0.2524,    0.0731,    0.0792,    0.0984,    0.1510,    0.2231,    0.3052,    0.5422,    0.5620,    0.6258,    0.7692,    0.8037,    0.9462,    0.7463,    0.7490,    0.7502,    0.7396,    0.7337,    0.7397,    0.7146,    0.7039,    0.6910,    0.6752,    0.6515,    0.6140,    0.5518,    0.4504,    0.5164,    0.3268,    0.3291,    0.3126,    0.2726,    0.1549,    0.1112,    0.0704,    0.0483,    0.0406,    0.0987,    0.0951,    0.0658,    0.0597,    0.0625,    0.0681,    0.0726,    0.0733,    0.0733,    0.0768,    0.0826,    0.0823,    0.1260,    0.1140,    0.1148,    0.1148,    0.1002,    0.0749,    0.0622,    0.0493,    0.0348,    0.0228,    0.0190,    0.0153,    0.0258,    0.0262,    0.0162,    0.0131,    0.0100,    0.0074,    0.0053,    0.0050,    0.0041,    0.0037,    0.0028,    0.0011,    0.0237,    0.0000,    0.0566,    0.1004,    0.1133,    0.1035,    0.1159,    0.1286,    0.1140,    0.1562,    0.1381,    0.1502,    0.1636,    0.1314,    0.1884,    0.2059,    0.1678,    0.1150,    0.0154,    0.0337,    0.1511,    0.1767,    0.2851,    0.2995,    0.3703,    0.3960,    0.4097,    0.4354,    0.4454,    0.4564,    0.4284,    0.3898,    0.3445,    0.4093,    0.5649,    0.5723,    1.0021,    1.0947,    1.1459,    1.1641,    1.1454,    1.2693,    1.2186,    1.2962,    1.1922,    1.3462,    1.2732,    1.3562,    2.9365,    2.8709,    2.9788,    3.0313,    3.0513,    2.9438,    3.0474,    3.1349,    3.1985,    2.9726,    2.9404,    3.0534,    7.7180,    7.3756,    7.2923,    7.0442,    6.5067,    5.9468,    5.2202,    4.8021,    4.6153,    3.9524,    3.0358,    2.8191,    2.1731,    1.9973,    1.5226,    1.4223,    0.9587,    0.6955,    0.5617,    0.2254,    0.1986,    0.1409,    0.0488,    0.0392
  953,    0.3000,  217.4973,    0.2510,  112.5411,  111.1491,   -0.9182,   -0.9325,  158.4330,  162.4031,  163.1558,  164.0597,  165.2964,  165.9024,  166.6933,  167.4835,  168.3002,  169.4907,  171.2626,  174.0981,  178.2933,  183.8874,  190.2194,  195.6349,  199.8800,  203.2678,  206.2034,  208.9885,  211.8986,  213.4843,  214.1135,  214.4441,  214.5675,    0.0671,    0.2537,    0.5346,    0.8810,    1.2681,    1.6747,    2.0830,    2.4766,    2.8452,    3.1733,    3.4600,    3.7096,    3.3610,    3.4877,    3.5850,    3.6485,    3.6803,    3.6881,    3.6797,    3.6475,    3.5980,    3.5446,    3.4695,    3.3728,    1.1681,    1.1544,    1.1345,    1.1017,    1.0611,    1.0143,    0.8952,    0.8749,    0.8277,    0.7130,    0.6937,    0.5580,    0.3620,    0.3130,    0.2666,    0.2566,    0.2418,    0.2117,    0.2338,    0.2343,    0.2454,    0.2709,    0.3142,    0.3628,    0.4498,    0.4929,    0.4197,    0.5288,    0.5186,    0.5167,    0.5238,    0.5728,    0.5830,    0.5912,    0.5909,    0.5842,    1.5639,    1.4880,    1.4283,    1.3568,    1.2806,    1.2059,    1.1343,    1.0699,    1.0086,    0.9467,    0.8851,    0.8285,    1.2111,    1.0937,    0.9813,    0.8788,    0.7938,    0.7287,    0.6631,    0.6057,    0.5587,    0.5160,    0.4714,    0.4270,    1.0451,    0.7280,    0.5111,    0.3524,    0.2417,    0.1648,    0.1117,    0.0737,    0.0487,    0.0313,    0.0204,    0.0146,    0.0878,    0.0480,    0.0726,    0.0804,    0.0901,    0.0839,    0.0916,    0.1031,    0.0908,    0.1255,    0.1110,    0.1228,    0.1370,    0.1132,    0.1667,    0.1851,    0.1528,    0.1780,    0.2029,    0.2172,    0.2149,    0.1400,    0.2236,    0.2354,    0.2885,    0.3084,    0.3188,    0.3390,    0.3481,    0.3654,    0.3719,    0.4261,    0.4646,    0.4401,    0.4493,    0.4582,    0.7807,    0.8525,    0.8944,    0.9253,    0.9480,    1.0255,    0.9606,    1.0238,    1.0025,    1.0476,    0.9938,    1.0663,    2.2958,    2.2674,    2.3165,    2.3543,    2.3788,    2.2916,    2.3719,    2.4325,    2.4819,    2.3079,    2.2787,    2.3663,    5.9817,    5.7211,    5.6566,    5.5701,    5.1451,    5.0540,    4.4367,    4.0817,    3.9232,    3.5643,    2.7381,    2.5432,    1.9608,    1.8027,    1.3747,    1.3496,    0.9102,    0.6608,    0.5341,    0.2145,    0.1891,    0.1344,    0.0466,    0.0385,    0.0000,    0.0000,    0.0000,    0.0007,    0.0025,    0.0051,    0.0096,    0.0213,    0.0422,    0.0955,    0.1586,    0.1974,    0.1806,    0.1882,    0.1968,    0.2214,    0.2609,    0.2967,    0.3128,    0.3321,    0.3462,    0.3297,    0.3299,    0.3589,    0.1061,    0.1108,    0.1298,    0.1833,    0.2556,    0.3373,    0.5727,    0.5921,    0.6544,    0.7905,    0.8239,    0.9558,    0.7503,    0.7518,    0.7518,    0.7416,    0.7351,    0.7381,    0.7161,    0.7056,    0.6932,    0.6780,    0.6558,    0.6215,    0.5670,    0.4682,    0.5291,    0.3448,    0.3470,    0.3309,    0.2895,    0.1711,    0.1265,    0.0840,    0.0607,    0.0525,    0.1305,    0.1269,    0.0951,    0.0895,    0.0948,    0.1037,    0.1112,    0.1119,    0.1113,    0.1147,    0.1209,    0.1213,    0.1881,    0.1748,    0.1721,    0.1680,    0.1492,    0.1168,    0.0976,    0.0780,    0.0556,    0.0363,    0.0261,    0.0194,    0.0356,    0.0358,    0.0241,    0.0194,    0.0147,    0.0108,    0.0078,    0.0068,    0.0054,    0.0046,    0.0034,    0.0015,    0.0228,    0.0000,    0.0548,    0.0972,    0.1096,    0.1000,    0.1119,    0.1240,    0.1097,    0.1501,    0.1326,    0.1437,    0.1558,    0.1245,    0.1777,    0.1942,    0.1581,    0.1083,    0.0143,    0.0321,    0.1452,    0.1706,    0.2754,    0.2892,    0.3576,    0.3824,    0.3957,    0.4204,    0.4299,    0.4404,    0.4127,    0.3756,    0.3318,    0.3945,    0.5448,    0.5520,    0.9668,    1.0562,    1.1056,    1.1228,    1.1050,    1.2246,    1.1761,    1.2509,    1.1505,    1.2995,    1.2290,    1.3093,    2.8352,    2.7733,    2.8779,    2.9312,    2.9506,    2.8474,    2.9477,    3.0369,    3.0986,    2.8797,    2.8526,    2.9623,    7.4877,    7.1653,    7.0844,    6.8285,    6.3075,    5.6883,    4.9933,    4.5935,    4.4149,    3.7364,    2.8699,    2.6652,    2.0545,    1.8883,    1.4395,    1.3303,    0.8967,    0.6505,    0.5254,    0.2108,    0.1857,    0.1318,    0.0457,    0.0365
  989,    0.4000,  216.9967,    0.2600,  111.2380,  109.8149,   -0.9163,   -0.8889,  158.4330,  165.1545,  165.8997,  166.8160,  168.0904,  168.7965,  169.6167,  170.6001,  171.6001,  172.8949,  174.7681,  177.6001,  181.7279,  187.1552,  193.1474,  198.0891,  201.8805,  204.7738,  207.2045,  209.4988,  211.8966,  213.4750,  214.1040,  214.4276,  214.5478,    0.0670,    0.2530,    0.5330,    0.8783,    1.2637,    1.6684,    2.0743,    2.4647,    2.8296,    3.1524,    3.4335,    3.6785,    3.3311,    3.4548,    3.5488,    3.6081,    3.6352,    3.6390,    3.6279,    3.5927,    3.5410,    3.4876,    3.4127,    3.3182,    1.1494,    1.1364,    1.1171,    1.0861,    1.0486,    1.0056,    0.8981,    0.8799,    0.8365,    0.7303,    0.7147,    0.5905,    0.3901,    0.3416,    0.2942,    0.2845,    0.2685,    0.2350,    0.2601,    0.2606,    0.2718,    0.2968,    0.3385,    0.3830,    0.4638,    0.5013,    0.4324,    0.5310,    0.5213,    0.5180,    0.5228,    0.5655,    0.5733,    0.5798,    0.5787,    0.5718,    1.5298,    1.4538,    1.3933,    1.3209,    1.2440,    1.1691,    1.0979,    1.0346,    0.9743,    0.9134,    0.8527,    0.7966,    1.1618,    1.0464,    0.9377,    0.8389,    0.7566,    0.6947,    0.6328,    0.5793,    0.5368,    0.4987,    0.4591,    0.4169,    1.0171,    0.7050,    0.4924,    0.3382,    0.2313,    0.1573,    0.1063,    0.0700,    0.0462,    0.0297,    0.0193,    0.0137,    0.0871,    0.0478,    0.0716,    0.0790,    0.0884,    0.0823,    0.0899,    0.1012,    0.0893,    0.1236,    0.1093,    0.1213,    0.1358,    0.1127,    0.1664,    0.1848,    0.1527,    0.1770,    0.2019,    0.2154,    0.2124,    0.1372,    0.2190,    0.2304,    0.2822,    0.3017,    0.3117,    0.3314,    0.3404,    0.3574,    0.3642,    0.4178,    0.4561,    0.4314,    0.4394,    0.4482,    0.7631,    0.8333,    0.8743,    0.9047,    0.9271,    1.0026,    0.9390,    1.0008,    0.9807,    1.0241,    0.9715,    1.0427,    2.2447,    2.2177,    2.2651,    2.3023,    2.3264,    2.2432,    2.3218,    2.3808,    2.4291,    2.2589,    2.2312,    2.3170,    5.8571,    5.6082,    5.5450,    5.4871,    5.0686,    5.0490,    4.4325,    4.0779,    3.9197,    3.5950,    2.7618,    2.5653,    1.9781,    1.8187,    1.3871,    1.3708,    0.9246,    0.6714,    0.5428,    0.2180,    0.1923,    0.1367,    0.0474,    0.0393,    0.0000,    0.0000,    0.0000,    0.0010,    0.0034,    0.0069,    0.0129,    0.0287,    0.0570,    0.1289,    0.2137,    0.2660,    0.2436,    0.2540,    0.2656,    0.2986,    0.3515,    0.3995,    0.4212,    0.4470,    0.4659,    0.4441,    0.4402,    0.4631,    0.1385,    0.1416,    0.1600,    0.2132,    0.2843,    0.3646,    0.5957,    0.6145,    0.6747,    0.8042,    0.8364,    0.9595,    0.7504,    0.7508,    0.7499,    0.7399,    0.7331,    0.7343,    0.7142,    0.7039,    0.6918,    0.6771,    0.6562,    0.6246,    0.5759,    0.4801,    0.5365,    0.3580,    0.3600,    0.3442,    0.3021,    0.1845,    0.1397,    0.0964,    0.0725,    0.0639,    0.1610,    0.1577,    0.1238,    0.1186,    0.1265,    0.1386,    0.1491,    0.1497,    0.1484,    0.1516,    0.1579,    0.1589,    0.2481,    0.2335,    0.2272,    0.2188,    0.1961,    0.1576,    0.1323,    0.1064,    0.0766,    0.0501,    0.0332,    0.0235,    0.0452,    0.0451,    0.0318,    0.0254,    0.0191,    0.0139,    0.0101,    0.0084,    0.0065,    0.0054,    0.0040,    0.0019,    0.0219,    0.0000,    0.0531,    0.0941,    0.1061,    0.0968,    0.1082,    0.1198,    0.1057,    0.1443,    0.1275,    0.1376,    0.1485,    0.1180,    0.1678,    0.1833,    0.1490,    0.1022,    0.0134,    0.0307,    0.1398,    0.1650,    0.2663,    0.2796,    0.3458,    0.3697,    0.3825,    0.4064,    0.4154,    0.4255,    0.3983,    0.3624,    0.3202,    0.3808,    0.5259,    0.5330,    0.9339,    1.0202,    1.0678,    1.0844,    1.0673,    1.1830,    1.1363,    1.2086,    1.1116,    1.2557,    1.1876,    1.2655,    2.7404,    2.6820,    2.7833,    2.8374,    2.8561,    2.7570,    2.8540,    2.9447,    3.0045,    2.7923,    2.7700,    2.8764,    7.2707,    6.9665,    6.8880,    6.6237,    6.1184,    5.4430,    4.7781,    4.3955,    4.2247,    3.5330,    2.7137,    2.5202,    1.9427,    1.7856,    1.3613,    1.2446,    0.8389,    0.6086,    0.4916,    0.1972,    0.1738,    0.1233,    0.0427,    0.0339
 1039,    0.5000,  216.4969,    0.2683,  109.9795,  108.5729,   -0.8700,   -0.8157,  158.4330,  167.4076,  168.1896,  169.1156,  170.3414,  171.1036,  172.0637,  173.1002,  174.1975,  175.5124,  177.4920,  180.3000,  184.3253,  189.5806,  195.2200,  199.7992,  203.1955,  205.6957,  207.7950,  209.7757,  211.7788,  213.3390,  213.9716,  214.2951,  214.4124,    0.0668,    0.2524,    0.5315,    0.8755,    1.2594,    1.6622,    2.0657,    2.4530,    2.8143,    3.1323,    3.4084,    3.6491,    3.3029,    3.4237,    3.5147,    3.5704,    3.5934,    3.5938,    3.5804,    3.5428,    3.4893,    3.4359,    3.3611,    3.2685,    1.1323,    1.1198,    1.1010,    1.0717,    1.0366,    0.9969,    0.8989,    0.8822,    0.8418,    0.7428,    0.7299,    0.6151,    0.4119,    0.3642,    0.3165,    0.3071,    0.2903,    0.2546,    0.2816,    0.2820,    0.2931,    0.3174,    0.3573,    0.3985,    0.4742,    0.5069,    0.4419,    0.5315,    0.5221,    0.5179,    0.5208,    0.5582,    0.5641,    0.5691,    0.5672,    0.5602,    1.4976,    1.4217,    1.3602,    1.2872,    1.2098,    1.1353,    1.0649,    1.0028,    0.9435,    0.8836,    0.8240,    0.7687,    1.1190,    1.0058,    0.9005,    0.8051,    0.7252,    0.6658,    0.6069,    0.5564,    0.5174,    0.4829,    0.4474,    0.4072,    0.9902,    0.6830,    0.4746,    0.3248,    0.2215,    0.1502,    0.1012,    0.0666,    0.0439,    0.0282,    0.0183,    0.0129,    0.0864,    0.0477,    0.0707,    0.0777,    0.0869,    0.0809,    0.0884,    0.0995,    0.0879,    0.1219,    0.1078,    0.1199,    0.1347,    0.1122,    0.1661,    0.1845,    0.1526,    0.1760,    0.2008,    0.2136,    0.2100,    0.1345,    0.2148,    0.2257,    0.2764,    0.2954,    0.3051,    0.3245,    0.3333,    0.3500,    0.3570,    0.4101,    0.4483,    0.4233,    0.4303,    0.4389,    0.7470,    0.8157,    0.8557,    0.8857,    0.9078,    0.9815,    0.9191,    0.9796,    0.9606,    1.0024,    0.9510,    1.0208,    2.1976,    2.1716,    2.2177,    2.2542,    2.2779,    2.1983,    2.2754,    2.3327,    2.3801,    2.2133,    2.1870,    2.2710,    5.7409,    5.5025,    5.4405,    5.4100,    4.9974,    5.0450,    4.4290,    4.0748,    3.9169,    3.6228,    2.7833,    2.5854,    1.9937,    1.8333,    1.3984,    1.3895,    0.9374,    0.6808,    0.5505,    0.2212,    0.1951,    0.1387,    0.0482,    0.0401,    0.0000,    0.0000,    0.0000,    0.0013,    0.0043,    0.0087,    0.0163,    0.0362,    0.0719,    0.1621,    0.2683,    0.3337,    0.3057,    0.3189,    0.3336,    0.3747,    0.4404,    0.4998,    0.5268,    0.5587,    0.5820,    0.5553,    0.5473,    0.5636,    0.1700,    0.1713,    0.1887,    0.2406,    0.3099,    0.3879,    0.6130,    0.6311,    0.6891,    0.8125,    0.8434,    0.9591,    0.7482,    0.7480,    0.7466,    0.7368,    0.7298,    0.7296,    0.7110,    0.7007,    0.6889,    0.6745,    0.6544,    0.6246,    0.5805,    0.4874,    0.5405,    0.3675,    0.3693,    0.3537,    0.3115,    0.1956,    0.1510,    0.1075,    0.0834,    0.0746,    0.1901,    0.1871,    0.1516,    0.1468,    0.1571,    0.1722,    0.1855,    0.1859,    0.1839,    0.1867,    0.1930,    0.1944,    0.3044,    0.2885,    0.2785,    0.2658,    0.2396,    0.1959,    0.1651,    0.1335,    0.0969,    0.0636,    0.0402,    0.0275,    0.0545,    0.0539,    0.0390,    0.0310,    0.0232,    0.0169,    0.0121,    0.0099,    0.0075,    0.0060,    0.0044,    0.0022,    0.0212,    0.0000,    0.0515,    0.0913,    0.1028,    0.0937,    0.1047,    0.1157,    0.1019,    0.1388,    0.1226,    0.1318,    0.1416,    0.1119,    0.1584,    0.1731,    0.1405,    0.0967,    0.0126,    0.0295,    0.1348,    0.1596,    0.2577,    0.2706,    0.3346,    0.3578,    0.3701,    0.3932,    0.4018,    0.4115,    0.3848,    0.3502,    0.3094,    0.3680,    0.5083,    0.5152,    0.9030,    0.9865,    1.0324,    1.0483,    1.0321,    1.1440,    1.0991,    1.1690,    1.0752,    1.2147,    1.1488,    1.2244,    2.6515,    2.5962,    2.6945,    2.7493,    2.7674,    2.6718,    2.7658,    2.8579,    2.9159,    2.7099,    2.6919,    2.7954,    7.0658,    6.7784,    6.7020,    6.4289,    5.9385,    5.2101,    4.5737,    4.2075,    4.0441,    3.3413,    2.5665,    2.3835,    1.8374,    1.6889,    1.2876,    1.1645,    0.7849,    0.5695,    0.4600,    0.1846,    0.1626,    0.1154,    0.0400,    0.0316
 1098,    0.7500,  215.4530,    0.2869,  107.3960,  105.8143,   -0.9850,   -0.9451,  158.4330,  171.6100,  172.3892,  173.3443,  174.5983,  175.4853,  176.4992,  177.6710,  178.8983,  180.2985,  182.2917,  185.0014,  188.7919,  193.5260,  198.5000,  202.3710,  204.9992,  206.8986,  208.4672,  209.8975,  211.2844,  212.8266,  213.4278,  213.7641,  213.8892,    0.0665,    0.2510,    0.5284,    0.8700,    1.2507,    1.6496,    2.0483,    2.4289,    2.7830,    3.0912,    3.3574,    3.5897,    3.2458,    3.3609,    3.4456,    3.4939,    3.5092,    3.5035,    3.4859,    3.4441,    3.3876,    3.3341,    3.2595,    3.1703,    1.0985,    1.0868,    1.0690,    1.0427,    1.0120,    0.9779,    0.8969,    0.8824,    0.8474,    0.7619,    0.7528,    0.6556,    0.4493,    0.4044,    0.3578,    0.3492,    0.3312,    0.2922,    0.3221,    0.3220,    0.3322,    0.3541,    0.3895,    0.4238,    0.4898,    0.5140,    0.4568,    0.5294,    0.5206,    0.5149,    0.5145,    0.5424,    0.5448,    0.5469,    0.5435,    0.5362,    1.4314,    1.3558,    1.2924,    1.2181,    1.1403,    1.0675,    0.9996,    0.9403,    0.8834,    0.8258,    0.7688,    0.7154,    1.0386,    0.9305,    0.8322,    0.7434,    0.6683,    0.6130,    0.5593,    0.5139,    0.4807,    0.4526,    0.4243,    0.3877,    0.9360,    0.6384,    0.4387,    0.2978,    0.2017,    0.1359,    0.0911,    0.0598,    0.0392,    0.0252,    0.0163,    0.0114,    0.0848,    0.0473,    0.0687,    0.0749,    0.0836,    0.0779,    0.0850,    0.0958,    0.0849,    0.1181,    0.1045,    0.1171,    0.1324,    0.1112,    0.1657,    0.1839,    0.1525,    0.1738,    0.1985,    0.2096,    0.2047,    0.1288,    0.2056,    0.2156,    0.2636,    0.2818,    0.2908,    0.3092,    0.3177,    0.3339,    0.3413,    0.3931,    0.4307,    0.4055,    0.4104,    0.4187,    0.7117,    0.7772,    0.8152,    0.8443,    0.8655,    0.9353,    0.8754,    0.9332,    0.9164,    0.9550,    0.9061,    0.9730,    2.0943,    2.0706,    2.1136,    2.1481,    2.1710,    2.0996,    2.1731,    2.2262,    2.2715,    2.1123,    2.0884,    2.1687,    5.4824,    5.2663,    5.2071,    5.2391,    4.8397,    5.0379,    4.4230,    4.0695,    3.9121,    3.6812,    2.8285,    2.6277,    2.0266,    1.8639,    1.4221,    1.4276,    0.9634,    0.6999,    0.5662,    0.2276,    0.2009,    0.1429,    0.0497,    0.0415,    0.0000,    0.0000,    0.0000,    0.0019,    0.0065,    0.0132,    0.0247,    0.0548,    0.1087,    0.2439,    0.4013,    0.4978,    0.4562,    0.4761,    0.4978,    0.5578,    0.6527,    0.7378,    0.7764,    0.8214,    0.8540,    0.8163,    0.7985,    0.7987,    0.2440,    0.2410,    0.2556,    0.3030,    0.3663,    0.4378,    0.6460,    0.6619,    0.7142,    0.8244,    0.8520,    0.9531,    0.7402,    0.7387,    0.7363,    0.7268,    0.7194,    0.7175,    0.7008,    0.6907,    0.6793,    0.6656,    0.6472,    0.6208,    0.5850,    0.4985,    0.5447,    0.3847,    0.3858,    0.3707,    0.3292,    0.2188,    0.1756,    0.1328,    0.1087,    0.0995,    0.2583,    0.2560,    0.2171,    0.2132,    0.2288,    0.2505,    0.2696,    0.2693,    0.2652,    0.2666,    0.2721,    0.2739,    0.4295,    0.4097,    0.3905,    0.3678,    0.3336,    0.2798,    0.2377,    0.1944,    0.1439,    0.0958,    0.0572,    0.0370,    0.0767,    0.0745,    0.0559,    0.0439,    0.0326,    0.0235,    0.0168,    0.0130,    0.0096,    0.0074,    0.0053,    0.0028,    0.0197,    0.0000,    0.0478,    0.0847,    0.0953,    0.0867,    0.0967,    0.1065,    0.0934,    0.1264,    0.1117,    0.1187,    0.1261,    0.0983,    0.1376,    0.1503,    0.1217,    0.0846,    0.0110,    0.0269,    0.1236,    0.1475,    0.2382,    0.2502,    0.3094,    0.3308,    0.3421,    0.3635,    0.3712,    0.3801,    0.3547,    0.3227,    0.2851,    0.3392,    0.4688,    0.4752,    0.8334,    0.9105,    0.9527,    0.9673,    0.9529,    1.0564,    1.0154,    1.0799,    0.9931,    1.1222,    1.0613,    1.1317,    2.4510,    2.4029,    2.4941,    2.5501,    2.5668,    2.4789,    2.5661,    2.6608,    2.7149,    2.5231,    2.5143,    2.6109,    6.5997,    6.3486,    6.2772,    5.9809,    5.5249,    4.6770,    4.1058,    3.7772,    3.6306,    2.9090,    2.2345,    2.0753,    1.5999,    1.4707,    1.1214,    0.9867,    0.6652,    0.4826,    0.3899,    0.1564,    0.1379,    0.0978,    0.0339,    0.0264
 1165,    1.0000,  214.4975,    0.3027,  105.0433,  103.4641,   -0.9365,   -0.8278,  158.4330,  174.5660,  175.3382,  176.3038,  177.5973,  178.4985,  179.5960,  180.7976,  182.0946,  183.5397,  185.4761,  188.0877,  191.5613,  195.8982,  200.3172,  203.5983,  205.7649,  207.2974,  208.5320,  209.6959,  210.7973,  212.1064,  212.7022,  213.0261,  213.1459,    0.0661,    0.2496,    0.5253,    0.8645,    1.2421,    1.6370,    2.0310,    2.4053,    2.7525,    3.0523,    3.3104,    3.5357,    3.1941,    3.3040,    3.3831,    3.4255,    3.4352,    3.4254,    3.4048,    3.3601,    3.3019,    3.2480,    3.1734,    3.0865,    1.0693,    1.0581,    1.0410,    1.0169,    0.9894,    0.9593,    0.8908,    0.8774,    0.8462,    0.7710,    0.7639,    0.6798,    0.4733,    0.4313,    0.3866,    0.3785,    0.3601,    0.3196,    0.3506,    0.3501,    0.3592,    0.3787,    0.4099,    0.4387,    0.4973,    0.5153,    0.4643,    0.5238,    0.5154,    0.5089,    0.5063,    0.5269,    0.5269,    0.5266,    0.5222,    0.5146,    1.3721,    1.2970,    1.2321,    1.1573,    1.0802,    1.0102,    0.9458,    0.8893,    0.8347,    0.7796,    0.7253,    0.6742,    0.9777,    0.8748,    0.7823,    0.6986,    0.6273,    0.5745,    0.5240,    0.4816,    0.4515,    0.4272,    0.4037,    0.3697,    0.8857,    0.5977,    0.4065,    0.2738,    0.1843,    0.1235,    0.0824,    0.0538,    0.0353,    0.0226,    0.0146,    0.0101,    0.0834,    0.0471,    0.0670,    0.0724,    0.0808,    0.0753,    0.0821,    0.0928,    0.0825,    0.1151,    0.1018,    0.1148,    0.1307,    0.1105,    0.1654,    0.1836,    0.1525,    0.1721,    0.1965,    0.2060,    0.2002,    0.1240,    0.1978,    0.2071,    0.2529,    0.2703,    0.2788,    0.2965,    0.3047,    0.3205,    0.3281,    0.3787,    0.4158,    0.3904,    0.3938,    0.4018,    0.6823,    0.7451,    0.7816,    0.8097,    0.8301,    0.8967,    0.8390,    0.8944,    0.8794,    0.9154,    0.8686,    0.9331,    2.0081,    1.9860,    2.0264,    2.0590,    2.0810,    2.0165,    2.0871,    2.1360,    2.1794,    2.0267,    2.0043,    2.0814,    5.2617,    5.0635,    5.0067,    5.0948,    4.7065,    5.0339,    4.4197,    4.0667,    3.9096,    3.7268,    2.8638,    2.6607,    2.0523,    1.8879,    1.4407,    1.4558,    0.9827,    0.7142,    0.5780,    0.2324,    0.2053,    0.1461,    0.0508,    0.0426,    0.0000,    0.0000,    0.0000,    0.0026,    0.0088,    0.0176,    0.0330,    0.0732,    0.1449,    0.3232,    0.5280,    0.6529,    0.5983,    0.6243,    0.6525,    0.7291,    0.8489,    0.9554,    1.0032,    1.0582,    1.0975,    1.0507,    1.0240,    1.0092,    0.3111,    0.3040,    0.3157,    0.3578,    0.4146,    0.4791,    0.6696,    0.6833,    0.7300,    0.8289,    0.8532,    0.9427,    0.7298,    0.7274,    0.7244,    0.7150,    0.7075,    0.7046,    0.6891,    0.6791,    0.6680,    0.6548,    0.6376,    0.6136,    0.5838,    0.5033,    0.5441,    0.3959,    0.3963,    0.3816,    0.3416,    0.2375,    0.1961,    0.1548,    0.1312,    0.1218,    0.3199,    0.3182,    0.2766,    0.2730,    0.2929,    0.3197,    0.3430,    0.3415,    0.3351,    0.3347,    0.3386,    0.3398,    0.5316,    0.5069,    0.4792,    0.4476,    0.4068,    0.3462,    0.2961,    0.2445,    0.1841,    0.1246,    0.0730,    0.0460,    0.0971,    0.0927,    0.0707,    0.0549,    0.0404,    0.0290,    0.0206,    0.0156,    0.0112,    0.0084,    0.0060,    0.0033,    0.0184,    0.0000,    0.0446,    0.0788,    0.0886,    0.0805,    0.0896,    0.0984,    0.0858,    0.1155,    0.1020,    0.1073,    0.1127,    0.0866,    0.1199,    0.1310,    0.1057,    0.0743,    0.0097,    0.0248,    0.1139,    0.1369,    0.2211,    0.2324,    0.2874,    0.3073,    0.3178,    0.3376,    0.3444,    0.3527,    0.3286,    0.2990,    0.2642,    0.3143,    0.4344,    0.4403,    0.7728,    0.8443,    0.8834,    0.8968,    0.8841,    0.9802,    0.9425,    1.0024,    0.9217,    1.0417,    0.9851,    1.0510,    2.2763,    2.2343,    2.3192,    2.3759,    2.3915,    2.3097,    2.3911,    2.4877,    2.5383,    2.3590,    2.3577,    2.4484,    6.1888,    5.9678,    5.9008,    5.5808,    5.1553,    4.2060,    3.6924,    3.3970,    3.2652,    2.5356,    1.9478,    1.8091,    1.3948,    1.2822,    0.9777,    0.8368,    0.5642,    0.4094,    0.3307,    0.1327,    0.1170,    0.0830,    0.0288,    0.0221
 1236,    1.2500,  213.6324,    0.3164,  103.1062,  101.4391,   -0.9855,   -0.9637,  158.4330,  176.8421,  177.6061,  178.5936,  179.8947,  180.7954,  181.9006,  183.1998,  184.4624,  185.8988,  187.7369,  190.1990,  193.4509,  197.4104,  201.3985,  204.1970,  205.9996,  207.2990,  208.3784,  209.3381,  210.2982,  211.3989,  211.9871,  212.3081,  212.4253,    0.0659,    0.2485,    0.5229,    0.8602,    1.2352,    1.6269,    2.0169,    2.3858,    2.7273,    3.0201,    3.2717,    3.4914,    3.1516,    3.2573,    3.3318,    3.3695,    3.3749,    3.3622,    3.3395,    3.2929,    3.2335,    3.1792,    3.1045,    3.0192,    1.0457,    1.0349,    1.0182,    0.9956,    0.9703,    0.9429,    0.8832,    0.8703,    0.8419,    0.7747,    0.7685,    0.6946,    0.4893,    0.4501,    0.4076,    0.4000,    0.3815,    0.3406,    0.3717,    0.3707,    0.3787,    0.3959,    0.4233,    0.4475,    0.5001,    0.5135,    0.4678,    0.5172,    0.5091,    0.5020,    0.4979,    0.5134,    0.5117,    0.5098,    0.5045,    0.4969,    1.3233,    1.2489,    1.1828,    1.1078,    1.0319,    0.9647,    0.9037,    0.8497,    0.7971,    0.7440,    0.6921,    0.6431,    0.9324,    0.8338,    0.7457,    0.6660,    0.5975,    0.5465,    0.4980,    0.4575,    0.4293,    0.4074,    0.3873,    0.3552,    0.8453,    0.5650,    0.3808,    0.2548,    0.1705,    0.1138,    0.0755,    0.0492,    0.0321,    0.0206,    0.0133,    0.0091,    0.0821,    0.0468,    0.0654,    0.0703,    0.0784,    0.0730,    0.0797,    0.0902,    0.0804,    0.1126,    0.0996,    0.1130,    0.1293,    0.1100,    0.1653,    0.1833,    0.1525,    0.1706,    0.1947,    0.2028,    0.1964,    0.1199,    0.1913,    0.1998,    0.2439,    0.2607,    0.2686,    0.2857,    0.2938,    0.3091,    0.3169,    0.3663,    0.4029,    0.3775,    0.3798,    0.3876,    0.6576,    0.7181,    0.7532,    0.7805,    0.8001,    0.8641,    0.8081,    0.8616,    0.8481,    0.8820,    0.8370,    0.8993,    1.9351,    1.9142,    1.9525,    1.9831,    2.0045,    1.9457,    2.0139,    2.0586,    2.1004,    1.9533,    1.9318,    2.0061,    5.0713,    4.8878,    4.8330,    4.9717,    4.5929,    5.0320,    4.4183,    4.0655,    3.9087,    3.7624,    2.8913,    2.6865,    2.0725,    1.9067,    1.4553,    1.4767,    0.9971,    0.7248,    0.5868,    0.2360,    0.2086,    0.1485,    0.0516,    0.0434,    0.0000,    0.0000,    0.0000,    0.0032,    0.0110,    0.0221,    0.0413,    0.0913,    0.1803,    0.3996,    0.6480,    0.7984,    0.7314,    0.7630,    0.7970,    0.8879,    1.0286,    1.1521,    1.2069,    1.2692,    1.3128,    1.2584,    1.2238,    1.1958,    0.3713,    0.3606,    0.3695,    0.4062,    0.4566,    0.5144,    0.6878,    0.6993,    0.7410,    0.8301,    0.8512,    0.9314,    0.7195,    0.7167,    0.7134,    0.7041,    0.6966,    0.6934,    0.6783,    0.6685,    0.6574,    0.6445,    0.6281,    0.6057,    0.5802,    0.5052,    0.5417,    0.4041,    0.4038,    0.3893,    0.3511,    0.2534,    0.2138,    0.1744,    0.1515,    0.1420,    0.3758,    0.3744,    0.3305,    0.3269,    0.3501,    0.3804,    0.4063,    0.4032,    0.3944,    0.3918,    0.3936,    0.3935,    0.6130,    0.5829,    0.5474,    0.5081,    0.4619,    0.3970,    0.3414,    0.2843,    0.2173,    0.1496,    0.0873,    0.0542,    0.1160,    0.1090,    0.0838,    0.0646,    0.0473,    0.0338,    0.0238,    0.0176,    0.0126,    0.0092,    0.0065,    0.0037,    0.0172,    0.0000,    0.0417,    0.0736,    0.0827,    0.0750,    0.0833,    0.0912,    0.0791,    0.1058,    0.0935,    0.0973,    0.1010,    0.0764,    0.1047,    0.1143,    0.0920,    0.0656,    0.0085,    0.0229,    0.1054,    0.1275,    0.2059,    0.2166,    0.2679,    0.2865,    0.2962,    0.3147,    0.3208,    0.3285,    0.3057,    0.2780,    0.2457,    0.2923,    0.4042,    0.4097,    0.7194,    0.7860,    0.8223,    0.8347,    0.8235,    0.9130,    0.8783,    0.9341,    0.8587,    0.9707,    0.9179,    0.9798,    2.1220,    2.0852,    2.1646,    2.2218,    2.2364,    2.1597,    2.2357,    2.3339,    2.3813,    2.2131,    2.2182,    2.3035,    5.8226,    5.6270,    5.5638,    5.2204,    4.8225,    3.7884,    3.3258,    3.0598,    2.9412,    2.2128,    1.6999,    1.5789,    1.2173,    1.1191,    0.8535,    0.7103,    0.4789,    0.3476,    0.2808,    0.1127,    0.0994,    0.0705,    0.0245,    0.0185
 1268,    1.5000,  212.8983,    0.3282,  101.3802,   99.6775,   -0.9888,   -0.8635,  158.4330,  178.6330,  179.4115,  180.4071,  181.6994,  182.6075,  183.7943,  185.0022,  186.2972,  187.7015,  189.4948,  191.7988,  194.8071,  198.4976,  202.0958,  204.4997,  206.0966,  207.1980,  208.1375,  208.9947,  209.7953,  210.7927,  211.3704,  211.6960,  211.8086,    0.0656,    0.2475,    0.5204,    0.8558,    1.2283,    1.6168,    2.0030,    2.3666,    2.7028,    2.9894,    3.2358,    3.4507,    3.1127,    3.2147,    3.2851,    3.3189,    3.3213,    3.3069,    3.2827,    3.2348,    3.1750,    3.1201,    3.0452,    2.9610,    1.0251,    1.0145,    0.9982,    0.9768,    0.9532,    0.9280,    0.8755,    0.8630,    0.8368,    0.7761,    0.7704,    0.7047,    0.5009,    0.4642,    0.4239,    0.4167,    0.3983,    0.3575,    0.3882,    0.3867,    0.3937,    0.4088,    0.4329,    0.4533,    0.5011,    0.5107,    0.4694,    0.5105,    0.5025,    0.4951,    0.4898,    0.5009,    0.4978,    0.4946,    0.4886,    0.4808,    1.2793,    1.2059,    1.1388,    1.0638,    0.9896,    0.9258,    0.8685,    0.8168,    0.7660,    0.7150,    0.6653,    0.6185,    0.8971,    0.8024,    0.7180,    0.6414,    0.5752,    0.5252,    0.4780,    0.4386,    0.4112,    0.3905,    0.3726,    0.3418,    0.8077,    0.5349,    0.3575,    0.2377,    0.1583,    0.1051,    0.0695,    0.0452,    0.0294,    0.0189,    0.0121,    0.0082,    0.0810,    0.0466,    0.0641,    0.0685,    0.0764,    0.0712,    0.0777,    0.0880,    0.0787,    0.1106,    0.0978,    0.1116,    0.1283,    0.1096,    0.1652,    0.1832,    0.1525,    0.1693,    0.1930,    0.1998,    0.1930,    0.1164,    0.1857,    0.1937,    0.2362,    0.2524,    0.2600,    0.2764,    0.2844,    0.2993,    0.3074,    0.3557,    0.3916,    0.3663,    0.3679,    0.3755,    0.6365,    0.6950,    0.7290,    0.7557,    0.7745,    0.8361,    0.7818,    0.8336,    0.8213,    0.8535,    0.8100,    0.8705,    1.8728,    1.8526,    1.8893,    1.9179,    1.9387,    1.8850,    1.9510,    1.9917,    2.0321,    1.8898,    1.8687,    1.9406,    4.9057,    4.7341,    4.6811,    4.8661,    4.4955,    5.0315,    4.4179,    4.0654,    3.9087,    3.7902,    2.9129,    2.7068,    2.0883,    1.9215,    1.4668,    1.4923,    1.0078,    0.7328,    0.5934,    0.2388,    0.2110,    0.1503,    0.0523,    0.0440,    0.0000,    0.0000,    0.0000,    0.0039,    0.0132,    0.0265,    0.0495,    0.1093,    0.2152,    0.4734,    0.7621,    0.9358,    0.8569,    0.8936,    0.9328,    1.0360,    1.1942,    1.3314,    1.3914,    1.4588,    1.5048,    1.4442,    1.4027,    1.3634,    0.4258,    0.4123,    0.4186,    0.4504,    0.4950,    0.5466,    0.7046,    0.7141,    0.7510,    0.8315,    0.8499,    0.9221,    0.7110,    0.7075,    0.7035,    0.6943,    0.6867,    0.6828,    0.6685,    0.6588,    0.6480,    0.6356,    0.6202,    0.5992,    0.5774,    0.5071,    0.5399,    0.4116,    0.4107,    0.3964,    0.3599,    0.2679,    0.2302,    0.1925,    0.1703,    0.1607,    0.4272,    0.4258,    0.3798,    0.3758,    0.4014,    0.4342,    0.4616,    0.4567,    0.4455,    0.4406,    0.4400,    0.4380,    0.6793,    0.6436,    0.6011,    0.5554,    0.5045,    0.4368,    0.3774,    0.3168,    0.2455,    0.1718,    0.1006,    0.0620,    0.1335,    0.1238,    0.0954,    0.0730,    0.0531,    0.0377,    0.0265,    0.0193,    0.0136,    0.0099,    0.0068,    0.0040,    0.0162,    0.0000,    0.0391,    0.0688,    0.0773,    0.0700,    0.0777,    0.0848,    0.0731,    0.0972,    0.0859,    0.0884,    0.0907,    0.0676,    0.0915,    0.1000,    0.0803,    0.0580,    0.0076,    0.0213,    0.0977,    0.1191,    0.1924,    0.2025,    0.2505,    0.2679,    0.2770,    0.2943,    0.2998,    0.3069,    0.2853,    0.2593,    0.2291,    0.2727,    0.3772,    0.3823,    0.6718,    0.7339,    0.7678,    0.7793,    0.7694,    0.8531,    0.8211,    0.8732,    0.8025,    0.9073,    0.8580,    0.9162,    1.9844,    1.9521,    2.0265,    2.0839,    2.0976,    2.0252,    2.0965,    2.1958,    2.2404,    2.0822,    2.0927,    2.1731,    5.4932,    5.3193,    5.2597,    4.8935,    4.5206,    3.4169,    2.9998,    2.7599,    2.6530,    1.9332,    1.4852,    1.3795,    1.0636,    0.9779,    0.7458,    0.6035,    0.4070,    0.2954,    0.2387,    0.0958,    0.0845,    0.0600,    0.0208,    0.0155
 1347,    1.7500,  212.1505,    0.3386,   99.8627,   98.1328,   -0.9881,   -0.9446,  158.4330,  180.1229,  180.9011,  181.9065,  183.2017,  184.0969,  185.2943,  186.4981,  187.7964,  189.0970,  190.8020,  193.0010,  195.8578,  199.2465,  202.4707,  204.5958,  205.9714,  206.9736,  207.7991,  208.5458,  209.2787,  210.1049,  210.6764,  211.0021,  211.1139,    0.0654,    0.2465,    0.5182,    0.8519,    1.2222,    1.6079,    1.9906,    2.3495,    2.6809,    2.9621,    3.2040,    3.4148,    3.0784,    3.1770,    3.2439,    3.2745,    3.2746,    3.2588,    3.2335,    3.1848,    3.1247,    3.0692,    2.9941,    2.9107,    1.0072,    0.9967,    0.9806,    0.9601,    0.9379,    0.9143,    0.8674,    0.8551,    0.8306,    0.7754,    0.7700,    0.7111,    0.5092,    0.4748,    0.4365,    0.4296,    0.4114,    0.3710,    0.4010,    0.3992,    0.4052,    0.4184,    0.4397,    0.4568,    0.5004,    0.5069,    0.4695,    0.5036,    0.4957,    0.4880,    0.4819,    0.4896,    0.4855,    0.4812,    0.4746,    0.4668,    1.2411,    1.1686,    1.1006,    1.0260,    0.9536,    0.8931,    0.8392,    0.7895,    0.7403,    0.6911,    0.6433,    0.5984,    0.8685,    0.7772,    0.6958,    0.6218,    0.5575,    0.5082,    0.4619,    0.4232,    0.3962,    0.3762,    0.3598,    0.3301,    0.7751,    0.5090,    0.3376,    0.2233,    0.1480,    0.0979,    0.0644,    0.0418,    0.0272,    0.0174,    0.0112,    0.0075,    0.0799,    0.0464,    0.0629,    0.0670,    0.0746,    0.0695,    0.0759,    0.0862,    0.0773,    0.1089,    0.0963,    0.1104,    0.1274,    0.1093,    0.1651,    0.1830,    0.1525,    0.1682,    0.1915,    0.1972,    0.1901,    0.1134,    0.1809,    0.1884,    0.2295,    0.2453,    0.2525,    0.2685,    0.2763,    0.2909,    0.2991,    0.3464,    0.3817,    0.3566,    0.3576,    0.3651,    0.6183,    0.6752,    0.7082,    0.7343,    0.7523,    0.8121,    0.7591,    0.8094,    0.7981,    0.8290,    0.7867,    0.8456,    1.8190,    1.7994,    1.8346,    1.8613,    1.8816,    1.8323,    1.8965,    1.9332,    1.9725,    1.8344,    1.8133,    1.8830,    4.7603,    4.5988,    4.5474,    4.7749,    4.4113,    5.0318,    4.4183,    4.0659,    3.9093,    3.8120,    2.9297,    2.7226,    2.1007,    1.9331,    1.4759,    1.5039,    1.0158,    0.7388,    0.5983,    0.2408,    0.2129,    0.1517,    0.0528,    0.0445,    0.0000,    0.0000,    0.0000,    0.0045,    0.0154,    0.0308,    0.0576,    0.1269,    0.2491,    0.5443,    0.8697,    1.0639,    0.9737,    1.0151,    1.0588,    1.1725,    1.3447,    1.4921,    1.5556,    1.6259,    1.6727,    1.6069,    1.5594,    1.5102,    0.4743,    0.4582,    0.4621,    0.4893,    0.5282,    0.5740,    0.7170,    0.7246,    0.7571,    0.8296,    0.8452,    0.9100,    0.7008,    0.6970,    0.6931,    0.6839,    0.6764,    0.6726,    0.6583,    0.6486,    0.6379,    0.6256,    0.6106,    0.5907,    0.5722,    0.5064,    0.5360,    0.4166,    0.4151,    0.4011,    0.3664,    0.2801,    0.2443,    0.2085,    0.1871,    0.1775,    0.4735,    0.4719,    0.4241,    0.4197,    0.4467,    0.4808,    0.5084,    0.5015,    0.4879,    0.4805,    0.4774,    0.4731,    0.7302,    0.6889,    0.6403,    0.5891,    0.5345,    0.4654,    0.4038,    0.3412,    0.2679,    0.1905,    0.1125,    0.0691,    0.1495,    0.1370,    0.1056,    0.0803,    0.0581,    0.0411,    0.0287,    0.0207,    0.0145,    0.0104,    0.0071,    0.0043,    0.0153,    0.0000,    0.0368,    0.0646,    0.0724,    0.0655,    0.0725,    0.0790,    0.0677,    0.0895,    0.0791,    0.0805,    0.0816,    0.0599,    0.0802,    0.0876,    0.0701,    0.0513,    0.0067,    0.0198,    0.0908,    0.1115,    0.1801,    0.1897,    0.2348,    0.2511,    0.2597,    0.2759,    0.2808,    0.2875,    0.2669,    0.2425,    0.2142,    0.2551,    0.3529,    0.3577,    0.6289,    0.6871,    0.7187,    0.7295,    0.7208,    0.7992,    0.7695,    0.8184,    0.7518,    0.8502,    0.8040,    0.8589,    1.8603,    1.8321,    1.9020,    1.9595,    1.9723,    1.9036,    1.9707,    2.0708,    2.1129,    1.9636,    1.9788,    2.0549,    5.1943,    5.0394,    4.9829,    4.5953,    4.2452,    3.0857,    2.7090,    2.4924,    2.3959,    1.6908,    1.2989,    1.2065,    0.9303,    0.8554,    0.6524,    0.5132,    0.3461,    0.2512,    0.2030,    0.0815,    0.0719,    0.0510,    0.0177,    0.0130
 1395,    2.0000,  211.4971,    0.3478,   98.5149,   96.7692,   -0.9806,   -0.8397,  158.4330,  181.3400,  182.1349,  183.1591,  184.3916,  185.3971,  186.4968,  187.7771,  188.9953,  190.2960,  191.9054,  193.9986,  196.6734,  199.8001,  202.6987,  204.5989,  205.7972,  206.7061,  207.4981,  208.1951,  208.7981,  209.5918,  210.1319,  210.4600,  210.5794,    0.0651,    0.2455,    0.5161,    0.8481,    1.2162,    1.5991,    1.9784,    2.3326,    2.6595,    2.9362,    3.1745,    3.3818,    3.0469,    3.1425,    3.2063,    3.2343,    3.2329,    3.2165,    3.1904,    3.1414,    3.0813,    3.0252,    2.9498,    2.8669,    0.9914,    0.9810,    0.9651,    0.9454,    0.9243,    0.9020,    0.8600,    0.8477,    0.8247,    0.7742,    0.7688,    0.7158,    0.5157,    0.4834,    0.4470,    0.4404,    0.4224,    0.3826,    0.4119,    0.4096,    0.4147,    0.4262,    0.4449,    0.4592,    0.4992,    0.5031,    0.4690,    0.4972,    0.4893,    0.4814,    0.4745,    0.4793,    0.4742,    0.4691,    0.4620,    0.4541,    1.2065,    1.1351,    1.0664,    0.9922,    0.9220,    0.8649,    0.8144,    0.7667,    0.7189,    0.6714,    0.6254,    0.5822,    0.8459,    0.7575,    0.6786,    0.6066,    0.5438,    0.4950,    0.4493,    0.4110,    0.3838,    0.3639,    0.3482,    0.3192,    0.7447,    0.4852,    0.3196,    0.2102,    0.1388,    0.0915,    0.0600,    0.0388,    0.0252,    0.0161,    0.0103,    0.0069,    0.0789,    0.0462,    0.0619,    0.0656,    0.0730,    0.0681,    0.0744,    0.0846,    0.0761,    0.1075,    0.0950,    0.1094,    0.1268,    0.1091,    0.1650,    0.1830,    0.1526,    0.1673,    0.1901,    0.1947,    0.1876,    0.1108,    0.1767,    0.1837,    0.2237,    0.2391,    0.2460,    0.2616,    0.2693,    0.2836,    0.2919,    0.3382,    0.3730,    0.3481,    0.3488,    0.3561,    0.6026,    0.6581,    0.6901,    0.7157,    0.7331,    0.7911,    0.7393,    0.7884,    0.7779,    0.8076,    0.7665,    0.8239,    1.7723,    1.7530,    1.7870,    1.8118,    1.8316,    1.7863,    1.8489,    1.8819,    1.9202,    1.7857,    1.7644,    1.8322,    4.6319,    4.4788,    4.4288,    4.6957,    4.3382,    5.0326,    4.4192,    4.0668,    3.9103,    3.8290,    2.9429,    2.7350,    2.1104,    1.9422,    1.4830,    1.5126,    1.0219,    0.7433,    0.6021,    0.2424,    0.2144,    0.1528,    0.0532,    0.0448,    0.0000,    0.0000,    0.0000,    0.0052,    0.0176,    0.0352,    0.0657,    0.1443,    0.2825,    0.6128,    0.9720,    1.1848,    1.0838,    1.1294,    1.1772,    1.2998,    1.4834,    1.6386,    1.7043,    1.7759,    1.8222,    1.7523,    1.6997,    1.6420,    0.5182,    0.5001,    0.5020,    0.5250,    0.5590,    0.5995,    0.7293,    0.7350,    0.7636,    0.8291,    0.8424,    0.9010,    0.6930,    0.6890,    0.6847,    0.6756,    0.6679,    0.6634,    0.6499,    0.6404,    0.6299,    0.6179,    0.6034,    0.5843,    0.5685,    0.5067,    0.5335,    0.4218,    0.4198,    0.4060,    0.3729,    0.2918,    0.2576,    0.2235,    0.2027,    0.1930,    0.5163,    0.5144,    0.4649,    0.4596,    0.4875,    0.5222,    0.5494,    0.5404,    0.5245,    0.5146,    0.5088,    0.5021,    0.7714,    0.7247,    0.6708,    0.6150,    0.5574,    0.4875,    0.4245,    0.3610,    0.2868,    0.2070,    0.1235,    0.0759,    0.1645,    0.1490,    0.1147,    0.0866,    0.0624,    0.0440,    0.0306,    0.0219,    0.0152,    0.0108,    0.0074,    0.0044,    0.0144,    0.0000,    0.0346,    0.0606,    0.0680,    0.0614,    0.0679,    0.0736,    0.0628,    0.0825,    0.0729,    0.0734,    0.0735,    0.0532,    0.0704,    0.0769,    0.0614,    0.0455,    0.0060,    0.0184,    0.0845,    0.1046,    0.1690,    0.1782,    0.2206,    0.2359,    0.2440,    0.2592,    0.2636,    0.2698,    0.2502,    0.2272,    0.2007,    0.2390,    0.3308,    0.3353,    0.5900,    0.6446,    0.6742,    0.6843,    0.6766,    0.7504,    0.7227,    0.7686,    0.7059,    0.7983,    0.7550,    0.8069,    1.7477,    1.7230,    1.7888,    1.8463,    1.8584,    1.7929,    1.8561,    1.9569,    1.9966,    1.8556,    1.8748,    1.9469,    4.9213,    4.7830,    4.7294,    4.3217,    3.9925,    2.7894,    2.4490,    2.2532,    2.1660,    1.4802,    1.1372,    1.0563,    0.8145,    0.7489,    0.5712,    0.4368,    0.2946,    0.2139,    0.1729,    0.0694,    0.0612,    0.0435,    0.0151,    0.0109
