Particle       ,data/QEXT_96IR_84_VIS_SiO2_Rod_9um_1um
Ncase          ,  14
dt (sols)      ,  0.020833
Qext 0.67um    ,  4.569000
Alb sfc        ,  0.220000
Conrath nu     ,  0.002000
Sun Flux (W/m2),148.393084
BWN IR (cm-1)  ,     10.0000,     34.1670,     58.3330,     82.5000,    106.6670,    130.8330,    155.0000,    179.1670,    203.3330,    227.5000,    251.6670,    275.8330,    300.0000,    320.7880,    341.5750,    362.3630,    383.1500,    403.9380,    424.7250,    445.5130,    466.3010,    487.0880,    507.8760,    528.6630,    549.4510,    556.7420,    564.0330,    571.3240,    578.6150,    585.9060,    593.1970,    600.4880,    607.7790,    615.0700,    622.3610,    629.6520,    636.9430,    642.5500,    648.1570,    653.7640,    659.3700,    664.9770,    670.5840,    676.1910,    681.7980,    687.4050,    693.0110,    698.6180,    704.2250,    710.1390,    716.0530,    721.9670,    727.8810,    733.7950,    739.7090,    745.6240,    751.5380,    757.4520,    763.3660,    769.2800,    775.1940,    791.5010,    807.8070,    824.1140,    840.4210,    856.7270,    873.0340,    889.3410,    905.6470,    921.9540,    938.2610,    954.5670,    970.8740,    996.8050,   1022.7370,   1048.6680,   1074.6000,   1100.5310,   1126.4630,   1152.3940,   1178.3250,   1204.2570,   1230.1880,   1256.1200,   1282.0510,   1360.3990,   1438.7460,   1517.0940,   1595.4410,   1673.7890,   1752.1370,   1830.4840,   1908.8320,   1987.1790,   2065.5270,   2143.8740,   2222.2220
BWN VIS (cm-1) ,   2222.2200,   2294.3160,   2366.4120,   2438.5080,   2510.6030,   2582.6990,   2654.7950,   2726.8910,   2798.9870,   2871.0820,   2943.1780,   3015.2740,   3087.3700,   3165.9750,   3244.5800,   3323.1850,   3401.7900,   3480.3950,   3559.0000,   3637.6050,   3716.2100,   3794.8150,   3873.4200,   3952.0250,   4030.6300,   4142.2920,   4253.9530,   4365.6150,   4477.2770,   4588.9380,   4700.6000,   4812.2620,   4923.9230,   5035.5850,   5147.2470,   5258.9080,   5370.5700,   5560.6150,   5750.6600,   5940.7050,   6130.7500,   6320.7950,   6510.8400,   6700.8850,   6890.9300,   7080.9750,   7271.0200,   7461.0650,   7651.1100,   8055.1840,   8459.2580,   8863.3330,   9267.4070,   9671.4810,  10075.5550,  10479.6290,  10883.7030,  11287.7780,  11691.8520,  12095.9260,  12500.0000,  13541.6670,  14583.3330,  15625.0000,  16666.6670,  17708.3330,  18750.0000,  19791.6670,  20833.3330,  21875.0000,  22916.6670,  23958.3330,  25000.0000,  26388.8890,  27777.7780,  29166.6670,  30555.5570,  31944.4460,  33333.3350,  34722.2240,  36111.1130,  37500.0030,  38888.8920,  40277.7810,  41666.6700
================
wavelenght [um],    0.244068,    0.252632,    0.261818,    0.271698,    0.282353,    0.293878,    0.306383,    0.320000,    0.334884,    0.351220,    0.369231,    0.389189,    0.408511,    0.426667,    0.446512,    0.468293,    0.492308,    0.518919,    0.548571,    0.581818,    0.619355,    0.662069,    0.711111,    0.768000,    0.813143,    0.840768,    0.870336,    0.902060,    0.936184,    0.972991,    1.012810,    1.056028,    1.103099,    1.154562,    1.211061,    1.273375,    1.323436,    1.357581,    1.393534,    1.431444,    1.471474,    1.513807,    1.558648,    1.606226,    1.656801,    1.710664,    1.768147,    1.829628,    1.881560,    1.921939,    1.964090,    2.008131,    2.054193,    2.102417,    2.152960,    2.205992,    2.261704,    2.320302,    2.382017,    2.447105,    2.505432,    2.555765,    2.608162,    2.662752,    2.719677,    2.779088,    2.841153,    2.906054,    2.973989,    3.045176,    3.119855,    3.198288,    3.277268,    3.356577,    3.439819,    3.527294,    3.619334,    3.716307,    3.818620,    3.926726,    4.041130,    4.162400,    4.291175,    4.428172,    4.580751,    4.751270,    4.934974,    5.133456,    5.348572,    5.582505,    5.837838,    6.117648,    6.425631,    6.766266,    7.145039,    7.568734,    7.879690,    8.044056,    8.215425,    8.394255,    8.581043,    8.776330,    8.980716,    9.194848,    9.419442,    9.655282,    9.903235,   10.164260,   10.387231,   10.566200,   10.751445,   10.943308,   11.142136,   11.348323,   11.562291,   11.784476,   12.015368,   12.255495,   12.505409,   12.765727,   12.949392,   13.049328,   13.150818,   13.253898,   13.358608,   13.464994,   13.573088,   13.682923,   13.794549,   13.908012,   14.023357,   14.140631,   14.256763,   14.371646,   14.488386,   14.607038,   14.727660,   14.850291,   14.974981,   15.101782,   15.230738,   15.361915,   15.495384,   15.631191,   15.790367,   15.974275,   16.162517,   16.355249,   16.552633,   16.754839,   16.962047,   17.174443,   17.392227,   17.615605,   17.844795,   18.080028,   18.550914,   19.294981,   20.101230,   20.977796,   21.934298,   22.982219,   24.135264,   25.410119,   26.827165,   28.411593,   30.194923,   32.217118,   34.732292,   37.914692,   41.739101,   46.421699,   52.287582,   59.850314,   69.970927,   84.210526,  105.726686,  142.012170,  216.216216,  452.826771
Qext           ,      7.2930,      7.2930,      7.2930,      7.2930,      7.2930,      7.2930,      7.2930,      7.2930,      7.2930,      7.2930,      7.2930,      4.5690,      4.5690,      4.5690,      4.5690,      4.5690,      4.5690,      4.5690,      4.5690,      4.5690,      4.5690,      4.5690,      4.5690,     10.0880,     10.0880,     10.0880,     10.0880,     10.0880,     10.0880,     10.0880,     10.0880,     10.0880,     10.0880,      7.3360,      7.3360,      7.3360,      7.3360,      7.3360,      7.3360,      7.3360,      7.3360,      5.1840,      5.1840,      5.1840,      5.1840,      5.1840,      5.1840,      5.1840,      4.3690,      4.3690,      4.3690,      4.3690,      4.3690,      4.3690,      4.3690,      4.3690,      3.0900,      3.0900,      3.0900,      3.0900,      3.0900,      3.0900,      2.2300,      2.2300,      2.2300,      2.2300,      2.2300,      2.2300,      1.8620,      1.8620,      1.8620,      1.8620,      1.8620,      1.5670,      1.5670,      1.5670,      1.5670,      1.3050,      1.3050,      1.3050,      1.3050,      1.0310,      1.0310,      1.0310,      0.8080,      0.8080,      0.6270,      0.6270,      0.5360,      0.2700,      0.2700,      0.2490,      0.0800,      0.1790,      0.0090,      0.1480,      0.3480,      0.3480,      0.3060,      0.3060,      1.6550,      1.6550,      4.2970,      4.2970,      6.3140,      6.4550,      6.4550,      5.0890,      3.3310,      3.3310,      2.0120,      2.0120,      1.3400,      1.3400,      1.1080,      1.0270,      1.0270,      0.9210,      0.9210,      0.7570,      0.5840,      0.5840,      0.5840,      0.5840,      0.4590,      0.4590,      0.4590,      0.4080,      0.4080,      0.4080,      0.4180,      0.4180,      0.4180,      0.4500,      0.4500,      0.4500,      0.4650,      0.4650,      0.4650,      0.4370,      0.4370,      0.4370,      0.3610,      0.3610,      0.3610,      0.2520,      0.2520,      0.1370,      0.1370,      0.0470,      0.0080,      0.0080,      0.0390,      0.0390,      0.1510,      0.3400,      0.4680,      1.0680,      1.8990,      2.5740,      2.9000,      2.8480,      2.4230,      1.7090,      0.9140,      0.2760,      0.0310,      0.0150,      0.0570,      0.2660,      0.3830,      0.3320,      0.1730,      0.0980,      0.0980,      0.0980,      0.0980,      0.0980,      0.0980,      0.0980
Qscat          ,      7.2380,      7.2380,      7.2380,      7.2380,      7.2380,      7.2380,      7.2380,      7.2380,      7.2380,      7.2380,      7.2380,      4.5280,      4.5280,      4.5280,      4.5280,      4.5280,      4.5280,      4.5280,      4.5280,      4.5280,      4.5280,      4.5280,      4.5280,     10.0450,     10.0450,     10.0450,     10.0450,     10.0450,     10.0450,     10.0450,     10.0450,     10.0450,     10.0450,      7.3120,      7.3120,      7.3120,      7.3120,      7.3120,      7.3120,      7.3120,      7.3120,      5.1680,      5.1680,      5.1680,      5.1680,      5.1680,      5.1680,      5.1680,      4.3050,      4.3050,      4.3050,      4.3050,      4.3050,      4.3050,      4.3050,      4.3050,      3.0200,      3.0200,      3.0200,      3.0200,      3.0200,      3.0200,      2.1790,      2.1790,      2.1790,      2.1790,      2.1790,      2.1790,      1.7990,      1.7990,      1.7990,      1.7990,      1.7990,      1.5120,      1.5120,      1.5120,      1.5120,      1.2930,      1.2930,      1.2930,      1.2930,      1.0309,      1.0309,      1.0309,      0.8079,      0.8079,      0.6269,      0.6269,      0.4290,      0.2700,      0.2700,      0.1990,      0.0800,      0.0450,      0.0090,      0.0180,      0.0470,      0.0470,      0.1880,      0.1880,      0.7880,      0.7880,      1.7610,      1.7610,      2.5330,      2.6830,      2.6830,      2.2620,      1.6050,      1.6050,      1.0170,      1.0170,      0.6280,      0.6280,      0.4210,      0.3240,      0.3240,      0.2710,      0.2710,      0.2280,      0.1840,      0.1840,      0.1840,      0.1840,      0.1430,      0.1430,      0.1430,      0.1110,      0.1110,      0.1110,      0.0890,      0.0890,      0.0890,      0.0740,      0.0740,      0.0740,      0.0650,      0.0650,      0.0650,      0.0570,      0.0570,      0.0570,      0.0470,      0.0470,      0.0470,      0.0370,      0.0370,      0.0250,      0.0250,      0.0150,      0.0060,      0.0060,      0.0020,      0.0020,      0.0010,      0.0060,      0.0100,      0.0360,      0.0790,      0.1210,      0.1500,      0.1630,      0.1550,      0.1300,      0.0950,      0.0590,      0.0310,      0.0150,      0.0070,      0.0050,      0.0060,      0.0050,      0.0030,      0.0020,      0.0020,      0.0020,      0.0020,      0.0020,      0.0020,      0.0020
G factor       ,    0.4560,    0.4560,    0.4560,    0.4560,    0.4560,    0.4560,    0.4560,    0.4560,    0.4560,    0.4560,    0.4560,    0.6290,    0.6290,    0.6290,    0.6290,    0.6290,    0.6290,    0.6290,    0.6290,    0.6290,    0.6290,    0.6290,    0.6290,    0.8390,    0.8390,    0.8390,    0.8390,    0.8390,    0.8390,    0.8390,    0.8390,    0.8390,    0.8390,    0.8180,    0.8180,    0.8180,    0.8180,    0.8180,    0.8180,    0.8180,    0.8180,    0.6890,    0.6890,    0.6890,    0.6890,    0.6890,    0.6890,    0.6890,    0.6760,    0.6760,    0.6760,    0.6760,    0.6760,    0.6760,    0.6760,    0.6760,    0.6950,    0.6950,    0.6950,    0.6950,    0.6950,    0.6950,    0.5860,    0.5860,    0.5860,    0.5860,    0.5860,    0.5860,    0.4310,    0.4310,    0.4310,    0.4310,    0.4310,    0.3150,    0.3150,    0.3150,    0.3150,    0.2380,    0.2380,    0.2380,    0.2380,    0.1880,    0.1880,    0.1880,    0.1530,    0.1530,    0.1270,    0.1270,    0.1090,    0.0940,    0.0940,    0.0850,    0.0690,    0.0760,    0.0510,    0.0680,    0.0300,    0.0300,    0.0510,    0.0510,    0.0600,    0.0600,    0.0570,    0.0570,    0.0530,    0.0470,    0.0470,    0.0400,    0.0320,    0.0320,    0.0220,    0.0220,    0.0140,    0.0140,    0.0130,    0.0190,    0.0190,    0.0250,    0.0250,    0.0280,    0.0250,    0.0250,    0.0250,    0.0250,    0.0200,    0.0200,    0.0200,    0.0120,    0.0120,    0.0120,    0.0050,    0.0050,    0.0050,    0.0010,    0.0010,    0.0010,    0.0020,    0.0020,    0.0020,    0.0070,    0.0070,    0.0070,    0.0120,    0.0120,    0.0120,    0.0180,    0.0180,    0.0230,    0.0230,    0.0300,    0.0410,    0.0410,    0.0540,    0.0540,   -0.0570,   -0.0200,   -0.0130,    0.0030,    0.0080,    0.0100,    0.0100,    0.0100,    0.0090,    0.0080,    0.0060,    0.0030,   -0.0010,   -0.0050,   -0.0050,    0.0060,    0.0120,    0.0100,    0.0050,    0.0020,    0.0020,    0.0020,    0.0020,    0.0020,    0.0020,    0.0020
================
P [mbar]       ,    0.1004,    0.1015,    0.1034,    0.1069,    0.1130,    0.1239,    0.1432,    0.1740,    0.2226,    0.3028,    0.4349,    0.6529,    1.0121,    1.6044,    2.4646,    3.4606,    4.3994,    5.2226,    5.8426,    6.2132,    6.3980,    6.4686,    6.5039,    6.5168
Temp initial[K],  155.0000,  155.0000,  155.0000,  155.0000,  155.0000,  155.0000,  155.0000,  155.0000,  155.0000,  155.0000,  155.0000,  155.0000,  158.8233,  165.4041,  173.2716,  181.4436,  190.2788,  198.8130,  204.5783,  207.8249,  209.4219,  210.0497,  210.3719,  210.4891
================
it   ,   tau    ,  Tsfc    ,   alb    ,   OLR    ,    ASR   ,  NET top ,  NET bot , T lev  01, T lev  02, T lev  03, T lev  04, T lev  05, T lev  06, T lev  07, T lev  08, T lev  09, T lev  10, T lev  11, T lev  12, T lev  13, T lev  14, T lev  15, T lev  16, T lev  17, T lev  18, T lev  19, T lev  20, T lev  21, T lev  22, T lev  23, T lev  24, T lev  25,  OLR IR01,  OLR IR02,  OLR IR03,  OLR IR04,  OLR IR05,  OLR IR06,  OLR IR07,  OLR IR08,  OLR IR09,  OLR IR10,  OLR IR11,  OLR IR12,  OLR IR13,  OLR IR14,  OLR IR15,  OLR IR16,  OLR IR17,  OLR IR18,  OLR IR19,  OLR IR20,  OLR IR21,  OLR IR22,  OLR IR23,  OLR IR24,  OLR IR25,  OLR IR26,  OLR IR27,  OLR IR28,  OLR IR29,  OLR IR30,  OLR IR31,  OLR IR32,  OLR IR33,  OLR IR34,  OLR IR35,  OLR IR36,  OLR IR37,  OLR IR38,  OLR IR39,  OLR IR40,  OLR IR41,  OLR IR42,  OLR IR43,  OLR IR44,  OLR IR45,  OLR IR46,  OLR IR47,  OLR IR48,  OLR IR49,  OLR IR50,  OLR IR51,  OLR IR52,  OLR IR53,  OLR IR54,  OLR IR55,  OLR IR56,  OLR IR57,  OLR IR58,  OLR IR59,  OLR IR60,  OLR IR61,  OLR IR62,  OLR IR63,  OLR IR64,  OLR IR65,  OLR IR66,  OLR IR67,  OLR IR68,  OLR IR69,  OLR IR70,  OLR IR71,  OLR IR72,  OLR IR73,  OLR IR74,  OLR IR75,  OLR IR76,  OLR IR77,  OLR IR78,  OLR IR79,  OLR IR80,  OLR IR81,  OLR IR82,  OLR IR83,  OLR IR84,  OLR IR85,  OLR IR86,  OLR IR87,  OLR IR88,  OLR IR89,  OLR IR90,  OLR IR91,  OLR IR92,  OLR IR93,  OLR IR94,  OLR IR95,  OLR IR96, ASR VIS01, ASR VIS02, ASR VIS03, ASR VIS04, ASR VIS05, ASR VIS06, ASR VIS07, ASR VIS08, ASR VIS09, ASR VIS10, ASR VIS11, ASR VIS12, ASR VIS13, ASR VIS14, ASR VIS15, ASR VIS16, ASR VIS17, ASR VIS18, ASR VIS19, ASR VIS20, ASR VIS21, ASR VIS22, ASR VIS23, ASR VIS24, ASR VIS25, ASR VIS26, ASR VIS27, ASR VIS28, ASR VIS29, ASR VIS30, ASR VIS31, ASR VIS32, ASR VIS33, ASR VIS34, ASR VIS35, ASR VIS36, ASR VIS37, ASR VIS38, ASR VIS39, ASR VIS40, ASR VIS41, ASR VIS42, ASR VIS43, ASR VIS44, ASR VIS45, ASR VIS46, ASR VIS47, ASR VIS48, ASR VIS49, ASR VIS50, ASR VIS51, ASR VIS52, ASR VIS53, ASR VIS54, ASR VIS55, ASR VIS56, ASR VIS57, ASR VIS58, ASR VIS59, ASR VIS60, ASR VIS61, ASR VIS62, ASR VIS63, ASR VIS64, ASR VIS65, ASR VIS66, ASR VIS67, ASR VIS68, ASR VIS69, ASR VIS70, ASR VIS71, ASR VIS72, ASR VIS73, ASR VIS74, ASR VIS75, ASR VIS76, ASR VIS77, ASR VIS78, ASR VIS79, ASR VIS80, ASR VIS81, ASR VIS82, ASR VIS83, ASR VIS84, SFC DIR01, SFC DIR02, SFC DIR03, SFC DIR04, SFC DIR05, SFC DIR06, SFC DIR07, SFC DIR08, SFC DIR09, SFC DIR10, SFC DIR11, SFC DIR12, SFC DIR13, SFC DIR14, SFC DIR15, SFC DIR16, SFC DIR17, SFC DIR18, SFC DIR19, SFC DIR20, SFC DIR21, SFC DIR22, SFC DIR23, SFC DIR24, SFC DIR25, SFC DIR26, SFC DIR27, SFC DIR28, SFC DIR29, SFC DIR30, SFC DIR31, SFC DIR32, SFC DIR33, SFC DIR34, SFC DIR35, SFC DIR36, SFC DIR37, SFC DIR38, SFC DIR39, SFC DIR40, SFC DIR41, SFC DIR42, SFC DIR43, SFC DIR44, SFC DIR45, SFC DIR46, SFC DIR47, SFC DIR48, SFC DIR49, SFC DIR50, SFC DIR51, SFC DIR52, SFC DIR53, SFC DIR54, SFC DIR55, SFC DIR56, SFC DIR57, SFC DIR58, SFC DIR59, SFC DIR60, SFC DIR61, SFC DIR62, SFC DIR63, SFC DIR64, SFC DIR65, SFC DIR66, SFC DIR67, SFC DIR68, SFC DIR69, SFC DIR70, SFC DIR71, SFC DIR72, SFC DIR73, SFC DIR74, SFC DIR75, SFC DIR76, SFC DIR77, SFC DIR78, SFC DIR79, SFC DIR80, SFC DIR81, SFC DIR82, SFC DIR83, SFC DIR84, SFC DIR85, SFC DIR86, SFC DIR87, SFC DIR88, SFC DIR89, SFC DIR90, SFC DIR91, SFC DIR92, SFC DIR93, SFC DIR94, SFC DIR95, SFC DIR96,SFC DVIS01,SFC DVIS02,SFC DVIS03,SFC DVIS04,SFC DVIS05,SFC DVIS06,SFC DVIS07,SFC DVIS08,SFC DVIS09,SFC DVIS10,SFC DVIS11,SFC DVIS12,SFC DVIS13,SFC DVIS14,SFC DVIS15,SFC DVIS16,SFC DVIS17,SFC DVIS18,SFC DVIS19,SFC DVIS20,SFC DVIS21,SFC DVIS22,SFC DVIS23,SFC DVIS24,SFC DVIS25,SFC DVIS26,SFC DVIS27,SFC DVIS28,SFC DVIS29,SFC DVIS30,SFC DVIS31,SFC DVIS32,SFC DVIS33,SFC DVIS34,SFC DVIS35,SFC DVIS36,SFC DVIS37,SFC DVIS38,SFC DVIS39,SFC DVIS40,SFC DVIS41,SFC DVIS42,SFC DVIS43,SFC DVIS44,SFC DVIS45,SFC DVIS46,SFC DVIS47,SFC DVIS48,SFC DVIS49,SFC DVIS50,SFC DVIS51,SFC DVIS52,SFC DVIS53,SFC DVIS54,SFC DVIS55,SFC DVIS56,SFC DVIS57,SFC DVIS58,SFC DVIS59,SFC DVIS60,SFC DVIS61,SFC DVIS62,SFC DVIS63,SFC DVIS64,SFC DVIS65,SFC DVIS66,SFC DVIS67,SFC DVIS68,SFC DVIS69,SFC DVIS70,SFC DVIS71,SFC DVIS72,SFC DVIS73,SFC DVIS74,SFC DVIS75,SFC DVIS76,SFC DVIS77,SFC DVIS78,SFC DVIS79,SFC DVIS80,SFC DVIS81,SFC DVIS82,SFC DVIS83,SFC DVIS84
 1007,    0.0000,  218.8983,    0.2194,  117.0969,  115.8380,   -0.8625,   -0.7595,  158.4330,  155.0000,  155.0000,  155.0000,  155.0000,  155.0000,  155.0000,  155.0000,  155.0000,  155.0000,  155.0000,  155.0000,  155.0000,  158.8202,  165.3996,  173.2672,  181.4393,  190.2764,  198.8104,  204.5754,  207.8212,  209.4182,  210.0462,  210.3680,  210.4855,    0.0676,    0.2556,    0.5389,    0.8888,    1.2804,    1.6928,    2.1082,    2.5121,    2.8933,    3.2429,    3.5544,    3.8241,    3.4712,    3.6087,    3.7179,    3.7987,    3.8530,    3.8815,    3.8866,    3.8696,    3.8324,    3.7775,    3.7019,    3.5964,    1.2424,    1.2267,    1.2047,    1.1662,    1.1137,    1.0481,    0.8756,    0.8393,    0.7711,    0.6138,    0.5638,    0.3590,    0.1995,    0.1649,    0.1438,    0.1375,    0.1329,    0.1277,    0.1258,    0.1235,    0.1245,    0.1364,    0.1735,    0.2440,    0.3730,    0.4452,    0.3502,    0.5089,    0.4971,    0.5051,    0.5244,    0.6000,    0.6202,    0.6335,    0.6351,    0.6285,    1.6842,    1.6087,    1.5504,    1.4822,    1.4116,    1.3421,    1.2748,    1.2087,    1.1452,    1.0819,    1.0194,    0.9639,    1.4270,    1.3066,    1.1824,    1.0659,    0.9702,    0.8860,    0.8005,    0.7221,    0.6504,    0.5836,    0.5141,    0.4584,    1.1328,    0.8012,    0.5722,    0.3992,    0.2764,    0.1901,    0.1299,    0.0861,    0.0569,    0.0365,    0.0240,    0.0175,    0.0899,    0.0485,    0.0757,    0.0853,    0.0957,    0.0892,    0.0975,    0.1095,    0.0962,    0.1325,    0.1172,    0.1283,    0.1417,    0.1155,    0.1679,    0.1865,    0.1530,    0.1811,    0.2062,    0.2231,    0.2234,    0.1500,    0.2398,    0.2531,    0.3109,    0.3324,    0.3440,    0.3658,    0.3756,    0.3936,    0.3989,    0.4549,    0.4935,    0.4704,    0.4844,    0.4940,    0.8433,    0.9209,    0.9662,    0.9986,    1.0221,    1.1068,    1.0376,    1.1056,    1.0799,    1.1314,    1.0731,    1.1504,    2.4777,    2.4439,    2.4989,    2.5383,    2.5642,    2.4625,    2.5489,    2.6139,    2.6670,    2.4800,    2.4441,    2.5380,    6.4157,    6.1123,    6.0433,    5.8603,    5.4132,    5.0767,    4.4565,    4.0997,    3.9404,    3.4535,    2.6528,    2.4637,    1.8993,    1.7458,    1.3311,    1.2705,    0.8565,    0.6215,    0.5021,    0.2015,    0.1776,    0.1261,    0.0437,    0.0355,    0.0000,    0.0000,    0.0000,    0.0000,    0.0000,    0.0000,    0.0000,    0.0000,    0.0000,    0.0000,    0.0000,    0.0000,    0.0000,    0.0000,    0.0000,    0.0000,    0.0000,    0.0000,    0.0000,    0.0001,    0.0002,    0.0007,    0.0108,    0.0490,    0.0110,    0.0180,    0.0344,    0.0771,    0.1397,    0.2137,    0.4309,    0.4495,    0.5119,    0.6671,    0.7005,    0.8672,    0.6959,    0.7036,    0.7106,    0.6982,    0.6956,    0.7186,    0.6761,    0.6645,    0.6491,    0.6306,    0.6025,    0.5551,    0.4721,    0.3712,    0.4491,    0.2585,    0.2602,    0.2432,    0.2110,    0.1067,    0.0696,    0.0377,    0.0207,    0.0150,    0.0329,    0.0299,    0.0085,    0.0020,    0.0004,    0.0004,    0.0002,    0.0011,    0.0019,    0.0049,    0.0091,    0.0081,    0.0085,    0.0012,    0.0075,    0.0141,    0.0089,    0.0000,    0.0000,    0.0000,    0.0000,    0.0008,    0.0066,    0.0072,    0.0065,    0.0059,    0.0000,    0.0000,    0.0000,    0.0000,    0.0000,    0.0009,    0.0011,    0.0014,    0.0012,    0.0002,    0.0266,    0.0000,    0.0608,    0.1075,    0.1214,    0.1110,    0.1245,    0.1386,    0.1233,    0.1698,    0.1501,    0.1645,    0.1808,    0.1468,    0.2123,    0.2321,    0.1900,    0.1318,    0.0189,    0.0386,    0.1649,    0.1902,    0.3067,    0.3223,    0.3984,    0.4260,    0.4410,    0.4686,    0.4799,    0.4920,    0.4648,    0.4226,    0.3741,    0.4433,    0.6104,    0.6178,    1.0805,    1.1804,    1.2359,    1.2564,    1.2364,    1.3694,    1.3136,    1.3975,    1.2854,    1.4503,    1.3718,    1.4606,    3.1621,    3.0885,    3.2030,    3.2531,    3.2748,    3.1568,    3.2678,    3.3511,    3.4192,    3.1776,    3.1334,    3.2539,    8.2247,    7.8363,    7.7478,    7.5132,    6.9399,    6.5086,    5.7135,    5.2561,    5.0518,    4.4276,    3.4010,    3.1586,    2.4350,    2.2382,    1.7066,    1.6288,    1.0981,    0.7968,    0.6438,    0.2584,    0.2277,    0.1616,    0.0560,    0.0455
  982,    0.0500,  218.5980,    0.2321,  115.0680,  113.9560,   -0.7155,   -0.8482,  158.4330,  155.0000,  155.2067,  155.1954,  155.0956,  155.0000,  155.0000,  155.0000,  155.0000,  155.0000,  155.0000,  155.0000,  157.3936,  162.2773,  168.8246,  175.8361,  182.7557,  189.7272,  198.2356,  203.9761,  207.1967,  208.7981,  209.4286,  209.7531,  209.8728,    0.0675,    0.2551,    0.5377,    0.8867,    1.2772,    1.6883,    2.1022,    2.5033,    2.8795,    3.2253,    3.5371,    3.8106,    3.4594,    3.5953,    3.6955,    3.7534,    3.7779,    3.7781,    3.7647,    3.7430,    3.7159,    3.6856,    3.6418,    3.5600,    1.2313,    1.2182,    1.1978,    1.1594,    1.1076,    1.0427,    0.8725,    0.8361,    0.7693,    0.6151,    0.5679,    0.3722,    0.2126,    0.1756,    0.1496,    0.1421,    0.1364,    0.1289,    0.1293,    0.1277,    0.1310,    0.1463,    0.1842,    0.2499,    0.3730,    0.4428,    0.3509,    0.5048,    0.4930,    0.5001,    0.5188,    0.5927,    0.6115,    0.6245,    0.6260,    0.6195,    1.6563,    1.5784,    1.5207,    1.4515,    1.3821,    1.3126,    1.2433,    1.1786,    1.1072,    1.0457,    0.9687,    0.9156,    1.3240,    1.1894,    1.0754,    0.9702,    0.9066,    0.8274,    0.7750,    0.6988,    0.6409,    0.5749,    0.5056,    0.4508,    1.1168,    0.7911,    0.5630,    0.3933,    0.2716,    0.1866,    0.1274,    0.0841,    0.0556,    0.0357,    0.0233,    0.0170,    0.0896,    0.0485,    0.0753,    0.0846,    0.0949,    0.0884,    0.0966,    0.1086,    0.0954,    0.1313,    0.1161,    0.1272,    0.1404,    0.1144,    0.1664,    0.1849,    0.1518,    0.1800,    0.2057,    0.2224,    0.2221,    0.1488,    0.2378,    0.2511,    0.3084,    0.3296,    0.3411,    0.3627,    0.3707,    0.3886,    0.3940,    0.4498,    0.4885,    0.4651,    0.4781,    0.4876,    0.8301,    0.9065,    0.9512,    0.9832,    1.0067,    1.0899,    1.0215,    1.0913,    1.0663,    1.1166,    1.0591,    1.1354,    2.4454,    2.4122,    2.4661,    2.4984,    2.5240,    2.4238,    2.5087,    2.5727,    2.6250,    2.4409,    2.4056,    2.4980,    6.3145,    6.0151,    5.9471,    5.7670,    5.3269,    4.9957,    4.3853,    4.0341,    3.8773,    3.3981,    2.6101,    2.4240,    1.8687,    1.6836,    1.2838,    1.2254,    0.8262,    0.5996,    0.4845,    0.1945,    0.1714,    0.1217,    0.0422,    0.0343,    0.0001,    0.0004,    0.0009,    0.0015,    0.0021,    0.0027,    0.0033,    0.0068,    0.0148,    0.0187,    0.0139,    0.0031,    0.0006,    0.0012,    0.0133,    0.0448,    0.0831,    0.1157,    0.1330,    0.1321,    0.1142,    0.0823,    0.0549,    0.0666,    0.0154,    0.0196,    0.0343,    0.0763,    0.1376,    0.2110,    0.4260,    0.4456,    0.5071,    0.6605,    0.6930,    0.8567,    0.6876,    0.6955,    0.7028,    0.6904,    0.6880,    0.7119,    0.6685,    0.6569,    0.6414,    0.6228,    0.5946,    0.5476,    0.4661,    0.3672,    0.4436,    0.2566,    0.2582,    0.2413,    0.2095,    0.1072,    0.0713,    0.0401,    0.0236,    0.0180,    0.0437,    0.0425,    0.0210,    0.0155,    0.0132,    0.0137,    0.0158,    0.0157,    0.0225,    0.0241,    0.0380,    0.0352,    0.0674,    0.0673,    0.0662,    0.0644,    0.0404,    0.0289,    0.0106,    0.0094,    0.0017,    0.0023,    0.0077,    0.0081,    0.0074,    0.0059,    0.0006,    0.0003,    0.0006,    0.0005,    0.0003,    0.0012,    0.0014,    0.0016,    0.0013,    0.0003,    0.0264,    0.0000,    0.0603,    0.1065,    0.1203,    0.1100,    0.1234,    0.1371,    0.1219,    0.1680,    0.1484,    0.1627,    0.1788,    0.1451,    0.2099,    0.2295,    0.1881,    0.1305,    0.0187,    0.0382,    0.1633,    0.1883,    0.3034,    0.3188,    0.3942,    0.4215,    0.4363,    0.4636,    0.4726,    0.4846,    0.4577,    0.4161,    0.3684,    0.4365,    0.6012,    0.6084,    1.0631,    1.1614,    1.2159,    1.2360,    1.2164,    1.3472,    1.2924,    1.3780,    1.2675,    1.4301,    1.3527,    1.4403,    3.1181,    3.0454,    3.1585,    3.1972,    3.2185,    3.1025,    3.2116,    3.2935,    3.3604,    3.1230,    3.0795,    3.1979,    8.0831,    7.7008,    7.6138,    7.3832,    6.8197,    6.3957,    5.6143,    5.1647,    4.9638,    4.3504,    3.3416,    3.1033,    2.3923,    2.1543,    1.6427,    1.5679,    1.0572,    0.7672,    0.6199,    0.2488,    0.2193,    0.1557,    0.0540,    0.0439
  977,    0.1000,  218.2979,    0.2441,  113.1817,  112.1709,   -0.6144,   -0.8979,  158.4330,  155.0000,  155.4001,  155.4965,  155.4948,  155.3940,  155.1923,  155.0000,  155.0000,  155.0000,  155.0000,  156.4916,  159.8476,  164.8711,  171.1997,  177.5707,  183.6547,  189.5192,  197.6472,  203.3640,  206.5703,  208.1705,  208.7993,  209.1270,  209.2467,    0.0674,    0.2546,    0.5366,    0.8846,    1.2740,    1.6838,    2.0962,    2.4946,    2.8660,    3.2083,    3.5203,    3.7973,    3.4477,    3.5819,    3.6735,    3.7101,    3.7074,    3.6827,    3.6531,    3.6272,    3.6087,    3.5997,    3.5846,    3.5247,    1.2205,    1.2099,    1.1910,    1.1527,    1.1017,    1.0374,    0.8695,    0.8329,    0.7674,    0.6162,    0.5711,    0.3831,    0.2238,    0.1856,    0.1564,    0.1481,    0.1412,    0.1313,    0.1341,    0.1332,    0.1383,    0.1555,    0.1932,    0.2549,    0.3729,    0.4405,    0.3515,    0.5008,    0.4891,    0.4954,    0.5135,    0.5857,    0.6032,    0.6158,    0.6173,    0.6108,    1.6292,    1.5490,    1.4921,    1.4220,    1.3536,    1.2842,    1.2130,    1.1496,    1.0711,    1.0114,    0.9217,    0.8708,    1.2316,    1.0866,    0.9817,    0.8862,    0.8488,    0.7740,    0.7505,    0.6765,    0.6316,    0.5664,    0.4973,    0.4433,    1.1010,    0.7811,    0.5540,    0.3875,    0.2668,    0.1833,    0.1250,    0.0822,    0.0543,    0.0348,    0.0227,    0.0166,    0.0893,    0.0484,    0.0749,    0.0838,    0.0940,    0.0876,    0.0957,    0.1076,    0.0945,    0.1301,    0.1151,    0.1261,    0.1392,    0.1134,    0.1649,    0.1833,    0.1506,    0.1788,    0.2052,    0.2217,    0.2209,    0.1476,    0.2359,    0.2490,    0.3058,    0.3269,    0.3384,    0.3598,    0.3660,    0.3838,    0.3893,    0.4449,    0.4836,    0.4600,    0.4721,    0.4816,    0.8175,    0.8927,    0.9367,    0.9684,    0.9919,    1.0736,    1.0061,    1.0774,    1.0532,    1.1023,    1.0456,    1.1210,    2.4142,    2.3816,    2.4346,    2.4602,    2.4855,    2.3867,    2.4704,    2.5334,    2.5848,    2.4036,    2.3688,    2.4598,    6.2180,    5.9221,    5.8552,    5.6779,    5.2446,    4.9186,    4.3177,    3.9720,    3.8176,    3.3458,    2.5700,    2.3868,    1.8400,    1.6270,    1.2407,    1.1844,    0.7987,    0.5798,    0.4685,    0.1881,    0.1658,    0.1178,    0.0408,    0.0332,    0.0002,    0.0009,    0.0018,    0.0030,    0.0042,    0.0055,    0.0067,    0.0138,    0.0297,    0.0375,    0.0280,    0.0062,    0.0012,    0.0025,    0.0268,    0.0898,    0.1653,    0.2288,    0.2620,    0.2602,    0.2256,    0.1632,    0.0994,    0.0846,    0.0199,    0.0213,    0.0341,    0.0756,    0.1356,    0.2083,    0.4208,    0.4414,    0.5019,    0.6535,    0.6850,    0.8457,    0.6788,    0.6871,    0.6949,    0.6825,    0.6803,    0.7052,    0.6609,    0.6492,    0.6335,    0.6147,    0.5864,    0.5397,    0.4599,    0.3629,    0.4379,    0.2546,    0.2561,    0.2393,    0.2079,    0.1077,    0.0730,    0.0426,    0.0265,    0.0210,    0.0545,    0.0551,    0.0335,    0.0288,    0.0259,    0.0267,    0.0309,    0.0299,    0.0423,    0.0425,    0.0649,    0.0606,    0.1206,    0.1256,    0.1179,    0.1089,    0.0693,    0.0554,    0.0207,    0.0185,    0.0034,    0.0038,    0.0086,    0.0089,    0.0082,    0.0059,    0.0012,    0.0006,    0.0012,    0.0010,    0.0007,    0.0016,    0.0017,    0.0017,    0.0014,    0.0004,    0.0262,    0.0000,    0.0599,    0.1055,    0.1191,    0.1090,    0.1222,    0.1356,    0.1206,    0.1661,    0.1468,    0.1609,    0.1768,    0.1435,    0.2076,    0.2269,    0.1862,    0.1292,    0.0185,    0.0378,    0.1617,    0.1865,    0.3002,    0.3155,    0.3900,    0.4170,    0.4317,    0.4587,    0.4656,    0.4773,    0.4508,    0.4099,    0.3629,    0.4300,    0.5922,    0.5994,    1.0463,    1.1430,    1.1967,    1.2165,    1.1971,    1.3259,    1.2719,    1.3592,    1.2503,    1.4106,    1.3343,    1.4206,    3.0756,    3.0039,    3.1154,    3.1436,    3.1645,    3.0505,    3.1577,    3.2383,    3.3040,    3.0706,    3.0279,    3.1443,    7.9476,    7.5709,    7.4854,    7.2587,    6.7048,    6.2880,    5.5198,    5.0778,    4.8804,    4.2773,    3.2855,    3.0513,    2.3523,    2.0777,    1.5844,    1.5125,    1.0199,    0.7403,    0.5983,    0.2402,    0.2118,    0.1504,    0.0522,    0.0424
  984,    0.1500,  217.9966,    0.2556,  111.4268,  110.4641,   -0.5652,   -0.9214,  158.4330,  155.1278,  155.6345,  156.0017,  156.1034,  156.1496,  156.0715,  155.8862,  155.6987,  155.7981,  156.5372,  158.4579,  161.8824,  166.8314,  172.8836,  178.7583,  184.2632,  189.5709,  197.0775,  202.7742,  205.9623,  207.5631,  208.1924,  208.5222,  208.6418,    0.0672,    0.2541,    0.5354,    0.8826,    1.2709,    1.6794,    2.0904,    2.4860,    2.8528,    3.1916,    3.5038,    3.7840,    3.4360,    3.5686,    3.6519,    3.6684,    3.6410,    3.5939,    3.5502,    3.5204,    3.5092,    3.5189,    3.5297,    3.4903,    1.2100,    1.2016,    1.1842,    1.1461,    1.0958,    1.0323,    0.8664,    0.8297,    0.7653,    0.6171,    0.5735,    0.3923,    0.2336,    0.1954,    0.1648,    0.1564,    0.1486,    0.1364,    0.1415,    0.1408,    0.1466,    0.1643,    0.2010,    0.2591,    0.3727,    0.4382,    0.3520,    0.4969,    0.4853,    0.4908,    0.5083,    0.5789,    0.5950,    0.6073,    0.6087,    0.6022,    1.6029,    1.5207,    1.4643,    1.3934,    1.3260,    1.2567,    1.1838,    1.1216,    1.0368,    0.9787,    0.8780,    0.8293,    1.1484,    0.9963,    0.8993,    0.8121,    0.7959,    0.7252,    0.7271,    0.6552,    0.6224,    0.5580,    0.4891,    0.4359,    1.0854,    0.7712,    0.5451,    0.3818,    0.2621,    0.1800,    0.1227,    0.0803,    0.0530,    0.0340,    0.0221,    0.0161,    0.0890,    0.0484,    0.0745,    0.0831,    0.0932,    0.0868,    0.0949,    0.1067,    0.0937,    0.1289,    0.1141,    0.1250,    0.1379,    0.1124,    0.1635,    0.1817,    0.1494,    0.1777,    0.2046,    0.2210,    0.2197,    0.1464,    0.2340,    0.2470,    0.3034,    0.3243,    0.3356,    0.3569,    0.3615,    0.3791,    0.3847,    0.4402,    0.4789,    0.4550,    0.4663,    0.4757,    0.8053,    0.8794,    0.9228,    0.9541,    0.9776,    1.0579,    0.9912,    1.0641,    1.0405,    1.0885,    1.0325,    1.1070,    2.3840,    2.3521,    2.4041,    2.4236,    2.4486,    2.3512,    2.4336,    2.4957,    2.5464,    2.3678,    2.3335,    2.4232,    6.1255,    5.8327,    5.7669,    5.5923,    5.1656,    4.8446,    4.2528,    3.9123,    3.7603,    3.2957,    2.5316,    2.3512,    1.8126,    1.5749,    1.2011,    1.1467,    0.7734,    0.5615,    0.4538,    0.1822,    0.1607,    0.1142,    0.0396,    0.0322,    0.0004,    0.0013,    0.0028,    0.0045,    0.0064,    0.0083,    0.0101,    0.0208,    0.0447,    0.0565,    0.0422,    0.0093,    0.0017,    0.0037,    0.0403,    0.1345,    0.2459,    0.3382,    0.3861,    0.3834,    0.3334,    0.2425,    0.1436,    0.1028,    0.0244,    0.0230,    0.0340,    0.0749,    0.1336,    0.2057,    0.4159,    0.4373,    0.4970,    0.6468,    0.6774,    0.8352,    0.6703,    0.6788,    0.6870,    0.6745,    0.6726,    0.6985,    0.6532,    0.6415,    0.6257,    0.6067,    0.5784,    0.5322,    0.4540,    0.3588,    0.4324,    0.2527,    0.2541,    0.2375,    0.2065,    0.1083,    0.0749,    0.0452,    0.0294,    0.0240,    0.0653,    0.0676,    0.0459,    0.0420,    0.0383,    0.0396,    0.0457,    0.0437,    0.0612,    0.0602,    0.0901,    0.0842,    0.1687,    0.1771,    0.1634,    0.1481,    0.0957,    0.0795,    0.0304,    0.0272,    0.0051,    0.0053,    0.0096,    0.0098,    0.0091,    0.0058,    0.0018,    0.0009,    0.0018,    0.0015,    0.0010,    0.0019,    0.0019,    0.0019,    0.0015,    0.0005,    0.0260,    0.0000,    0.0594,    0.1045,    0.1180,    0.1080,    0.1211,    0.1341,    0.1193,    0.1644,    0.1453,    0.1591,    0.1748,    0.1420,    0.2053,    0.2244,    0.1844,    0.1279,    0.0183,    0.0374,    0.1602,    0.1847,    0.2970,    0.3122,    0.3859,    0.4127,    0.4272,    0.4539,    0.4588,    0.4704,    0.4442,    0.4039,    0.3577,    0.4237,    0.5835,    0.5906,    1.0301,    1.1254,    1.1782,    1.1976,    1.1785,    1.3054,    1.2522,    1.3410,    1.2335,    1.3918,    1.3165,    1.4016,    3.0345,    2.9637,    3.0738,    3.0920,    3.1126,    3.0005,    3.1060,    3.1852,    3.2499,    3.0203,    2.9783,    3.0927,    7.8174,    7.4458,    7.3618,    7.1388,    6.5941,    6.1843,    5.4288,    4.9942,    4.8001,    4.2070,    3.2316,    3.0013,    2.3138,    2.0069,    1.5306,    1.4613,    0.9855,    0.7155,    0.5783,    0.2322,    0.2048,    0.1455,    0.0505,    0.0411
  998,    0.2000,  217.6968,    0.2666,  109.7721,  108.8299,   -0.5411,   -0.9132,  158.4330,  155.5118,  156.0921,  156.7918,  156.9003,  157.0983,  157.1002,  157.0649,  157.0125,  157.2459,  158.0889,  160.0419,  163.4348,  168.2586,  174.0548,  179.5548,  184.6532,  189.5595,  196.5538,  202.2322,  205.4030,  207.0038,  207.6323,  207.9654,  208.0852,    0.0671,    0.2536,    0.5343,    0.8806,    1.2678,    1.6750,    2.0845,    2.4776,    2.8399,    3.1754,    3.4875,    3.7708,    3.4243,    3.5553,    3.6305,    3.6281,    3.5778,    3.5108,    3.4546,    3.4214,    3.4162,    3.4423,    3.4768,    3.4568,    1.1996,    1.1935,    1.1775,    1.1396,    1.0902,    1.0273,    0.8635,    0.8265,    0.7632,    0.6177,    0.5751,    0.3995,    0.2416,    0.2040,    0.1731,    0.1647,    0.1564,    0.1427,    0.1492,    0.1485,    0.1544,    0.1719,    0.2072,    0.2624,    0.3723,    0.4360,    0.3522,    0.4931,    0.4816,    0.4865,    0.5035,    0.5723,    0.5872,    0.5992,    0.6004,    0.5939,    1.5773,    1.4932,    1.4374,    1.3657,    1.2993,    1.2301,    1.1556,    1.0946,    1.0041,    0.9476,    0.8375,    0.7907,    1.0733,    0.9166,    0.8265,    0.7466,    0.7476,    0.6806,    0.7046,    0.6347,    0.6134,    0.5498,    0.4811,    0.4287,    1.0700,    0.7615,    0.5363,    0.3761,    0.2575,    0.1767,    0.1204,    0.0784,    0.0518,    0.0331,    0.0216,    0.0157,    0.0887,    0.0484,    0.0741,    0.0824,    0.0924,    0.0861,    0.0941,    0.1057,    0.0929,    0.1278,    0.1131,    0.1239,    0.1368,    0.1115,    0.1621,    0.1802,    0.1482,    0.1766,    0.2041,    0.2203,    0.2185,    0.1453,    0.2321,    0.2451,    0.3010,    0.3217,    0.3330,    0.3541,    0.3571,    0.3746,    0.3803,    0.4355,    0.4743,    0.4502,    0.4607,    0.4700,    0.7936,    0.8666,    0.9094,    0.9404,    0.9638,    1.0428,    0.9769,    1.0511,    1.0282,    1.0752,    1.0199,    1.0936,    2.3549,    2.3235,    2.3746,    2.3884,    2.4132,    2.3171,    2.3983,    2.4595,    2.5094,    2.3335,    2.2997,    2.3881,    6.0367,    5.7469,    5.6821,    5.5101,    5.0897,    4.7734,    4.1903,    3.8549,    3.7052,    3.2475,    2.4946,    2.3169,    1.7862,    1.5267,    1.1645,    1.1119,    0.7500,    0.5446,    0.4402,    0.1768,    0.1560,    0.1108,    0.0385,    0.0313,    0.0005,    0.0018,    0.0037,    0.0060,    0.0085,    0.0110,    0.0135,    0.0277,    0.0597,    0.0754,    0.0563,    0.0125,    0.0023,    0.0049,    0.0539,    0.1788,    0.3244,    0.4435,    0.5044,    0.5007,    0.4369,    0.3196,    0.1874,    0.1211,    0.0290,    0.0248,    0.0340,    0.0743,    0.1319,    0.2033,    0.4115,    0.4338,    0.4926,    0.6408,    0.6708,    0.8261,    0.6629,    0.6714,    0.6797,    0.6672,    0.6654,    0.6920,    0.6460,    0.6343,    0.6185,    0.5996,    0.5714,    0.5258,    0.4489,    0.3554,    0.4277,    0.2512,    0.2525,    0.2361,    0.2054,    0.1091,    0.0768,    0.0478,    0.0323,    0.0270,    0.0760,    0.0799,    0.0580,    0.0550,    0.0506,    0.0521,    0.0599,    0.0571,    0.0792,    0.0770,    0.1135,    0.1061,    0.2120,    0.2223,    0.2035,    0.1827,    0.1198,    0.1015,    0.0397,    0.0354,    0.0067,    0.0067,    0.0106,    0.0106,    0.0100,    0.0058,    0.0024,    0.0012,    0.0023,    0.0019,    0.0013,    0.0022,    0.0022,    0.0020,    0.0016,    0.0006,    0.0258,    0.0000,    0.0590,    0.1036,    0.1170,    0.1070,    0.1200,    0.1327,    0.1181,    0.1626,    0.1437,    0.1574,    0.1730,    0.1404,    0.2031,    0.2220,    0.1826,    0.1267,    0.0181,    0.0371,    0.1586,    0.1829,    0.2940,    0.3089,    0.3820,    0.4084,    0.4228,    0.4492,    0.4522,    0.4636,    0.4378,    0.3981,    0.3526,    0.4176,    0.5752,    0.5821,    1.0145,    1.1083,    1.1604,    1.1795,    1.1607,    1.2856,    1.2333,    1.3234,    1.2174,    1.3735,    1.2992,    1.3832,    2.9946,    2.9248,    3.0335,    3.0425,    3.0627,    2.9524,    3.0562,    3.1341,    3.1978,    2.9719,    2.9305,    3.0432,    7.6921,    7.3253,    7.2427,    7.0234,    6.4876,    6.0844,    5.3412,    4.9136,    4.7228,    4.1393,    3.1797,    2.9531,    2.2767,    1.9413,    1.4807,    1.4138,    0.9536,    0.6924,    0.5597,    0.2248,    0.1983,    0.1409,    0.0489,    0.0398
 1040,    0.3000,  217.0974,    0.2873,  106.6357,  105.7596,   -0.4690,   -0.8715,  158.4330,  156.1579,  156.7925,  157.5945,  158.1022,  158.3944,  158.5843,  158.6986,  158.8147,  159.1989,  160.1409,  162.1070,  165.4003,  169.9976,  175.4004,  180.4267,  185.0438,  189.4472,  195.6432,  201.2922,  204.4380,  206.0314,  206.6638,  206.9987,  207.1182,    0.0669,    0.2526,    0.5320,    0.8766,    1.2616,    1.6662,    2.0729,    2.4609,    2.8145,    3.1433,    3.4554,    3.7444,    3.4009,    3.5287,    3.5885,    3.5502,    3.4588,    3.3573,    3.2801,    3.2408,    3.2451,    3.2988,    3.3753,    3.3911,    1.1793,    1.1776,    1.1643,    1.1270,    1.0791,    1.0174,    0.8569,    0.8192,    0.7576,    0.6163,    0.5752,    0.4080,    0.2518,    0.2153,    0.1843,    0.1759,    0.1670,    0.1514,    0.1596,    0.1589,    0.1649,    0.1818,    0.2150,    0.2660,    0.3703,    0.4309,    0.3510,    0.4852,    0.4738,    0.4778,    0.4938,    0.5596,    0.5721,    0.5833,    0.5842,    0.5778,    1.5278,    1.4402,    1.3854,    1.3124,    1.2480,    1.1790,    1.1018,    1.0432,    0.9428,    0.8893,    0.7639,    0.7206,    0.9430,    0.7827,    0.7043,    0.6363,    0.6622,    0.6017,    0.6621,    0.5959,    0.5956,    0.5336,    0.4654,    0.4145,    1.0397,    0.7421,    0.5192,    0.3649,    0.2485,    0.1703,    0.1159,    0.0749,    0.0494,    0.0316,    0.0204,    0.0149,    0.0881,    0.0483,    0.0733,    0.0810,    0.0909,    0.0847,    0.0925,    0.1040,    0.0913,    0.1257,    0.1112,    0.1218,    0.1345,    0.1096,    0.1594,    0.1772,    0.1460,    0.1744,    0.2031,    0.2188,    0.2162,    0.1431,    0.2286,    0.2413,    0.2964,    0.3168,    0.3279,    0.3486,    0.3488,    0.3660,    0.3718,    0.4267,    0.4655,    0.4411,    0.4501,    0.4592,    0.7714,    0.8423,    0.8839,    0.9144,    0.9377,    1.0142,    0.9498,    1.0265,    1.0047,    1.0497,    0.9958,    1.0679,    2.2993,    2.2690,    2.3184,    2.3222,    2.3464,    2.2528,    2.3318,    2.3913,    2.4399,    2.2689,    2.2360,    2.3219,    5.8695,    5.5848,    5.5219,    5.3548,    4.9463,    4.6391,    4.0725,    3.7466,    3.6012,    3.1564,    2.4248,    2.2521,    1.7364,    1.4406,    1.0990,    1.0496,    0.7081,    0.5143,    0.4159,    0.1671,    0.1474,    0.1048,    0.0364,    0.0296,    0.0007,    0.0027,    0.0056,    0.0090,    0.0128,    0.0166,    0.0203,    0.0416,    0.0893,    0.1127,    0.0845,    0.0188,    0.0034,    0.0073,    0.0806,    0.2646,    0.4733,    0.6388,    0.7213,    0.7156,    0.6280,    0.4648,    0.2717,    0.1569,    0.0380,    0.0283,    0.0340,    0.0731,    0.1284,    0.1984,    0.4027,    0.4264,    0.4838,    0.6295,    0.6581,    0.8094,    0.6497,    0.6586,    0.6674,    0.6549,    0.6534,    0.6809,    0.6341,    0.6224,    0.6064,    0.5873,    0.5590,    0.5139,    0.4391,    0.3487,    0.4189,    0.2481,    0.2491,    0.2331,    0.2033,    0.1105,    0.0806,    0.0528,    0.0380,    0.0328,    0.0966,    0.1036,    0.0813,    0.0797,    0.0739,    0.0759,    0.0868,    0.0823,    0.1125,    0.1079,    0.1549,    0.1450,    0.2853,    0.2966,    0.2691,    0.2395,    0.1613,    0.1393,    0.0569,    0.0507,    0.0098,    0.0094,    0.0126,    0.0123,    0.0116,    0.0058,    0.0035,    0.0018,    0.0033,    0.0028,    0.0019,    0.0028,    0.0027,    0.0023,    0.0019,    0.0008,    0.0255,    0.0000,    0.0581,    0.1017,    0.1149,    0.1051,    0.1178,    0.1299,    0.1156,    0.1593,    0.1407,    0.1541,    0.1693,    0.1374,    0.1988,    0.2173,    0.1792,    0.1244,    0.0178,    0.0364,    0.1557,    0.1794,    0.2880,    0.3027,    0.3742,    0.4001,    0.4142,    0.4401,    0.4396,    0.4507,    0.4256,    0.3870,    0.3429,    0.4061,    0.5592,    0.5659,    0.9849,    1.0760,    1.1266,    1.1451,    1.1268,    1.2481,    1.1973,    1.2898,    1.1865,    1.3387,    1.2662,    1.3481,    2.9186,    2.8506,    2.9565,    2.9487,    2.9683,    2.8614,    2.9620,    3.0376,    3.0993,    2.8803,    2.8403,    2.9494,    7.4552,    7.0970,    7.0170,    6.8047,    6.2856,    5.8951,    5.1751,    4.7610,    4.5762,    4.0110,    3.0812,    2.8618,    2.2065,    1.8234,    1.3910,    1.3284,    0.8962,    0.6509,    0.5263,    0.2114,    0.1866,    0.1326,    0.0460,    0.0375
 1039,    0.4000,  216.5969,    0.3064,  103.8934,  102.9257,   -0.5567,   -0.9665,  158.4330,  156.5148,  157.1994,  158.0294,  158.8639,  159.1966,  159.4993,  159.6992,  159.9674,  160.3974,  161.3963,  163.3474,  166.5411,  170.9421,  176.0803,  180.8370,  185.2370,  189.3872,  194.9894,  200.6139,  203.7410,  205.3274,  205.9631,  206.3019,  206.4211,    0.0667,    0.2517,    0.5300,    0.8731,    1.2562,    1.6587,    2.0629,    2.4463,    2.7919,    3.1148,    3.4270,    3.7220,    3.3813,    3.5062,    3.5513,    3.4798,    3.3523,    3.2223,    3.1285,    3.0843,    3.0956,    3.1712,    3.2839,    3.3327,    1.1613,    1.1638,    1.1533,    1.1164,    1.0699,    1.0091,    0.8511,    0.8126,    0.7523,    0.6136,    0.5736,    0.4120,    0.2573,    0.2216,    0.1909,    0.1826,    0.1734,    0.1568,    0.1660,    0.1652,    0.1710,    0.1873,    0.2191,    0.2674,    0.3678,    0.4259,    0.3489,    0.4780,    0.4668,    0.4699,    0.4852,    0.5484,    0.5588,    0.5692,    0.5699,    0.5634,    1.4838,    1.3930,    1.3391,    1.2649,    1.2023,    1.1336,    1.0541,    0.9976,    0.8889,    0.8380,    0.7012,    0.6609,    0.8369,    0.6779,    0.6088,    0.5499,    0.5915,    0.5363,    0.6248,    0.5620,    0.5804,    0.5198,    0.4520,    0.4024,    1.0143,    0.7263,    0.5048,    0.3558,    0.2410,    0.1651,    0.1122,    0.0719,    0.0474,    0.0303,    0.0195,    0.0142,    0.0875,    0.0482,    0.0725,    0.0797,    0.0894,    0.0833,    0.0909,    0.1023,    0.0898,    0.1236,    0.1093,    0.1198,    0.1323,    0.1078,    0.1568,    0.1744,    0.1438,    0.1724,    0.2020,    0.2175,    0.2140,    0.1410,    0.2252,    0.2378,    0.2920,    0.3121,    0.3230,    0.3435,    0.3411,    0.3580,    0.3639,    0.4185,    0.4573,    0.4325,    0.4402,    0.4491,    0.7507,    0.8197,    0.8603,    0.8902,    0.9133,    0.9875,    0.9245,    1.0034,    0.9828,    1.0259,    0.9732,    1.0437,    2.2472,    2.2179,    2.2657,    2.2610,    2.2847,    2.1934,    2.2703,    2.3282,    2.3755,    2.2090,    2.1770,    2.2607,    5.7148,    5.4344,    5.3732,    5.2107,    4.8133,    4.5144,    3.9631,    3.6461,    3.5047,    3.0719,    2.3600,    2.1920,    1.6902,    1.3657,    1.0420,    0.9953,    0.6717,    0.4879,    0.3947,    0.1586,    0.1400,    0.0996,    0.0346,    0.0282,    0.0010,    0.0036,    0.0074,    0.0120,    0.0170,    0.0221,    0.0270,    0.0554,    0.1185,    0.1493,    0.1122,    0.0250,    0.0045,    0.0097,    0.1070,    0.3470,    0.6119,    0.8157,    0.9146,    0.9067,    0.8001,    0.5990,    0.3523,    0.1921,    0.0469,    0.0320,    0.0342,    0.0725,    0.1259,    0.1949,    0.3965,    0.4215,    0.4778,    0.6216,    0.6494,    0.7976,    0.6402,    0.6491,    0.6581,    0.6456,    0.6443,    0.6722,    0.6250,    0.6134,    0.5974,    0.5782,    0.5501,    0.5055,    0.4325,    0.3444,    0.4128,    0.2465,    0.2474,    0.2318,    0.2027,    0.1127,    0.0848,    0.0580,    0.0437,    0.0386,    0.1167,    0.1263,    0.1036,    0.1031,    0.0960,    0.0983,    0.1118,    0.1058,    0.1426,    0.1360,    0.1908,    0.1786,    0.3452,    0.3548,    0.3205,    0.2842,    0.1960,    0.1708,    0.0725,    0.0646,    0.0128,    0.0121,    0.0145,    0.0139,    0.0133,    0.0057,    0.0046,    0.0024,    0.0043,    0.0036,    0.0024,    0.0033,    0.0032,    0.0025,    0.0021,    0.0010,    0.0252,    0.0000,    0.0573,    0.0999,    0.1129,    0.1032,    0.1158,    0.1273,    0.1133,    0.1560,    0.1379,    0.1509,    0.1658,    0.1346,    0.1947,    0.2128,    0.1759,    0.1222,    0.0176,    0.0358,    0.1529,    0.1761,    0.2823,    0.2967,    0.3668,    0.3922,    0.4060,    0.4314,    0.4278,    0.4385,    0.4141,    0.3766,    0.3337,    0.3951,    0.5441,    0.5506,    0.9574,    1.0459,    1.0950,    1.1130,    1.0953,    1.2132,    1.1638,    1.2582,    1.1574,    1.3059,    1.2352,    1.3151,    2.8471,    2.7807,    2.8841,    2.8615,    2.8805,    2.7768,    2.8744,    2.9477,    3.0076,    2.7951,    2.7563,    2.8622,    7.2348,    6.8841,    6.8066,    6.6007,    6.0973,    5.7186,    5.0203,    4.6187,    4.4395,    3.8913,    2.9894,    2.7766,    2.1409,    1.7202,    1.3125,    1.2536,    0.8459,    0.6145,    0.4970,    0.1997,    0.1763,    0.1254,    0.0435,    0.0355
 1104,    0.5000,  215.9978,    0.3241,  101.1523,  100.2996,   -0.4396,   -0.8696,  158.4330,  156.7743,  157.4901,  158.3395,  159.3013,  159.6967,  160.0127,  160.2995,  160.5998,  161.0791,  162.0678,  163.9862,  167.0790,  171.2976,  176.2324,  180.8494,  185.1668,  189.1961,  194.3476,  199.9530,  203.0620,  204.6412,  205.2799,  205.6200,  205.7388,    0.0664,    0.2507,    0.5278,    0.8691,    1.2501,    1.6500,    2.0513,    2.4298,    2.7671,    3.0837,    3.3956,    3.6959,    3.3581,    3.4798,    3.5103,    3.4076,    3.2481,    3.0945,    2.9875,    2.9389,    2.9549,    3.0476,    3.1911,    3.2701,    1.1417,    1.1483,    1.1404,    1.1040,    1.0590,    0.9991,    0.8434,    0.8042,    0.7450,    0.6087,    0.5695,    0.4122,    0.2592,    0.2244,    0.1942,    0.1861,    0.1768,    0.1598,    0.1693,    0.1684,    0.1740,    0.1897,    0.2203,    0.2667,    0.3639,    0.4198,    0.3452,    0.4697,    0.4587,    0.4612,    0.4757,    0.5364,    0.5446,    0.5543,    0.5546,    0.5483,    1.4378,    1.3444,    1.2914,    1.2165,    1.1556,    1.0874,    1.0063,    0.9518,    0.8367,    0.7884,    0.6437,    0.6062,    0.7453,    0.5912,    0.5297,    0.4781,    0.5289,    0.4786,    0.5880,    0.5284,    0.5635,    0.5044,    0.4372,    0.3890,    0.9854,    0.7077,    0.4886,    0.3451,    0.2325,    0.1591,    0.1079,    0.0686,    0.0452,    0.0288,    0.0185,    0.0134,    0.0870,    0.0482,    0.0717,    0.0784,    0.0879,    0.0820,    0.0895,    0.1007,    0.0884,    0.1216,    0.1076,    0.1180,    0.1302,    0.1062,    0.1544,    0.1717,    0.1418,    0.1704,    0.2010,    0.2162,    0.2119,    0.1389,    0.2220,    0.2344,    0.2878,    0.3076,    0.3184,    0.3385,    0.3338,    0.3505,    0.3565,    0.4107,    0.4495,    0.4244,    0.4308,    0.4397,    0.7314,    0.7986,    0.8382,    0.8675,    0.8906,    0.9626,    0.9009,    0.9816,    0.9621,    1.0034,    0.9519,    1.0211,    2.1982,    2.1698,    2.2162,    2.2041,    2.2274,    2.1382,    2.2132,    2.2697,    2.3158,    2.1535,    2.1223,    2.2039,    5.5711,    5.2945,    5.2349,    5.0766,    4.6895,    4.3984,    3.8614,    3.5526,    3.4149,    2.9933,    2.2996,    2.1361,    1.6471,    1.3000,    0.9920,    0.9477,    0.6396,    0.4647,    0.3760,    0.1512,    0.1335,    0.0949,    0.0330,    0.0269,    0.0012,    0.0045,    0.0093,    0.0150,    0.0212,    0.0276,    0.0337,    0.0689,    0.1469,    0.1849,    0.1392,    0.0312,    0.0056,    0.0120,    0.1326,    0.4251,    0.7388,    0.9731,    1.0836,    1.0734,    0.9521,    0.7206,    0.4277,    0.2258,    0.0555,    0.0354,    0.0343,    0.0717,    0.1231,    0.1911,    0.3898,    0.4158,    0.4710,    0.6130,    0.6401,    0.7855,    0.6305,    0.6395,    0.6484,    0.6361,    0.6348,    0.6628,    0.6157,    0.6041,    0.5881,    0.5689,    0.5410,    0.4969,    0.4254,    0.3396,    0.4064,    0.2445,    0.2452,    0.2300,    0.2016,    0.1145,    0.0886,    0.0628,    0.0491,    0.0440,    0.1354,    0.1474,    0.1243,    0.1247,    0.1164,    0.1189,    0.1345,    0.1270,    0.1691,    0.1606,    0.2208,    0.2067,    0.3925,    0.3989,    0.3593,    0.3181,    0.2238,    0.1960,    0.0862,    0.0768,    0.0155,    0.0145,    0.0162,    0.0154,    0.0149,    0.0057,    0.0056,    0.0029,    0.0052,    0.0043,    0.0029,    0.0038,    0.0036,    0.0028,    0.0022,    0.0011,    0.0248,    0.0000,    0.0565,    0.0982,    0.1109,    0.1015,    0.1138,    0.1248,    0.1110,    0.1529,    0.1351,    0.1478,    0.1624,    0.1319,    0.1907,    0.2085,    0.1727,    0.1201,    0.0173,    0.0353,    0.1502,    0.1729,    0.2768,    0.2909,    0.3597,    0.3846,    0.3981,    0.4230,    0.4166,    0.4271,    0.4033,    0.3668,    0.3251,    0.3849,    0.5299,    0.5362,    0.9316,    1.0177,    1.0655,    1.0830,    1.0657,    1.1805,    1.1324,    1.2284,    1.1300,    1.2750,    1.2060,    1.2839,    2.7797,    2.7149,    2.8158,    2.7801,    2.7986,    2.6978,    2.7926,    2.8639,    2.9221,    2.7156,    2.6779,    2.7808,    7.0291,    6.6851,    6.6099,    6.4100,    5.9212,    5.5535,    4.8755,    4.4855,    4.3116,    3.7793,    2.9035,    2.6970,    2.0796,    1.6290,    1.2430,    1.1874,    0.8014,    0.5823,    0.4711,    0.1893,    0.1672,    0.1189,    0.0413,    0.0337
 1184,    0.7500,  214.6977,    0.3632,   95.3654,   94.4950,   -0.4522,   -0.8627,  158.4330,  157.2477,  157.9955,  158.8529,  159.8559,  160.2685,  160.5972,  160.8981,  161.1994,  161.6990,  162.6338,  164.4353,  167.2996,  171.2442,  175.8860,  180.4222,  184.8229,  188.8910,  193.2391,  198.8094,  201.8863,  203.4502,  204.0944,  204.4356,  204.5560,    0.0659,    0.2485,    0.5228,    0.8603,    1.2365,    1.6308,    2.0258,    2.3930,    2.7113,    3.0137,    3.3252,    3.6386,    3.3075,    3.4220,    3.4184,    3.2461,    3.0221,    2.8265,    2.6980,    2.6416,    2.6629,    2.7829,    2.9858,    3.1301,    1.0981,    1.1140,    1.1123,    1.0773,    1.0355,    0.9776,    0.8264,    0.7852,    0.7284,    0.5958,    0.5583,    0.4080,    0.2586,    0.2253,    0.1965,    0.1887,    0.1795,    0.1629,    0.1720,    0.1709,    0.1758,    0.1903,    0.2190,    0.2628,    0.3544,    0.4057,    0.3357,    0.4509,    0.4404,    0.4415,    0.4544,    0.5096,    0.5132,    0.5214,    0.5210,    0.5147,    1.3365,    1.2377,    1.1870,    1.1107,    1.0538,    0.9870,    0.9030,    0.8531,    0.7271,    0.6842,    0.5294,    0.4974,    0.5765,    0.4404,    0.3924,    0.3531,    0.4106,    0.3695,    0.5101,    0.4575,    0.5272,    0.4713,    0.4053,    0.3602,    0.9238,    0.6687,    0.4541,    0.3228,    0.2146,    0.1465,    0.0991,    0.0618,    0.0406,    0.0258,    0.0164,    0.0119,    0.0856,    0.0481,    0.0700,    0.0754,    0.0845,    0.0788,    0.0860,    0.0969,    0.0851,    0.1171,    0.1036,    0.1136,    0.1255,    0.1023,    0.1488,    0.1654,    0.1370,    0.1657,    0.1987,    0.2130,    0.2070,    0.1342,    0.2145,    0.2265,    0.2781,    0.2973,    0.3077,    0.3272,    0.3175,    0.3336,    0.3398,    0.3931,    0.4317,    0.4061,    0.4099,    0.4185,    0.6882,    0.7515,    0.7888,    0.8169,    0.8396,    0.9069,    0.8482,    0.9325,    0.9152,    0.9527,    0.9039,    0.9698,    2.0875,    2.0611,    2.1042,    2.0781,    2.1004,    2.0160,    2.0867,    2.1399,    2.1834,    2.0305,    2.0010,    2.0779,    5.2528,    4.9836,    4.9277,    4.7788,    4.4145,    4.1406,    3.6352,    3.3447,    3.2152,    2.8185,    2.1655,    2.0117,    1.5514,    1.1657,    0.8898,    0.8503,    0.5741,    0.4173,    0.3378,    0.1358,    0.1200,    0.0854,    0.0297,    0.0242,    0.0018,    0.0066,    0.0138,    0.0223,    0.0316,    0.0409,    0.0500,    0.1020,    0.2155,    0.2705,    0.2048,    0.0463,    0.0083,    0.0177,    0.1945,    0.6056,    1.0170,    1.3021,    1.4276,    1.4115,    1.2666,    0.9833,    0.5998,    0.3065,    0.0761,    0.0442,    0.0353,    0.0709,    0.1184,    0.1844,    0.3785,    0.4071,    0.4601,    0.5990,    0.6247,    0.7648,    0.6138,    0.6225,    0.6311,    0.6191,    0.6177,    0.6448,    0.5988,    0.5874,    0.5716,    0.5528,    0.5254,    0.4824,    0.4139,    0.3326,    0.3959,    0.2427,    0.2429,    0.2288,    0.2019,    0.1202,    0.0987,    0.0748,    0.0619,    0.0570,    0.1790,    0.1957,    0.1714,    0.1735,    0.1623,    0.1648,    0.1842,    0.1735,    0.2248,    0.2124,    0.2795,    0.2615,    0.4776,    0.4743,    0.4256,    0.3762,    0.2756,    0.2427,    0.1154,    0.1026,    0.0219,    0.0201,    0.0204,    0.0190,    0.0186,    0.0058,    0.0079,    0.0040,    0.0072,    0.0060,    0.0040,    0.0049,    0.0044,    0.0033,    0.0026,    0.0015,    0.0241,    0.0000,    0.0545,    0.0942,    0.1064,    0.0973,    0.1091,    0.1188,    0.1057,    0.1456,    0.1287,    0.1407,    0.1546,    0.1255,    0.1815,    0.1984,    0.1652,    0.1151,    0.0167,    0.0339,    0.1438,    0.1654,    0.2640,    0.2775,    0.3430,    0.3668,    0.3797,    0.4034,    0.3912,    0.4010,    0.3788,    0.3445,    0.3054,    0.3614,    0.4976,    0.5035,    0.8737,    0.9545,    0.9993,    1.0157,    0.9995,    1.1071,    1.0621,    1.1608,    1.0678,    1.2047,    1.1395,    1.2132,    2.6266,    2.5654,    2.6607,    2.5980,    2.6153,    2.5211,    2.6098,    2.6764,    2.7308,    2.5379,    2.5026,    2.5988,    6.5691,    6.2391,    6.1690,    5.9826,    5.5266,    5.1836,    4.5509,    4.1871,    4.0250,    3.5283,    2.7108,    2.5182,    1.9420,    1.4402,    1.0992,    1.0504,    0.7091,    0.5154,    0.4171,    0.1678,    0.1482,    0.1055,    0.0367,    0.0299
 1238,    1.0000,  213.4973,    0.3965,   90.5123,   89.5623,   -0.5327,   -0.9086,  158.4330,  157.1781,  157.9049,  158.7659,  159.7884,  160.1336,  160.4966,  160.7833,  161.0297,  161.4917,  162.3919,  164.0916,  166.7992,  170.5611,  175.0809,  179.7301,  184.3577,  188.5898,  192.4697,  198.0185,  201.0671,  202.6169,  203.2683,  203.6047,  203.7315,    0.0654,    0.2464,    0.5181,    0.8520,    1.2238,    1.6129,    2.0021,    2.3587,    2.6593,    2.9486,    3.2596,    3.5855,    3.2609,    3.3687,    3.3331,    3.1012,    2.8300,    2.6095,    2.4700,    2.4087,    2.4297,    2.5620,    2.8045,    3.0022,    1.0581,    1.0825,    1.0867,    1.0528,    1.0139,    0.9576,    0.8101,    0.7670,    0.7121,    0.5819,    0.5458,    0.4001,    0.2538,    0.2215,    0.1939,    0.1863,    0.1775,    0.1616,    0.1699,    0.1687,    0.1731,    0.1867,    0.2144,    0.2570,    0.3444,    0.3920,    0.3254,    0.4333,    0.4232,    0.4231,    0.4347,    0.4852,    0.4849,    0.4917,    0.4908,    0.4846,    1.2466,    1.1441,    1.0954,    1.0187,    0.9653,    0.9002,    0.8151,    0.7692,    0.6378,    0.5994,    0.4435,    0.4157,    0.4623,    0.3460,    0.3066,    0.2748,    0.3278,    0.2934,    0.4459,    0.3991,    0.4949,    0.4420,    0.3771,    0.3347,    0.8692,    0.6341,    0.4238,    0.3032,    0.1989,    0.1356,    0.0915,    0.0559,    0.0367,    0.0233,    0.0147,    0.0106,    0.0844,    0.0479,    0.0683,    0.0726,    0.0814,    0.0760,    0.0829,    0.0936,    0.0821,    0.1130,    0.1000,    0.1097,    0.1212,    0.0988,    0.1437,    0.1598,    0.1327,    0.1614,    0.1964,    0.2101,    0.2025,    0.1300,    0.2078,    0.2195,    0.2695,    0.2880,    0.2981,    0.3170,    0.3034,    0.3190,    0.3253,    0.3777,    0.4162,    0.3901,    0.3918,    0.4001,    0.6510,    0.7109,    0.7462,    0.7733,    0.7957,    0.8588,    0.8027,    0.8896,    0.8743,    0.9085,    0.8620,    0.9251,    1.9909,    1.9663,    2.0065,    1.9709,    1.9922,    1.9120,    1.9790,    2.0295,    2.0708,    1.9257,    1.8977,    1.9707,    4.9819,    4.7183,    4.6654,    4.5245,    4.1797,    3.9205,    3.4421,    3.1671,    3.0447,    2.6692,    2.0509,    1.9054,    1.4696,    1.0620,    0.8107,    0.7749,    0.5233,    0.3805,    0.3081,    0.1240,    0.1096,    0.0780,    0.0271,    0.0222,    0.0024,    0.0088,    0.0182,    0.0295,    0.0417,    0.0540,    0.0659,    0.1339,    0.2806,    0.3513,    0.2673,    0.0610,    0.0109,    0.0232,    0.2533,    0.7661,    1.2458,    1.5551,    1.6818,    1.6603,    1.5049,    1.1950,    0.7497,    0.3813,    0.0955,    0.0527,    0.0366,    0.0709,    0.1151,    0.1796,    0.3705,    0.4014,    0.4528,    0.5895,    0.6143,    0.7506,    0.6022,    0.6104,    0.6186,    0.6068,    0.6052,    0.6305,    0.5865,    0.5753,    0.5599,    0.5414,    0.5146,    0.4724,    0.4063,    0.3284,    0.3890,    0.2425,    0.2425,    0.2292,    0.2036,    0.1263,    0.1083,    0.0858,    0.0736,    0.0687,    0.2177,    0.2379,    0.2122,    0.2153,    0.2016,    0.2036,    0.2252,    0.2117,    0.2680,    0.2524,    0.3207,    0.2998,    0.5309,    0.5183,    0.4643,    0.4105,    0.3095,    0.2732,    0.1381,    0.1227,    0.0276,    0.0251,    0.0242,    0.0223,    0.0221,    0.0058,    0.0100,    0.0050,    0.0090,    0.0074,    0.0050,    0.0058,    0.0052,    0.0037,    0.0029,    0.0017,    0.0234,    0.0000,    0.0528,    0.0905,    0.1022,    0.0935,    0.1049,    0.1134,    0.1009,    0.1390,    0.1228,    0.1342,    0.1474,    0.1197,    0.1731,    0.1892,    0.1584,    0.1105,    0.0162,    0.0327,    0.1379,    0.1586,    0.2523,    0.2652,    0.3278,    0.3505,    0.3629,    0.3856,    0.3688,    0.3780,    0.3572,    0.3247,    0.2880,    0.3407,    0.4692,    0.4747,    0.8236,    0.8997,    0.9419,    0.9574,    0.9421,    1.0436,    1.0011,    1.1013,    1.0131,    1.1430,    1.0811,    1.1510,    2.4920,    2.4339,    2.5243,    2.4409,    2.4572,    2.3687,    2.4520,    2.5146,    2.5656,    2.3844,    2.3513,    2.4417,    6.1720,    5.8535,    5.7878,    5.6130,    5.1853,    4.8636,    4.2701,    3.9289,    3.7770,    3.3111,    2.5441,    2.3635,    1.8229,    1.2914,    0.9858,    0.9422,    0.6363,    0.4626,    0.3745,    0.1507,    0.1331,    0.0948,    0.0330,    0.0269
 1313,    1.2500,  212.2980,    0.4252,   86.2701,   85.3044,   -0.5511,   -0.8961,  158.4330,  156.8600,  157.5901,  158.4442,  159.3948,  159.7041,  159.9980,  160.2859,  160.4980,  160.8994,  161.7590,  163.3893,  165.9971,  169.6370,  174.1290,  178.9578,  183.7983,  188.1966,  191.9956,  197.2382,  200.2687,  201.8062,  202.4541,  202.7916,  202.9167,    0.0648,    0.2444,    0.5135,    0.8439,    1.2112,    1.5951,    1.9786,    2.3249,    2.6088,    2.8857,    3.1957,    3.5329,    3.2145,    3.3157,    3.2505,    2.9678,    2.6630,    2.4293,    2.2856,    2.2211,    2.2386,    2.3734,    2.6405,    2.8808,    1.0197,    1.0518,    1.0614,    1.0286,    0.9925,    0.9380,    0.7939,    0.7490,    0.6959,    0.5678,    0.5330,    0.3911,    0.2477,    0.2162,    0.1895,    0.1820,    0.1735,    0.1584,    0.1661,    0.1647,    0.1688,    0.1818,    0.2089,    0.2507,    0.3345,    0.3787,    0.3151,    0.4163,    0.4067,    0.4056,    0.4159,    0.4621,    0.4584,    0.4640,    0.4627,    0.4565,    1.1640,    1.0593,    1.0126,    0.9362,    0.8861,    0.8229,    0.7381,    0.6957,    0.5629,    0.5283,    0.3770,    0.3526,    0.3818,    0.2835,    0.2499,    0.2230,    0.2679,    0.2386,    0.3912,    0.3495,    0.4644,    0.4144,    0.3509,    0.3111,    0.8176,    0.6010,    0.3954,    0.2846,    0.1844,    0.1254,    0.0843,    0.0506,    0.0332,    0.0210,    0.0131,    0.0094,    0.0832,    0.0478,    0.0667,    0.0701,    0.0786,    0.0734,    0.0800,    0.0905,    0.0794,    0.1093,    0.0967,    0.1062,    0.1173,    0.0957,    0.1391,    0.1548,    0.1288,    0.1575,    0.1943,    0.2074,    0.1984,    0.1261,    0.2019,    0.2132,    0.2617,    0.2797,    0.2895,    0.3079,    0.2911,    0.3062,    0.3126,    0.3641,    0.4023,    0.3760,    0.3760,    0.3841,    0.6186,    0.6755,    0.7091,    0.7352,    0.7572,    0.8168,    0.7631,    0.8517,    0.8381,    0.8695,    0.8251,    0.8856,    1.9056,    1.8825,    1.9204,    1.8782,    1.8988,    1.8221,    1.8860,    1.9341,    1.9734,    1.8352,    1.8085,    1.8781,    4.7477,    4.4888,    4.4385,    4.3046,    3.9766,    3.7301,    3.2750,    3.0135,    2.8971,    2.5399,    1.9517,    1.8134,    1.3987,    0.9791,    0.7475,    0.7147,    0.4827,    0.3511,    0.2843,    0.1144,    0.1012,    0.0721,    0.0251,    0.0205,    0.0029,    0.0109,    0.0225,    0.0365,    0.0515,    0.0668,    0.0815,    0.1647,    0.3424,    0.4274,    0.3270,    0.0753,    0.0135,    0.0286,    0.3090,    0.9090,    1.4343,    1.7499,    1.8703,    1.8437,    1.6858,    1.3656,    0.8802,    0.4502,    0.1135,    0.0608,    0.0378,    0.0708,    0.1118,    0.1749,    0.3628,    0.3959,    0.4456,    0.5802,    0.6041,    0.7365,    0.5905,    0.5983,    0.6058,    0.5944,    0.5925,    0.6161,    0.5740,    0.5630,    0.5480,    0.5299,    0.5039,    0.4625,    0.3988,    0.3243,    0.3821,    0.2422,    0.2418,    0.2294,    0.2049,    0.1317,    0.1168,    0.0957,    0.0840,    0.0792,    0.2517,    0.2744,    0.2475,    0.2509,    0.2350,    0.2363,    0.2588,    0.2431,    0.3012,    0.2832,    0.3494,    0.3265,    0.5643,    0.5438,    0.4866,    0.4303,    0.3315,    0.2929,    0.1557,    0.1381,    0.0326,    0.0295,    0.0276,    0.0252,    0.0253,    0.0059,    0.0118,    0.0059,    0.0104,    0.0085,    0.0057,    0.0065,    0.0057,    0.0040,    0.0031,    0.0019,    0.0227,    0.0000,    0.0511,    0.0871,    0.0984,    0.0900,    0.1009,    0.1084,    0.0965,    0.1329,    0.1174,    0.1282,    0.1408,    0.1143,    0.1654,    0.1808,    0.1522,    0.1063,    0.0156,    0.0315,    0.1325,    0.1523,    0.2416,    0.2539,    0.3139,    0.3356,    0.3474,    0.3692,    0.3488,    0.3576,    0.3380,    0.3071,    0.2724,    0.3222,    0.4438,    0.4490,    0.7796,    0.8517,    0.8916,    0.9063,    0.8918,    0.9878,    0.9477,    1.0484,    0.9643,    1.0881,    1.0292,    1.0957,    2.3722,    2.3170,    2.4030,    2.3032,    2.3185,    2.2350,    2.3136,    2.3727,    2.4209,    2.2499,    2.2186,    2.3040,    5.8239,    5.5154,    5.4536,    5.2890,    4.8860,    4.5830,    4.0239,    3.7025,    3.5595,    3.1206,    2.3978,    2.2278,    1.7183,    1.1699,    0.8932,    0.8538,    0.5767,    0.4194,    0.3396,    0.1367,    0.1208,    0.0861,    0.0299,    0.0244
 1358,    1.5000,  211.1969,    0.4502,   82.6413,   81.5816,   -0.6469,   -0.9551,  158.4330,  156.6487,  157.3535,  158.1915,  158.9034,  159.1996,  159.4952,  159.6937,  159.8781,  160.1991,  161.0004,  162.5979,  165.1520,  168.7295,  173.2526,  178.2468,  183.2992,  187.8699,  191.6966,  196.5630,  199.5832,  201.1110,  201.7508,  202.0896,  202.2129,    0.0644,    0.2425,    0.5092,    0.8363,    1.1996,    1.5787,    1.9569,    2.2936,    2.5620,    2.8276,    3.1366,    3.4845,    3.1720,    3.2671,    3.1742,    2.8483,    2.5199,    2.2805,    2.1365,    2.0700,    2.0828,    2.2145,    2.4958,    2.7704,    0.9847,    1.0238,    1.0384,    1.0066,    0.9731,    0.9200,    0.7790,    0.7324,    0.6810,    0.5545,    0.5211,    0.3824,    0.2415,    0.2105,    0.1846,    0.1772,    0.1691,    0.1550,    0.1616,    0.1602,    0.1640,    0.1766,    0.2034,    0.2447,    0.3252,    0.3664,    0.3055,    0.4008,    0.3916,    0.3896,    0.3988,    0.4412,    0.4346,    0.4392,    0.4374,    0.4314,    1.0908,    0.9850,    0.9401,    0.8645,    0.8172,    0.7560,    0.6722,    0.6329,    0.5012,    0.4697,    0.3258,    0.3040,    0.3242,    0.2407,    0.2112,    0.1877,    0.2244,    0.1988,    0.3459,    0.3084,    0.4374,    0.3899,    0.3278,    0.2902,    0.7719,    0.5718,    0.3704,    0.2683,    0.1717,    0.1166,    0.0782,    0.0461,    0.0302,    0.0191,    0.0118,    0.0085,    0.0821,    0.0477,    0.0653,    0.0678,    0.0760,    0.0710,    0.0773,    0.0878,    0.0770,    0.1059,    0.0937,    0.1031,    0.1138,    0.0928,    0.1350,    0.1503,    0.1252,    0.1539,    0.1922,    0.2048,    0.1947,    0.1226,    0.1965,    0.2075,    0.2547,    0.2722,    0.2818,    0.2996,    0.2803,    0.2950,    0.3014,    0.3521,    0.3900,    0.3635,    0.3620,    0.3699,    0.5900,    0.6442,    0.6764,    0.7015,    0.7233,    0.7797,    0.7280,    0.8179,    0.8058,    0.8347,    0.7921,    0.8504,    1.8296,    1.8079,    1.8436,    1.7971,    1.8170,    1.7434,    1.8045,    1.8505,    1.8882,    1.7560,    1.7304,    1.7970,    4.5427,    4.2879,    4.2399,    4.1121,    3.7989,    3.5634,    3.1288,    2.8790,    2.7680,    2.4268,    1.8649,    1.7328,    1.3367,    0.9112,    0.6958,    0.6653,    0.4495,    0.3269,    0.2648,    0.1066,    0.0943,    0.0672,    0.0234,    0.0191,    0.0035,    0.0129,    0.0268,    0.0433,    0.0612,    0.0793,    0.0967,    0.1946,    0.4014,    0.4996,    0.3842,    0.0893,    0.0159,    0.0338,    0.3623,    1.0374,    1.5915,    1.9026,    2.0130,    1.9822,    1.8260,    1.5057,    0.9956,    0.5148,    0.1307,    0.0687,    0.0391,    0.0711,    0.1092,    0.1711,    0.3565,    0.3918,    0.4401,    0.5727,    0.5960,    0.7247,    0.5806,    0.5879,    0.5949,    0.5837,    0.5816,    0.6036,    0.5633,    0.5525,    0.5379,    0.5202,    0.4947,    0.4543,    0.3929,    0.3213,    0.3766,    0.2425,    0.2419,    0.2302,    0.2067,    0.1370,    0.1249,    0.1048,    0.0936,    0.0888,    0.2823,    0.3067,    0.2787,    0.2821,    0.2642,    0.2646,    0.2871,    0.2694,    0.3278,    0.3078,    0.3705,    0.3461,    0.5867,    0.5600,    0.5007,    0.4430,    0.3468,    0.3066,    0.1699,    0.1505,    0.0371,    0.0334,    0.0307,    0.0279,    0.0282,    0.0059,    0.0135,    0.0067,    0.0117,    0.0095,    0.0064,    0.0070,    0.0061,    0.0042,    0.0033,    0.0020,    0.0221,    0.0000,    0.0496,    0.0840,    0.0948,    0.0867,    0.0973,    0.1038,    0.0924,    0.1273,    0.1125,    0.1227,    0.1348,    0.1094,    0.1583,    0.1731,    0.1463,    0.1023,    0.0151,    0.0304,    0.1275,    0.1465,    0.2317,    0.2435,    0.3011,    0.3219,    0.3332,    0.3541,    0.3309,    0.3392,    0.3207,    0.2912,    0.2583,    0.3055,    0.4211,    0.4259,    0.7406,    0.8091,    0.8470,    0.8609,    0.8470,    0.9383,    0.9003,    1.0009,    0.9205,    1.0387,    0.9825,    1.0461,    2.2647,    2.2119,    2.2941,    2.1809,    2.1953,    2.1163,    2.1908,    2.2467,    2.2923,    2.1304,    2.1008,    2.1816,    5.5147,    5.2155,    5.1571,    5.0015,    4.6205,    4.3341,    3.8054,    3.5016,    3.3664,    2.9514,    2.2680,    2.1072,    1.6255,    1.0682,    0.8156,    0.7798,    0.5267,    0.3831,    0.3103,    0.1249,    0.1104,    0.0787,    0.0274,    0.0224
 1423,    1.7500,  210.0979,    0.4724,   79.3792,   78.2921,   -0.6762,   -0.9742,  158.4330,  156.4040,  157.0881,  157.8979,  158.4074,  158.6934,  158.8693,  158.9988,  159.1016,  159.4681,  160.2125,  161.7734,  164.2895,  167.8303,  172.3956,  177.5657,  182.7942,  187.4703,  191.3979,  195.8882,  198.8975,  200.4159,  201.0479,  201.3879,  201.5095,    0.0639,    0.2406,    0.5050,    0.8288,    1.1880,    1.5625,    1.9353,    2.2628,    2.5166,    2.7713,    3.0789,    3.4365,    3.1297,    3.2187,    3.1001,    2.7376,    2.3936,    2.1537,    2.0116,    1.9439,    1.9515,    2.0765,    2.3638,    2.6652,    0.9510,    0.9963,    1.0156,    0.9848,    0.9538,    0.9022,    0.7641,    0.7159,    0.6661,    0.5413,    0.5091,    0.3736,    0.2354,    0.2048,    0.1797,    0.1724,    0.1646,    0.1514,    0.1572,    0.1557,    0.1593,    0.1715,    0.1979,    0.2387,    0.3160,    0.3543,    0.2960,    0.3858,    0.3770,    0.3742,    0.3824,    0.4213,    0.4122,    0.4159,    0.4138,    0.4079,    1.0232,    0.9172,    0.8740,    0.7997,    0.7550,    0.6960,    0.6140,    0.5773,    0.4486,    0.4199,    0.2848,    0.2652,    0.2810,    0.2094,    0.1831,    0.1620,    0.1915,    0.1688,    0.3068,    0.2730,    0.4119,    0.3668,    0.3062,    0.2708,    0.7286,    0.5438,    0.3469,    0.2528,    0.1597,    0.1083,    0.0724,    0.0419,    0.0275,    0.0173,    0.0107,    0.0076,    0.0810,    0.0476,    0.0639,    0.0656,    0.0736,    0.0687,    0.0748,    0.0853,    0.0748,    0.1029,    0.0910,    0.1002,    0.1107,    0.0903,    0.1313,    0.1461,    0.1220,    0.1505,    0.1903,    0.2023,    0.1912,    0.1194,    0.1915,    0.2023,    0.2483,    0.2654,    0.2747,    0.2921,    0.2707,    0.2850,    0.2915,    0.3413,    0.3789,    0.3523,    0.3497,    0.3574,    0.5645,    0.6164,    0.6471,    0.6715,    0.6930,    0.7466,    0.6968,    0.7876,    0.7767,    0.8035,    0.7625,    0.8188,    1.7614,    1.7409,    1.7747,    1.7254,    1.7446,    1.6737,    1.7324,    1.7767,    1.8128,    1.6859,    1.6613,    1.7252,    4.3614,    4.1104,    4.0645,    3.9419,    3.6418,    3.4161,    2.9995,    2.7601,    2.6537,    2.3267,    1.7881,    1.6615,    1.2818,    0.8546,    0.6526,    0.6241,    0.4217,    0.3068,    0.2486,    0.1001,    0.0885,    0.0631,    0.0220,    0.0180,    0.0040,    0.0149,    0.0309,    0.0500,    0.0706,    0.0915,    0.1115,    0.2236,    0.4574,    0.5678,    0.4388,    0.1030,    0.0184,    0.0389,    0.4129,    1.1516,    1.7208,    2.0198,    2.1182,    2.0838,    1.9319,    1.6181,    1.0958,    0.5742,    0.1466,    0.0761,    0.0404,    0.0713,    0.1066,    0.1672,    0.3502,    0.3875,    0.4344,    0.5650,    0.5876,    0.7129,    0.5708,    0.5777,    0.5840,    0.5732,    0.5708,    0.5912,    0.5528,    0.5422,    0.5278,    0.5105,    0.4857,    0.4461,    0.3868,    0.3181,    0.3710,    0.2424,    0.2415,    0.2305,    0.2080,    0.1416,    0.1319,    0.1129,    0.1022,    0.0974,    0.3091,    0.3346,    0.3056,    0.3086,    0.2891,    0.2883,    0.3102,    0.2909,    0.3481,    0.3265,    0.3849,    0.3594,    0.5997,    0.5679,    0.5075,    0.4491,    0.3562,    0.3150,    0.1807,    0.1600,    0.0410,    0.0368,    0.0335,    0.0302,    0.0309,    0.0060,    0.0150,    0.0073,    0.0127,    0.0103,    0.0069,    0.0074,    0.0064,    0.0044,    0.0034,    0.0021,    0.0215,    0.0000,    0.0481,    0.0811,    0.0916,    0.0837,    0.0939,    0.0996,    0.0886,    0.1221,    0.1079,    0.1176,    0.1292,    0.1049,    0.1518,    0.1659,    0.1410,    0.0986,    0.0147,    0.0294,    0.1228,    0.1410,    0.2225,    0.2339,    0.2891,    0.3092,    0.3200,    0.3401,    0.3147,    0.3226,    0.3050,    0.2768,    0.2455,    0.2904,    0.4004,    0.4050,    0.7056,    0.7708,    0.8070,    0.8202,    0.8069,    0.8939,    0.8577,    0.9579,    0.8808,    0.9941,    0.9403,    1.0011,    2.1673,    2.1168,    2.1954,    2.0710,    2.0848,    2.0098,    2.0805,    2.1336,    2.1769,    2.0232,    1.9951,    2.0718,    5.2371,    4.9467,    4.8914,    4.7439,    4.3826,    4.1110,    3.6096,    3.3215,    3.1934,    2.7998,    2.1515,    1.9991,    1.5422,    0.9813,    0.7494,    0.7165,    0.4841,    0.3521,    0.2852,    0.1148,    0.1016,    0.0724,    0.0252,    0.0206
 1508,    2.0000,  208.9977,    0.4922,   76.4282,   75.3597,   -0.6611,   -0.9192,  158.4330,  156.0695,  156.7057,  157.4925,  157.8498,  158.0274,  158.1937,  158.2414,  158.3853,  158.6939,  159.3997,  160.9168,  163.3976,  166.9911,  171.5989,  176.8990,  182.2931,  187.0107,  190.9981,  195.2427,  198.2413,  199.7536,  200.3789,  200.7175,  200.8376,    0.0635,    0.2388,    0.5008,    0.8214,    1.1766,    1.5464,    1.9140,    2.2326,    2.4726,    2.7171,    3.0227,    3.3890,    3.0876,    3.1707,    3.0283,    2.6353,    2.2819,    2.0448,    1.9059,    1.8375,    1.8398,    1.9564,    2.2438,    2.5655,    0.9188,    0.9696,    0.9933,    0.9634,    0.9347,    0.8846,    0.7495,    0.6999,    0.6516,    0.5284,    0.4976,    0.3652,    0.2294,    0.1992,    0.1746,    0.1674,    0.1599,    0.1474,    0.1526,    0.1510,    0.1545,    0.1665,    0.1926,    0.2328,    0.3071,    0.3428,    0.2869,    0.3715,    0.3631,    0.3596,    0.3668,    0.4025,    0.3912,    0.3941,    0.3917,    0.3859,    0.9610,    0.8555,    0.8141,    0.7413,    0.6991,    0.6423,    0.5624,    0.5282,    0.4038,    0.3774,    0.2519,    0.2340,    0.2479,    0.1858,    0.1618,    0.1427,    0.1661,    0.1458,    0.2732,    0.2427,    0.3878,    0.3450,    0.2860,    0.2527,    0.6875,    0.5169,    0.3247,    0.2381,    0.1486,    0.1006,    0.0671,    0.0382,    0.0250,    0.0157,    0.0096,    0.0068,    0.0800,    0.0475,    0.0626,    0.0637,    0.0714,    0.0667,    0.0726,    0.0830,    0.0727,    0.1001,    0.0886,    0.0976,    0.1078,    0.0879,    0.1279,    0.1424,    0.1190,    0.1474,    0.1884,    0.2000,    0.1879,    0.1165,    0.1871,    0.1976,    0.2425,    0.2592,    0.2683,    0.2853,    0.2621,    0.2760,    0.2825,    0.3315,    0.3688,    0.3422,    0.3386,    0.3461,    0.5415,    0.5913,    0.6209,    0.6446,    0.6657,    0.7168,    0.6687,    0.7601,    0.7504,    0.7752,    0.7358,    0.7902,    1.6996,    1.6802,    1.7122,    1.6613,    1.6800,    1.6116,    1.6681,    1.7107,    1.7455,    1.6233,    1.5997,    1.6612,    4.1995,    3.9523,    3.9081,    3.7903,    3.5017,    3.2848,    2.8843,    2.6542,    2.5519,    2.2375,    1.7196,    1.5979,    1.2328,    0.8067,    0.6161,    0.5893,    0.3982,    0.2897,    0.2348,    0.0946,    0.0837,    0.0597,    0.0208,    0.0170,    0.0045,    0.0169,    0.0350,    0.0566,    0.0799,    0.1034,    0.1260,    0.2516,    0.5108,    0.6323,    0.4911,    0.1163,    0.0207,    0.0437,    0.4611,    1.2539,    1.8281,    2.1111,    2.1973,    2.1598,    2.0133,    1.7097,    1.1838,    0.6294,    0.1616,    0.0833,    0.0416,    0.0715,    0.1040,    0.1634,    0.3441,    0.3833,    0.4289,    0.5578,    0.5797,    0.7018,    0.5615,    0.5679,    0.5737,    0.5632,    0.5605,    0.5791,    0.5427,    0.5323,    0.5183,    0.5014,    0.4772,    0.4384,    0.3811,    0.3150,    0.3657,    0.2422,    0.2411,    0.2307,    0.2091,    0.1458,    0.1383,    0.1202,    0.1099,    0.1051,    0.3329,    0.3588,    0.3290,    0.3315,    0.3104,    0.3084,    0.3294,    0.3087,    0.3639,    0.3410,    0.3949,    0.3686,    0.6071,    0.5715,    0.5104,    0.4518,    0.3620,    0.3202,    0.1890,    0.1672,    0.0445,    0.0398,    0.0360,    0.0323,    0.0333,    0.0060,    0.0163,    0.0079,    0.0136,    0.0109,    0.0073,    0.0077,    0.0066,    0.0045,    0.0035,    0.0021,    0.0210,    0.0000,    0.0468,    0.0784,    0.0885,    0.0809,    0.0908,    0.0957,    0.0852,    0.1173,    0.1036,    0.1129,    0.1241,    0.1007,    0.1457,    0.1593,    0.1359,    0.0952,    0.0142,    0.0284,    0.1185,    0.1360,    0.2140,    0.2249,    0.2781,    0.2973,    0.3078,    0.3270,    0.2999,    0.3074,    0.2906,    0.2636,    0.2338,    0.2766,    0.3816,    0.3859,    0.6740,    0.7363,    0.7708,    0.7834,    0.7706,    0.8538,    0.8192,    0.9186,    0.8446,    0.9533,    0.9017,    0.9600,    2.0784,    2.0300,    2.1054,    1.9716,    1.9846,    1.9132,    1.9806,    2.0311,    2.0724,    1.9260,    1.8993,    1.9723,    4.9856,    4.7038,    4.6512,    4.5110,    4.1675,    3.9092,    3.4325,    3.1586,    3.0369,    2.6627,    2.0462,    1.9014,    1.4668,    0.9061,    0.6919,    0.6616,    0.4470,    0.3252,    0.2635,    0.1061,    0.0938,    0.0669,    0.0233,    0.0190
