Particle       ,data/QEXT_96IR_84_VIS_nanoribbon_9um1um0p1um
Ncase          ,  14
dt (sols)      ,  0.020833
Qext 0.67um    ,  9.793000
Alb sfc        ,  0.220000
Conrath nu     ,  0.002000
Sun Flux (W/m2),148.393084
BWN IR (cm-1)  ,     10.0000,     34.1670,     58.3330,     82.5000,    106.6670,    130.8330,    155.0000,    179.1670,    203.3330,    227.5000,    251.6670,    275.8330,    300.0000,    320.7880,    341.5750,    362.3630,    383.1500,    403.9380,    424.7250,    445.5130,    466.3010,    487.0880,    507.8760,    528.6630,    549.4510,    556.7420,    564.0330,    571.3240,    578.6150,    585.9060,    593.1970,    600.4880,    607.7790,    615.0700,    622.3610,    629.6520,    636.9430,    642.5500,    648.1570,    653.7640,    659.3700,    664.9770,    670.5840,    676.1910,    681.7980,    687.4050,    693.0110,    698.6180,    704.2250,    710.1390,    716.0530,    721.9670,    727.8810,    733.7950,    739.7090,    745.6240,    751.5380,    757.4520,    763.3660,    769.2800,    775.1940,    791.5010,    807.8070,    824.1140,    840.4210,    856.7270,    873.0340,    889.3410,    905.6470,    921.9540,    938.2610,    954.5670,    970.8740,    996.8050,   1022.7370,   1048.6680,   1074.6000,   1100.5310,   1126.4630,   1152.3940,   1178.3250,   1204.2570,   1230.1880,   1256.1200,   1282.0510,   1360.3990,   1438.7460,   1517.0940,   1595.4410,   1673.7890,   1752.1370,   1830.4840,   1908.8320,   1987.1790,   2065.5270,   2143.8740,   2222.2220
BWN VIS (cm-1) ,   2222.2200,   2294.3160,   2366.4120,   2438.5080,   2510.6030,   2582.6990,   2654.7950,   2726.8910,   2798.9870,   2871.0820,   2943.1780,   3015.2740,   3087.3700,   3165.9750,   3244.5800,   3323.1850,   3401.7900,   3480.3950,   3559.0000,   3637.6050,   3716.2100,   3794.8150,   3873.4200,   3952.0250,   4030.6300,   4142.2920,   4253.9530,   4365.6150,   4477.2770,   4588.9380,   4700.6000,   4812.2620,   4923.9230,   5035.5850,   5147.2470,   5258.9080,   5370.5700,   5560.6150,   5750.6600,   5940.7050,   6130.7500,   6320.7950,   6510.8400,   6700.8850,   6890.9300,   7080.9750,   7271.0200,   7461.0650,   7651.1100,   8055.1840,   8459.2580,   8863.3330,   9267.4070,   9671.4810,  10075.5550,  10479.6290,  10883.7030,  11287.7780,  11691.8520,  12095.9260,  12500.0000,  13541.6670,  14583.3330,  15625.0000,  16666.6670,  17708.3330,  18750.0000,  19791.6670,  20833.3330,  21875.0000,  22916.6670,  23958.3330,  25000.0000,  26388.8890,  27777.7780,  29166.6670,  30555.5570,  31944.4460,  33333.3350,  34722.2240,  36111.1130,  37500.0030,  38888.8920,  40277.7810,  41666.6700
SUN VIS (W/m2) ,      0.1008,      0.0862,      0.0968,      0.1089,      0.1224,      0.1136,      0.1248,      0.1400,      0.1233,      0.1698,      0.1502,      0.1645,      0.1814,      0.1477,      0.2144,      0.2377,      0.1946,      0.2106,      0.2276,      0.2472,      0.2683,      0.1918,      0.3072,      0.3239,      0.3986,      0.4261,      0.4410,      0.4688,      0.4810,      0.5017,      0.5013,      0.5485,      0.5772,      0.5665,      0.6183,      0.6303,      1.0809,      1.1806,      1.2379,      1.2751,      1.2949,      1.4092,      1.3262,      1.4132,      1.3634,      1.4505,      1.3747,      1.4716,      3.1730,      3.1258,      3.2038,      3.2543,      3.2846,      3.1576,      3.2685,      3.3520,      3.4202,      3.1800,      3.1347,      3.2554,      8.2299,      7.8425,      7.7561,      7.5237,      6.9524,      6.5235,      5.7299,      5.2748,      5.0739,      4.4511,      3.4228,      3.1828,      2.4579,      2.2644,      1.7312,      1.6575,      1.1215,      0.8173,      0.6634,      0.2677,      0.2374,      0.1697,      0.0593,      0.0486
================
wavelenght [um],    0.244068,    0.252632,    0.261818,    0.271698,    0.282353,    0.293878,    0.306383,    0.320000,    0.334884,    0.351220,    0.369231,    0.389189,    0.408511,    0.426667,    0.446512,    0.468293,    0.492308,    0.518919,    0.548571,    0.581818,    0.619355,    0.662069,    0.711111,    0.768000,    0.813143,    0.840768,    0.870336,    0.902060,    0.936184,    0.972991,    1.012810,    1.056028,    1.103099,    1.154562,    1.211061,    1.273375,    1.323436,    1.357581,    1.393534,    1.431444,    1.471474,    1.513807,    1.558648,    1.606226,    1.656801,    1.710664,    1.768147,    1.829628,    1.881560,    1.921939,    1.964090,    2.008131,    2.054193,    2.102417,    2.152960,    2.205992,    2.261704,    2.320302,    2.382017,    2.447105,    2.505432,    2.555765,    2.608162,    2.662752,    2.719677,    2.779088,    2.841153,    2.906054,    2.973989,    3.045176,    3.119855,    3.198288,    3.277268,    3.356577,    3.439819,    3.527294,    3.619334,    3.716307,    3.818620,    3.926726,    4.041130,    4.162400,    4.291175,    4.428172,    4.580751,    4.751270,    4.934974,    5.133456,    5.348572,    5.582505,    5.837838,    6.117648,    6.425631,    6.766266,    7.145039,    7.568734,    7.879690,    8.044056,    8.215425,    8.394255,    8.581043,    8.776330,    8.980716,    9.194848,    9.419442,    9.655282,    9.903235,   10.164260,   10.387231,   10.566200,   10.751445,   10.943308,   11.142136,   11.348323,   11.562291,   11.784476,   12.015368,   12.255495,   12.505409,   12.765727,   12.949392,   13.049328,   13.150818,   13.253898,   13.358608,   13.464994,   13.573088,   13.682923,   13.794549,   13.908012,   14.023357,   14.140631,   14.256763,   14.371646,   14.488386,   14.607038,   14.727660,   14.850291,   14.974981,   15.101782,   15.230738,   15.361915,   15.495384,   15.631191,   15.790367,   15.974275,   16.162517,   16.355249,   16.552633,   16.754839,   16.962047,   17.174443,   17.392227,   17.615605,   17.844795,   18.080028,   18.550914,   19.294981,   20.101230,   20.977796,   21.934298,   22.982219,   24.135264,   25.410119,   26.827165,   28.411593,   30.194923,   32.217118,   34.732292,   37.914692,   41.739101,   46.421699,   52.287582,   59.850314,   69.970927,   84.210526,  105.726686,  142.012170,  216.216216,  452.826771
Qext           ,      9.3710,      9.3710,      9.3710,      9.3710,      9.3710,      9.3710,      9.3710,      9.3710,      9.3710,      9.3710,      9.3710,      9.7930,      9.7930,      9.7930,      9.7930,      9.7930,      9.7930,      9.7930,      9.7930,      9.7930,      9.7930,      9.7930,      9.7930,      9.7920,      9.7920,      9.7920,      9.7920,      9.7920,      9.7920,      9.7920,      9.7920,      9.7920,      9.7920,     10.2380,     10.2380,     10.2380,     10.2380,     10.2380,     10.2380,     10.2380,     10.2380,     10.6760,     10.6760,     10.6760,     10.6760,     10.6760,     10.6760,     10.6760,     11.3020,     11.3020,     11.3020,     11.3020,     11.3020,     11.3020,     11.3020,     11.3020,     11.3470,     11.3470,     11.3470,     11.3470,     11.3470,     11.3470,     11.5180,     11.5180,     11.5180,     11.5180,     11.5180,     11.5180,     11.3660,     11.3660,     11.3660,     11.3660,     11.3660,     11.1080,     11.1080,     11.1080,     11.1080,     12.0480,     12.0480,     12.0480,     12.0480,     10.5270,     10.5270,     10.5270,     10.9000,     10.9000,     11.8030,     11.8030,     12.1400,     13.2990,     13.2990,     15.3040,     17.8700,     17.5720,     14.5540,     13.6670,     13.8850,     13.8850,     15.0750,     15.0750,     16.9710,     16.9710,     18.9510,     18.9510,     22.1090,     25.3400,     25.3400,     26.6570,     25.4590,     25.4590,     22.6230,     22.6230,     19.6120,     19.6120,     17.4940,     16.5730,     16.5730,     16.6050,     16.6050,     17.1470,     17.8160,     17.8160,     17.8160,     17.8160,     18.4480,     18.4480,     18.4480,     19.1390,     19.1390,     19.1390,     20.1360,     20.1360,     20.1360,     21.6430,     21.6430,     21.6430,     23.6730,     23.6730,     23.6730,     26.0380,     26.0380,     26.0380,     28.4700,     28.4700,     28.4700,     30.7880,     30.7880,     33.0040,     33.0040,     35.3410,     38.1510,     38.1510,     41.7940,     41.7940,     46.5170,     52.3700,     55.7780,     70.3780,     87.0550,     96.3810,     94.2950,     80.6140,     60.9430,     39.2100,     22.6080,     12.5460,      8.0990,      6.7100,      4.9120,      2.4320,      1.1510,      0.5430,      0.7990,      1.0170,      1.0170,      1.0170,      1.0170,      1.0170,      1.0170,      1.0170
Qscat          ,      2.6750,      2.6750,      2.6750,      2.6750,      2.6750,      2.6750,      2.6750,      2.6750,      2.6750,      2.6750,      2.6750,      0.9370,      0.9370,      0.9370,      0.9370,      0.9370,      0.9370,      0.9370,      0.9370,      0.9370,      0.9370,      0.9370,      0.9370,      0.4970,      0.4970,      0.4970,      0.4970,      0.4970,      0.4970,      0.4970,      0.4970,      0.4970,      0.4970,      0.3480,      0.3480,      0.3480,      0.3480,      0.3480,      0.3480,      0.3480,      0.3480,      0.2950,      0.2950,      0.2950,      0.2950,      0.2950,      0.2950,      0.2950,      0.2800,      0.2800,      0.2800,      0.2800,      0.2800,      0.2800,      0.2800,      0.2800,      0.2860,      0.2860,      0.2860,      0.2860,      0.2860,      0.2860,      0.2920,      0.2920,      0.2920,      0.2920,      0.2920,      0.2920,      0.3090,      0.3090,      0.3090,      0.3090,      0.3090,      0.2400,      0.2400,      0.2400,      0.2400,      0.3050,      0.3050,      0.3050,      0.3050,      0.3150,      0.3150,      0.3150,      0.2250,      0.2250,      0.3270,      0.3270,      0.3310,      0.3510,      0.3510,      0.4210,      0.6220,      0.6640,      0.4930,      0.4670,      0.4630,      0.4630,      0.3840,      0.3840,      0.6200,      0.6200,      0.6780,      0.6780,      0.6820,      0.9320,      0.9320,      1.2620,      1.2090,      1.2090,      0.8940,      0.8940,      0.7650,      0.7650,      0.7980,      0.6940,      0.6940,      0.4720,      0.4720,      0.4260,      0.6730,      0.6730,      0.6730,      0.6730,      0.9780,      0.9780,      0.9780,      1.0260,      1.0260,      1.0260,      0.7370,      0.7370,      0.7370,      0.3320,      0.3320,      0.3320,      0.1440,      0.1440,      0.1440,      0.3760,      0.3760,      0.3760,      0.9900,      0.9900,      0.9900,      1.7470,      1.7470,      2.3460,      2.3460,      2.5710,      2.3630,      2.3630,      1.8240,      1.8240,      1.1670,      0.6330,      0.5270,      0.9860,      3.7160,      6.9180,      8.4850,      7.5420,      4.5830,      1.1230,      0.0000,      0.0000,      0.8660,      1.8480,      1.4880,      0.2520,      0.0000,      0.0030,      0.4390,      0.6800,      0.6800,      0.6800,      0.6800,      0.6800,      0.6800,      0.6800
G factor       ,      0.6380,      0.6380,      0.6380,      0.6380,      0.6380,      0.6380,      0.6380,      0.6380,      0.6380,      0.6380,      0.6380,      0.5060,      0.5060,      0.5060,      0.5060,      0.5060,      0.5060,      0.5060,      0.5060,      0.5060,      0.5060,      0.5060,      0.5060,      0.4610,      0.4610,      0.4610,      0.4610,      0.4610,      0.4610,      0.4610,      0.4610,      0.4610,      0.4610,      0.4250,      0.4250,      0.4250,      0.4250,      0.4250,      0.4250,      0.4250,      0.4250,      0.4010,      0.4010,      0.4010,      0.4010,      0.4010,      0.4010,      0.4010,      0.3660,      0.3660,      0.3660,      0.3660,      0.3660,      0.3660,      0.3660,      0.3660,      0.3390,      0.3390,      0.3390,      0.3390,      0.3390,      0.3390,      0.3150,      0.3150,      0.3150,      0.3150,      0.3150,      0.3150,      0.2980,      0.2980,      0.2980,      0.2980,      0.2980,      0.2710,      0.2710,      0.2710,      0.2710,      0.2390,      0.2390,      0.2390,      0.2390,      0.2520,      0.2520,      0.2520,      0.2470,      0.2470,      0.2250,      0.2250,      0.2100,      0.2020,      0.2020,      0.1890,      0.1610,      0.1250,      0.1010,      0.1070,      0.1090,      0.1090,      0.1120,      0.1120,      0.1120,      0.1120,      0.1050,      0.1050,      0.0960,      0.0840,      0.0840,      0.0670,      0.0460,      0.0460,      0.0210,      0.0210,     -0.0020,     -0.0020,     -0.0190,     -0.0270,     -0.0270,     -0.0290,     -0.0290,     -0.0290,     -0.0290,     -0.0290,     -0.0290,     -0.0290,     -0.0270,     -0.0270,     -0.0270,     -0.0240,     -0.0240,     -0.0240,     -0.0190,     -0.0190,     -0.0190,     -0.0150,     -0.0150,     -0.0150,     -0.0120,     -0.0120,     -0.0120,     -0.0100,     -0.0100,     -0.0100,     -0.0090,     -0.0090,     -0.0090,     -0.0090,     -0.0090,     -0.0090,     -0.0090,     -0.0090,     -0.0080,     -0.0080,     -0.0080,     -0.0080,     -0.0080,     -0.0080,     -0.0080,     -0.0080,     -0.0090,     -0.0100,     -0.0120,     -0.0130,     -0.0140,     -0.0160,     -0.0180,     -0.0190,     -0.0210,     -0.0220,     -0.0230,     -0.0250,     -0.0260,     -0.0290,     -0.0300,     -0.0300,     -0.0300,     -0.0300,     -0.0300,     -0.0300,     -0.0300,     -0.0300
================
P [mbar]       ,    0.1004,    0.1015,    0.1034,    0.1069,    0.1130,    0.1239,    0.1432,    0.1740,    0.2226,    0.3028,    0.4349,    0.6529,    1.0121,    1.6044,    2.4646,    3.4606,    4.3994,    5.2226,    5.8426,    6.2132,    6.3980,    6.4686,    6.5039,    6.5168
Temp initial[K],  155.0000,  155.0000,  155.0000,  155.0000,  155.0000,  155.0000,  155.0000,  155.0000,  155.0000,  155.0000,  155.0000,  155.0000,  158.8233,  165.4041,  173.2716,  181.4436,  190.2788,  198.8130,  204.5783,  207.8249,  209.4219,  210.0497,  210.3719,  210.4891
================
it   ,   tau    ,  Tsfc    ,   alb    ,   OLR    ,    ASR   ,  NET top ,  NET bot , T lev  01, T lev  02, T lev  03, T lev  04, T lev  05, T lev  06, T lev  07, T lev  08, T lev  09, T lev  10, T lev  11, T lev  12, T lev  13, T lev  14, T lev  15, T lev  16, T lev  17, T lev  18, T lev  19, T lev  20, T lev  21, T lev  22, T lev  23, T lev  24, T lev  25,  OLR IR01,  OLR IR02,  OLR IR03,  OLR IR04,  OLR IR05,  OLR IR06,  OLR IR07,  OLR IR08,  OLR IR09,  OLR IR10,  OLR IR11,  OLR IR12,  OLR IR13,  OLR IR14,  OLR IR15,  OLR IR16,  OLR IR17,  OLR IR18,  OLR IR19,  OLR IR20,  OLR IR21,  OLR IR22,  OLR IR23,  OLR IR24,  OLR IR25,  OLR IR26,  OLR IR27,  OLR IR28,  OLR IR29,  OLR IR30,  OLR IR31,  OLR IR32,  OLR IR33,  OLR IR34,  OLR IR35,  OLR IR36,  OLR IR37,  OLR IR38,  OLR IR39,  OLR IR40,  OLR IR41,  OLR IR42,  OLR IR43,  OLR IR44,  OLR IR45,  OLR IR46,  OLR IR47,  OLR IR48,  OLR IR49,  OLR IR50,  OLR IR51,  OLR IR52,  OLR IR53,  OLR IR54,  OLR IR55,  OLR IR56,  OLR IR57,  OLR IR58,  OLR IR59,  OLR IR60,  OLR IR61,  OLR IR62,  OLR IR63,  OLR IR64,  OLR IR65,  OLR IR66,  OLR IR67,  OLR IR68,  OLR IR69,  OLR IR70,  OLR IR71,  OLR IR72,  OLR IR73,  OLR IR74,  OLR IR75,  OLR IR76,  OLR IR77,  OLR IR78,  OLR IR79,  OLR IR80,  OLR IR81,  OLR IR82,  OLR IR83,  OLR IR84,  OLR IR85,  OLR IR86,  OLR IR87,  OLR IR88,  OLR IR89,  OLR IR90,  OLR IR91,  OLR IR92,  OLR IR93,  OLR IR94,  OLR IR95,  OLR IR96, ASR VIS01, ASR VIS02, ASR VIS03, ASR VIS04, ASR VIS05, ASR VIS06, ASR VIS07, ASR VIS08, ASR VIS09, ASR VIS10, ASR VIS11, ASR VIS12, ASR VIS13, ASR VIS14, ASR VIS15, ASR VIS16, ASR VIS17, ASR VIS18, ASR VIS19, ASR VIS20, ASR VIS21, ASR VIS22, ASR VIS23, ASR VIS24, ASR VIS25, ASR VIS26, ASR VIS27, ASR VIS28, ASR VIS29, ASR VIS30, ASR VIS31, ASR VIS32, ASR VIS33, ASR VIS34, ASR VIS35, ASR VIS36, ASR VIS37, ASR VIS38, ASR VIS39, ASR VIS40, ASR VIS41, ASR VIS42, ASR VIS43, ASR VIS44, ASR VIS45, ASR VIS46, ASR VIS47, ASR VIS48, ASR VIS49, ASR VIS50, ASR VIS51, ASR VIS52, ASR VIS53, ASR VIS54, ASR VIS55, ASR VIS56, ASR VIS57, ASR VIS58, ASR VIS59, ASR VIS60, ASR VIS61, ASR VIS62, ASR VIS63, ASR VIS64, ASR VIS65, ASR VIS66, ASR VIS67, ASR VIS68, ASR VIS69, ASR VIS70, ASR VIS71, ASR VIS72, ASR VIS73, ASR VIS74, ASR VIS75, ASR VIS76, ASR VIS77, ASR VIS78, ASR VIS79, ASR VIS80, ASR VIS81, ASR VIS82, ASR VIS83, ASR VIS84, SFC DIR01, SFC DIR02, SFC DIR03, SFC DIR04, SFC DIR05, SFC DIR06, SFC DIR07, SFC DIR08, SFC DIR09, SFC DIR10, SFC DIR11, SFC DIR12, SFC DIR13, SFC DIR14, SFC DIR15, SFC DIR16, SFC DIR17, SFC DIR18, SFC DIR19, SFC DIR20, SFC DIR21, SFC DIR22, SFC DIR23, SFC DIR24, SFC DIR25, SFC DIR26, SFC DIR27, SFC DIR28, SFC DIR29, SFC DIR30, SFC DIR31, SFC DIR32, SFC DIR33, SFC DIR34, SFC DIR35, SFC DIR36, SFC DIR37, SFC DIR38, SFC DIR39, SFC DIR40, SFC DIR41, SFC DIR42, SFC DIR43, SFC DIR44, SFC DIR45, SFC DIR46, SFC DIR47, SFC DIR48, SFC DIR49, SFC DIR50, SFC DIR51, SFC DIR52, SFC DIR53, SFC DIR54, SFC DIR55, SFC DIR56, SFC DIR57, SFC DIR58, SFC DIR59, SFC DIR60, SFC DIR61, SFC DIR62, SFC DIR63, SFC DIR64, SFC DIR65, SFC DIR66, SFC DIR67, SFC DIR68, SFC DIR69, SFC DIR70, SFC DIR71, SFC DIR72, SFC DIR73, SFC DIR74, SFC DIR75, SFC DIR76, SFC DIR77, SFC DIR78, SFC DIR79, SFC DIR80, SFC DIR81, SFC DIR82, SFC DIR83, SFC DIR84, SFC DIR85, SFC DIR86, SFC DIR87, SFC DIR88, SFC DIR89, SFC DIR90, SFC DIR91, SFC DIR92, SFC DIR93, SFC DIR94, SFC DIR95, SFC DIR96,SFC DVIS01,SFC DVIS02,SFC DVIS03,SFC DVIS04,SFC DVIS05,SFC DVIS06,SFC DVIS07,SFC DVIS08,SFC DVIS09,SFC DVIS10,SFC DVIS11,SFC DVIS12,SFC DVIS13,SFC DVIS14,SFC DVIS15,SFC DVIS16,SFC DVIS17,SFC DVIS18,SFC DVIS19,SFC DVIS20,SFC DVIS21,SFC DVIS22,SFC DVIS23,SFC DVIS24,SFC DVIS25,SFC DVIS26,SFC DVIS27,SFC DVIS28,SFC DVIS29,SFC DVIS30,SFC DVIS31,SFC DVIS32,SFC DVIS33,SFC DVIS34,SFC DVIS35,SFC DVIS36,SFC DVIS37,SFC DVIS38,SFC DVIS39,SFC DVIS40,SFC DVIS41,SFC DVIS42,SFC DVIS43,SFC DVIS44,SFC DVIS45,SFC DVIS46,SFC DVIS47,SFC DVIS48,SFC DVIS49,SFC DVIS50,SFC DVIS51,SFC DVIS52,SFC DVIS53,SFC DVIS54,SFC DVIS55,SFC DVIS56,SFC DVIS57,SFC DVIS58,SFC DVIS59,SFC DVIS60,SFC DVIS61,SFC DVIS62,SFC DVIS63,SFC DVIS64,SFC DVIS65,SFC DVIS66,SFC DVIS67,SFC DVIS68,SFC DVIS69,SFC DVIS70,SFC DVIS71,SFC DVIS72,SFC DVIS73,SFC DVIS74,SFC DVIS75,SFC DVIS76,SFC DVIS77,SFC DVIS78,SFC DVIS79,SFC DVIS80,SFC DVIS81,SFC DVIS82,SFC DVIS83,SFC DVIS84
 1007,    0.0000,  218.8983,    0.2194,  117.0969,  115.8380,   -0.8625,   -0.7595,  158.4330,  155.0000,  155.0000,  155.0000,  155.0000,  155.0000,  155.0000,  155.0000,  155.0000,  155.0000,  155.0000,  155.0000,  155.0000,  158.8202,  165.3996,  173.2672,  181.4393,  190.2764,  198.8104,  204.5754,  207.8212,  209.4182,  210.0462,  210.3680,  210.4855,    0.0676,    0.2556,    0.5389,    0.8888,    1.2804,    1.6928,    2.1082,    2.5121,    2.8933,    3.2429,    3.5544,    3.8241,    3.4712,    3.6087,    3.7179,    3.7987,    3.8530,    3.8815,    3.8866,    3.8696,    3.8324,    3.7775,    3.7019,    3.5964,    1.2424,    1.2267,    1.2047,    1.1662,    1.1137,    1.0481,    0.8756,    0.8393,    0.7711,    0.6138,    0.5638,    0.3590,    0.1995,    0.1649,    0.1438,    0.1375,    0.1329,    0.1277,    0.1258,    0.1235,    0.1245,    0.1364,    0.1735,    0.2440,    0.3730,    0.4452,    0.3502,    0.5089,    0.4971,    0.5051,    0.5244,    0.6000,    0.6202,    0.6335,    0.6351,    0.6285,    1.6842,    1.6087,    1.5504,    1.4822,    1.4116,    1.3421,    1.2748,    1.2087,    1.1452,    1.0819,    1.0194,    0.9639,    1.4270,    1.3066,    1.1824,    1.0659,    0.9702,    0.8860,    0.8005,    0.7221,    0.6504,    0.5836,    0.5141,    0.4584,    1.1328,    0.8012,    0.5722,    0.3992,    0.2764,    0.1901,    0.1299,    0.0861,    0.0569,    0.0365,    0.0240,    0.0175,    0.0899,    0.0485,    0.0757,    0.0853,    0.0957,    0.0892,    0.0975,    0.1095,    0.0962,    0.1325,    0.1172,    0.1283,    0.1417,    0.1155,    0.1679,    0.1865,    0.1530,    0.1811,    0.2062,    0.2231,    0.2234,    0.1500,    0.2398,    0.2531,    0.3109,    0.3324,    0.3440,    0.3658,    0.3756,    0.3936,    0.3989,    0.4549,    0.4935,    0.4704,    0.4844,    0.4940,    0.8433,    0.9209,    0.9662,    0.9986,    1.0221,    1.1068,    1.0376,    1.1056,    1.0799,    1.1314,    1.0731,    1.1504,    2.4777,    2.4439,    2.4989,    2.5383,    2.5642,    2.4625,    2.5489,    2.6139,    2.6670,    2.4800,    2.4441,    2.5380,    6.4157,    6.1123,    6.0433,    5.8603,    5.4132,    5.0767,    4.4565,    4.0997,    3.9404,    3.4535,    2.6528,    2.4637,    1.8993,    1.7458,    1.3311,    1.2705,    0.8565,    0.6215,    0.5021,    0.2015,    0.1776,    0.1261,    0.0437,    0.0355,    0.0000,    0.0000,    0.0000,    0.0000,    0.0000,    0.0000,    0.0000,    0.0000,    0.0000,    0.0000,    0.0000,    0.0000,    0.0000,    0.0000,    0.0000,    0.0000,    0.0000,    0.0000,    0.0000,    0.0001,    0.0002,    0.0007,    0.0108,    0.0490,    0.0110,    0.0180,    0.0344,    0.0771,    0.1397,    0.2137,    0.4309,    0.4495,    0.5119,    0.6671,    0.7005,    0.8672,    0.6959,    0.7036,    0.7106,    0.6982,    0.6956,    0.7186,    0.6761,    0.6645,    0.6491,    0.6306,    0.6025,    0.5551,    0.4721,    0.3712,    0.4491,    0.2585,    0.2602,    0.2432,    0.2110,    0.1067,    0.0696,    0.0377,    0.0207,    0.0150,    0.0329,    0.0299,    0.0085,    0.0020,    0.0004,    0.0004,    0.0002,    0.0011,    0.0019,    0.0049,    0.0091,    0.0081,    0.0085,    0.0012,    0.0075,    0.0141,    0.0089,    0.0000,    0.0000,    0.0000,    0.0000,    0.0008,    0.0066,    0.0072,    0.0065,    0.0059,    0.0000,    0.0000,    0.0000,    0.0000,    0.0000,    0.0009,    0.0011,    0.0014,    0.0012,    0.0002,    0.0266,    0.0000,    0.0608,    0.1075,    0.1214,    0.1110,    0.1245,    0.1386,    0.1233,    0.1698,    0.1501,    0.1645,    0.1808,    0.1468,    0.2123,    0.2321,    0.1900,    0.1318,    0.0189,    0.0386,    0.1649,    0.1902,    0.3067,    0.3223,    0.3984,    0.4260,    0.4410,    0.4686,    0.4799,    0.4920,    0.4648,    0.4226,    0.3741,    0.4433,    0.6104,    0.6178,    1.0805,    1.1804,    1.2359,    1.2564,    1.2364,    1.3694,    1.3136,    1.3975,    1.2854,    1.4503,    1.3718,    1.4606,    3.1621,    3.0885,    3.2030,    3.2531,    3.2748,    3.1568,    3.2678,    3.3511,    3.4192,    3.1776,    3.1334,    3.2539,    8.2247,    7.8363,    7.7478,    7.5132,    6.9399,    6.5086,    5.7135,    5.2561,    5.0518,    4.4276,    3.4010,    3.1586,    2.4350,    2.2382,    1.7066,    1.6288,    1.0981,    0.7968,    0.6438,    0.2584,    0.2277,    0.1616,    0.0560,    0.0455
  610,    0.0500,  224.7973,    0.1852,  122.1974,  120.9026,   -0.7272,   -0.8653,  158.4330,  169.6553,  170.4950,  171.4230,  172.5883,  173.4002,  174.2971,  175.2985,  176.3973,  177.6131,  179.3992,  181.9831,  185.5947,  190.2978,  195.6325,  200.4993,  204.7531,  208.2496,  211.2969,  214.1978,  217.4968,  219.1263,  219.7919,  220.1551,  220.2917,    0.0693,    0.2626,    0.5549,    0.9173,    1.3249,    1.7562,    2.1931,    2.6238,    3.0369,    3.4100,    3.7360,    3.9953,    3.6185,    3.7697,    3.8616,    3.8616,    3.7695,    3.6081,    3.4595,    3.3467,    3.2953,    3.3049,    3.3557,    3.3743,    1.1735,    1.1751,    1.1689,    1.1356,    1.1049,    1.0589,    0.9466,    0.9327,    0.8854,    0.7767,    0.7576,    0.6296,    0.4221,    0.3762,    0.3313,    0.3223,    0.3058,    0.2709,    0.2968,    0.2966,    0.3064,    0.3286,    0.3673,    0.4112,    0.5000,    0.5472,    0.4723,    0.5911,    0.5798,    0.5775,    0.5866,    0.6446,    0.6590,    0.6714,    0.6731,    0.6665,    1.7966,    1.7242,    1.6635,    1.5923,    1.5202,    1.4424,    1.3603,    1.2916,    1.2094,    1.1442,    1.0669,    1.0109,    1.4908,    1.3766,    1.2484,    1.1456,    1.0611,    0.9736,    0.8914,    0.8067,    0.7362,    0.6628,    0.5929,    0.5320,    1.3181,    0.9382,    0.6633,    0.4668,    0.3319,    0.2338,    0.1616,    0.1094,    0.0738,    0.0482,    0.0321,    0.0235,    0.0908,    0.0479,    0.0780,    0.0901,    0.1011,    0.0940,    0.1029,    0.1152,    0.1013,    0.1394,    0.1233,    0.1352,    0.1492,    0.1216,    0.1768,    0.1962,    0.1613,    0.1866,    0.2063,    0.2237,    0.2305,    0.1581,    0.2526,    0.2667,    0.3276,    0.3502,    0.3624,    0.3853,    0.3956,    0.4142,    0.4188,    0.4714,    0.5075,    0.4876,    0.5101,    0.5197,    0.8859,    0.9675,    1.0150,    1.0483,    1.0706,    1.1607,    1.0895,    1.1585,    1.1273,    1.1860,    1.1248,    1.2054,    2.5968,    2.5604,    2.6195,    2.6532,    2.6799,    2.5740,    2.6643,    2.7323,    2.7878,    2.5922,    2.5548,    2.6530,    6.7064,    6.3717,    6.2999,    6.1092,    5.6432,    5.2926,    4.6463,    4.2745,    4.1086,    3.6012,    2.7664,    2.5695,    1.9811,    1.7989,    1.3717,    1.3095,    0.8830,    0.6409,    0.5179,    0.2079,    0.1833,    0.1302,    0.0452,    0.0367,    0.0005,    0.0018,    0.0037,    0.0061,    0.0088,    0.0116,    0.0144,    0.0143,    0.0140,    0.0329,    0.0723,    0.1428,    0.1763,    0.2319,    0.3725,    0.6491,    1.0429,    1.4595,    1.7649,    1.9368,    1.9385,    1.7870,    1.5227,    1.2887,    0.4168,    0.3856,    0.3712,    0.4192,    0.4641,    0.5359,    0.7418,    0.7474,    0.8046,    0.9282,    0.9546,    1.0765,    0.8433,    0.8465,    0.8490,    0.8373,    0.8319,    0.8422,    0.8118,    0.8003,    0.7862,    0.7693,    0.7445,    0.7092,    0.6609,    0.5594,    0.6209,    0.4260,    0.4274,    0.4115,    0.3663,    0.2378,    0.1876,    0.1378,    0.1104,    0.1002,    0.2448,    0.2227,    0.1807,    0.1620,    0.1491,    0.1480,    0.1546,    0.1477,    0.1602,    0.1557,    0.1682,    0.1565,    0.2335,    0.1917,    0.1836,    0.1600,    0.1226,    0.0945,    0.0762,    0.0680,    0.0544,    0.0502,    0.0505,    0.0465,    0.0939,    0.0713,    0.0497,    0.0343,    0.0199,    0.0117,    0.0078,    0.0066,    0.0052,    0.0049,    0.0037,    0.0012,    0.0218,    0.0000,    0.0540,    0.0949,    0.1073,    0.0981,    0.1101,    0.1237,    0.1100,    0.1516,    0.1340,    0.1466,    0.1609,    0.1307,    0.1888,    0.2062,    0.1677,    0.1114,    0.0141,    0.0307,    0.1433,    0.1688,    0.2731,    0.2868,    0.3549,    0.3795,    0.3929,    0.4174,    0.4275,    0.4378,    0.4096,    0.3726,    0.3287,    0.3917,    0.5423,    0.5498,    0.9694,    1.0590,    1.1088,    1.1256,    1.1063,    1.2264,    1.1774,    1.2585,    1.1571,    1.3077,    1.2367,    1.3162,    2.8505,    2.7825,    2.8881,    2.9505,    2.9699,    2.8631,    2.9638,    3.0394,    3.1011,    2.8821,    2.8420,    2.9512,    7.4596,    7.1333,    7.0527,    6.8391,    6.3172,    5.9245,    5.2007,    4.7842,    4.5982,    4.0300,    3.0955,    2.8749,    2.2162,    2.0780,    1.5843,    1.5120,    1.0194,    0.7397,    0.5975,    0.2398,    0.2113,    0.1500,    0.0520,    0.0423
  193,    0.1000,  228.0026,    0.1568,  124.8423,  125.1197,    0.9457,    0.6948,  158.4330,  176.0519,  176.9336,  177.9025,  179.0386,  179.8997,  180.9051,  182.0021,  183.1321,  184.4999,  186.2141,  188.7012,  192.1010,  196.6026,  201.9216,  207.2030,  211.8801,  215.5206,  218.4081,  220.6821,  222.6016,  224.2177,  224.8984,  225.2547,  225.3829,    0.0702,    0.2661,    0.5629,    0.9317,    1.3475,    1.7886,    2.2368,    2.6835,    3.1172,    3.5030,    3.8340,    4.0754,    3.6837,    3.8479,    3.9329,    3.8887,    3.7319,    3.5134,    3.3394,    3.2188,    3.1666,    3.1805,    3.2481,    3.2948,    1.1474,    1.1544,    1.1540,    1.1258,    1.1053,    1.0685,    0.9822,    0.9759,    0.9355,    0.8416,    0.8296,    0.7157,    0.4891,    0.4428,    0.3965,    0.3881,    0.3698,    0.3301,    0.3601,    0.3594,    0.3688,    0.3903,    0.4289,    0.4714,    0.5578,    0.5975,    0.5247,    0.6326,    0.6221,    0.6175,    0.6219,    0.6707,    0.6818,    0.6916,    0.6919,    0.6847,    1.8501,    1.7792,    1.7157,    1.6424,    1.5693,    1.4865,    1.3959,    1.3264,    1.2336,    1.1682,    1.0830,    1.0267,    1.5101,    1.3995,    1.2710,    1.1787,    1.1020,    1.0116,    0.9331,    0.8456,    0.7777,    0.7014,    0.6324,    0.5688,    1.4119,    1.0069,    0.7058,    0.4985,    0.3599,    0.2571,    0.1787,    0.1226,    0.0835,    0.0551,    0.0371,    0.0270,    0.0914,    0.0476,    0.0798,    0.0938,    0.1053,    0.0979,    0.1073,    0.1198,    0.1054,    0.1451,    0.1283,    0.1407,    0.1553,    0.1265,    0.1839,    0.2040,    0.1677,    0.1904,    0.2062,    0.2241,    0.2359,    0.1646,    0.2629,    0.2775,    0.3410,    0.3645,    0.3773,    0.4011,    0.4117,    0.4306,    0.4340,    0.4841,    0.5182,    0.5011,    0.5305,    0.5404,    0.9207,    1.0055,    1.0548,    1.0886,    1.1098,    1.2044,    1.1317,    1.2018,    1.1662,    1.2311,    1.1674,    1.2507,    2.6949,    2.6560,    2.7189,    2.7490,    2.7762,    2.6670,    2.7605,    2.8309,    2.8884,    2.6857,    2.6471,    2.7488,    6.9487,    6.5895,    6.5153,    6.3183,    5.8365,    5.4741,    4.8057,    4.4213,    4.2500,    3.7253,    2.8620,    2.6585,    2.0499,    1.8455,    1.4075,    1.3438,    0.9063,    0.6580,    0.5319,    0.2136,    0.1884,    0.1338,    0.0464,    0.0378,    0.0010,    0.0036,    0.0076,    0.0126,    0.0181,    0.0239,    0.0298,    0.0298,    0.0297,    0.0700,    0.1530,    0.2985,    0.3674,    0.4841,    0.7665,    1.2835,    1.9386,    2.5293,    2.8984,    3.0801,    3.0782,    2.9171,    2.6068,    2.2781,    0.7521,    0.7005,    0.6650,    0.7039,    0.7252,    0.7818,    0.9460,    0.9402,    0.9866,    1.0819,    1.1015,    1.1951,    0.9279,    0.9280,    0.9278,    0.9166,    0.9097,    0.9133,    0.8894,    0.8780,    0.8647,    0.8489,    0.8268,    0.7973,    0.7679,    0.6736,    0.7234,    0.5396,    0.5395,    0.5248,    0.4767,    0.3470,    0.2939,    0.2375,    0.2060,    0.1934,    0.4835,    0.4433,    0.3875,    0.3575,    0.3338,    0.3311,    0.3449,    0.3288,    0.3521,    0.3380,    0.3562,    0.3336,    0.5038,    0.4287,    0.4010,    0.3411,    0.2685,    0.2229,    0.1821,    0.1636,    0.1325,    0.1209,    0.1109,    0.1008,    0.2219,    0.1678,    0.1275,    0.0892,    0.0533,    0.0320,    0.0217,    0.0159,    0.0117,    0.0098,    0.0071,    0.0031,    0.0188,    0.0000,    0.0484,    0.0839,    0.0949,    0.0868,    0.0974,    0.1104,    0.0982,    0.1353,    0.1196,    0.1306,    0.1433,    0.1164,    0.1680,    0.1835,    0.1486,    0.0967,    0.0117,    0.0260,    0.1258,    0.1500,    0.2433,    0.2554,    0.3162,    0.3381,    0.3500,    0.3719,    0.3810,    0.3900,    0.3634,    0.3305,    0.2912,    0.3478,    0.4827,    0.4897,    0.8697,    0.9501,    0.9948,    1.0094,    0.9915,    1.0995,    1.0560,    1.1342,    1.0426,    1.1791,    1.1150,    1.1866,    2.5701,    2.5081,    2.6042,    2.6761,    2.6935,    2.5968,    2.6882,    2.7567,    2.8127,    2.6140,    2.5777,    2.6767,    6.7658,    6.4936,    6.4202,    6.2257,    5.7506,    5.3931,    4.7342,    4.3550,    4.1857,    3.6684,    2.8178,    2.6168,    2.0173,    1.9297,    1.4712,    1.4041,    0.9465,    0.6868,    0.5548,    0.2226,    0.1962,    0.1393,    0.0483,    0.0392
  706,    0.1500,  231.0339,    0.1331,  128.3997,  128.6353,    0.9746,    0.9193,  158.4330,  179.9882,  180.8922,  181.8868,  183.0015,  183.8145,  184.8083,  185.9606,  187.0988,  188.4478,  190.2310,  192.7058,  196.2009,  200.9020,  206.6008,  212.4009,  217.5151,  221.3829,  224.2035,  226.1331,  227.4018,  228.5980,  229.1950,  229.5797,  229.7068,    0.0709,    0.2691,    0.5699,    0.9445,    1.3675,    1.8175,    2.2758,    2.7373,    3.1908,    3.5887,    3.9245,    4.1494,    3.7458,    3.9254,    4.0103,    3.9392,    3.7492,    3.5111,    3.3345,    3.2164,    3.1654,    3.1787,    3.2482,    3.3034,    1.1509,    1.1601,    1.1623,    1.1371,    1.1222,    1.0905,    1.0186,    1.0169,    0.9802,    0.8933,    0.8858,    0.7782,    0.5362,    0.4881,    0.4395,    0.4314,    0.4118,    0.3687,    0.4016,    0.4010,    0.4107,    0.4330,    0.4735,    0.5171,    0.6048,    0.6407,    0.5671,    0.6706,    0.6608,    0.6550,    0.6561,    0.6992,    0.7081,    0.7159,    0.7150,    0.7073,    1.9145,    1.8438,    1.7776,    1.7020,    1.6274,    1.5404,    1.4432,    1.3724,    1.2717,    1.2053,    1.1140,    1.0567,    1.5526,    1.4425,    1.3120,    1.2254,    1.1527,    1.0586,    0.9816,    0.8907,    0.8239,    0.7442,    0.6749,    0.6082,    1.5128,    1.0817,    0.7548,    0.5349,    0.3908,    0.2823,    0.1971,    0.1367,    0.0938,    0.0625,    0.0425,    0.0309,    0.0918,    0.0474,    0.0813,    0.0968,    0.1087,    0.1009,    0.1107,    0.1235,    0.1087,    0.1497,    0.1324,    0.1452,    0.1602,    0.1305,    0.1896,    0.2102,    0.1728,    0.1933,    0.2062,    0.2244,    0.2401,    0.1697,    0.2712,    0.2862,    0.3518,    0.3761,    0.3892,    0.4138,    0.4247,    0.4439,    0.4462,    0.4944,    0.5268,    0.5119,    0.5469,    0.5570,    0.9491,    1.0366,    1.0872,    1.1214,    1.1417,    1.2400,    1.1661,    1.2374,    1.1982,    1.2682,    1.2024,    1.2880,    2.7757,    2.7347,    2.8009,    2.8288,    2.8564,    2.7444,    2.8407,    2.9132,    2.9724,    2.7637,    2.7240,    2.8287,    7.1506,    6.7723,    6.6962,    6.4938,    5.9987,    5.6264,    4.9396,    4.5447,    4.3687,    3.8296,    2.9423,    2.7332,    2.1078,    1.8862,    1.4387,    1.3738,    0.9267,    0.6729,    0.5441,    0.2185,    0.1928,    0.1370,    0.0476,    0.0387,    0.0015,    0.0055,    0.0116,    0.0192,    0.0277,    0.0367,    0.0458,    0.0461,    0.0466,    0.1097,    0.2387,    0.4609,    0.5647,    0.7430,    1.1578,    1.8668,    2.6706,    3.2965,    3.6362,    3.7859,    3.7822,    3.6488,    3.3730,    3.0424,    1.0179,    0.9597,    0.9145,    0.9446,    0.9499,    0.9930,    1.1215,    1.1083,    1.1447,    1.2168,    1.2309,    1.3019,    1.0047,    1.0020,    0.9992,    0.9884,    0.9804,    0.9783,    0.9599,    0.9486,    0.9360,    0.9214,    0.9021,    0.8772,    0.8637,    0.7774,    0.8167,    0.6464,    0.6448,    0.6311,    0.5819,    0.4551,    0.4011,    0.3402,    0.3060,    0.2915,    0.7375,    0.6804,    0.6122,    0.5713,    0.5369,    0.5322,    0.5521,    0.5267,    0.5585,    0.5349,    0.5563,    0.5233,    0.7931,    0.6871,    0.6390,    0.5435,    0.4361,    0.3725,    0.3079,    0.2778,    0.2277,    0.2074,    0.1850,    0.1678,    0.3832,    0.2909,    0.2277,    0.1614,    0.0987,    0.0604,    0.0414,    0.0293,    0.0209,    0.0167,    0.0119,    0.0058,    0.0164,    0.0000,    0.0433,    0.0742,    0.0839,    0.0767,    0.0861,    0.0985,    0.0877,    0.1208,    0.1068,    0.1163,    0.1276,    0.1036,    0.1496,    0.1633,    0.1318,    0.0843,    0.0098,    0.0222,    0.1105,    0.1333,    0.2167,    0.2275,    0.2816,    0.3012,    0.3118,    0.3313,    0.3395,    0.3474,    0.3227,    0.2934,    0.2583,    0.3090,    0.4298,    0.4362,    0.7803,    0.8524,    0.8925,    0.9053,    0.8888,    0.9860,    0.9472,    1.0222,    0.9396,    1.0632,    1.0054,    1.0698,    2.3174,    2.2610,    2.3482,    2.4272,    2.4430,    2.3553,    2.4382,    2.5004,    2.5511,    2.3709,    2.3379,    2.4278,    6.1366,    5.9113,    5.8445,    5.6674,    5.2349,    4.9094,    4.3096,    3.9645,    3.8103,    3.3394,    2.5650,    2.3821,    1.8363,    1.7923,    1.3664,    1.3040,    0.8791,    0.6378,    0.5153,    0.2068,    0.1822,    0.1293,    0.0448,    0.0364
  907,    0.2000,  233.4015,    0.1133,  131.4369,  131.5665,    0.9217,    0.7576,  158.4330,  182.6704,  183.6035,  184.6100,  185.6941,  186.5038,  187.4988,  188.6068,  189.8022,  191.1329,  193.0043,  195.6034,  199.2016,  204.2043,  210.3055,  216.6406,  222.0124,  225.9004,  228.6000,  230.3047,  231.2150,  231.9144,  232.2979,  232.6438,  232.7693,    0.0714,    0.2714,    0.5752,    0.9540,    1.3825,    1.8392,    2.3053,    2.7790,    3.2498,    3.6574,    3.9960,    4.2041,    3.7916,    3.9861,    4.0730,    3.9830,    3.7730,    3.5262,    3.3500,    3.2340,    3.1839,    3.1968,    3.2667,    3.3260,    1.1591,    1.1695,    1.1733,    1.1501,    1.1387,    1.1102,    1.0477,    1.0490,    1.0146,    0.9324,    0.9282,    0.8250,    0.5714,    0.5218,    0.4712,    0.4632,    0.4426,    0.3968,    0.4322,    0.4316,    0.4419,    0.4652,    0.5075,    0.5523,    0.6415,    0.6748,    0.6001,    0.7010,    0.6917,    0.6852,    0.6839,    0.7229,    0.7303,    0.7363,    0.7344,    0.7264,    1.9683,    1.8977,    1.8293,    1.7516,    1.6758,    1.5855,    1.4832,    1.4114,    1.3048,    1.2375,    1.1418,    1.0836,    1.5911,    1.4809,    1.3486,    1.2658,    1.1958,    1.0984,    1.0223,    0.9286,    0.8625,    0.7802,    0.7104,    0.6412,    1.5975,    1.1449,    0.7965,    0.5661,    0.4172,    0.3038,    0.2129,    0.1489,    0.1029,    0.0690,    0.0473,    0.0343,    0.0922,    0.0473,    0.0825,    0.0991,    0.1113,    0.1034,    0.1135,    0.1266,    0.1114,    0.1534,    0.1356,    0.1488,    0.1641,    0.1336,    0.1942,    0.2152,    0.1769,    0.1955,    0.2062,    0.2246,    0.2433,    0.1739,    0.2779,    0.2932,    0.3605,    0.3854,    0.3989,    0.4241,    0.4352,    0.4546,    0.4559,    0.5025,    0.5336,    0.5206,    0.5601,    0.5704,    0.9724,    1.0619,    1.1138,    1.1482,    1.1677,    1.2691,    1.1942,    1.2668,    1.2247,    1.2988,    1.2313,    1.3187,    2.8423,    2.7996,    2.8684,    2.8953,    2.9233,    2.8090,    2.9075,    2.9817,    3.0423,    2.8287,    2.7881,    2.8953,    7.3190,    6.9257,    6.8479,    6.6411,    6.1349,    5.7542,    5.0520,    4.6483,    4.4685,    3.9172,    3.0098,    2.7961,    2.1565,    1.9218,    1.4661,    1.4001,    0.9446,    0.6861,    0.5548,    0.2229,    0.1967,    0.1398,    0.0486,    0.0395,    0.0020,    0.0074,    0.0157,    0.0260,    0.0376,    0.0498,    0.0623,    0.0629,    0.0641,    0.1509,    0.3269,    0.6249,    0.7619,    0.9993,    1.5313,    2.3823,    3.2492,    3.8385,    4.1227,    4.2383,    4.2349,    4.1324,    3.9091,    3.6142,    1.2209,    1.1641,    1.1163,    1.1380,    1.1325,    1.1636,    1.2607,    1.2433,    1.2705,    1.3227,    1.3318,    1.3835,    1.0630,    1.0580,    1.0527,    1.0421,    1.0333,    1.0280,    1.0127,    1.0016,    0.9896,    0.9762,    0.9596,    0.9386,    0.9388,    0.8615,    0.8909,    0.7375,    0.7345,    0.7215,    0.6730,    0.5531,    0.5003,    0.4379,    0.4026,    0.3869,    0.9873,    0.9154,    0.8375,    0.7868,    0.7428,    0.7355,    0.7594,    0.7251,    0.7621,    0.7294,    0.7511,    0.7088,    1.0756,    0.9432,    0.8752,    0.7481,    0.6095,    0.5296,    0.4420,    0.4002,    0.3314,    0.3019,    0.2663,    0.2414,    0.5632,    0.4292,    0.3407,    0.2438,    0.1518,    0.0944,    0.0654,    0.0455,    0.0322,    0.0249,    0.0175,    0.0094,    0.0143,    0.0000,    0.0388,    0.0656,    0.0742,    0.0678,    0.0762,    0.0879,    0.0783,    0.1078,    0.0953,    0.1036,    0.1137,    0.0923,    0.1332,    0.1454,    0.1170,    0.0737,    0.0083,    0.0192,    0.0973,    0.1185,    0.1931,    0.2026,    0.2509,    0.2683,    0.2778,    0.2951,    0.3026,    0.3095,    0.2867,    0.2607,    0.2293,    0.2748,    0.3827,    0.3886,    0.7001,    0.7648,    0.8008,    0.8120,    0.7969,    0.8842,    0.8496,    0.9214,    0.8469,    0.9587,    0.9065,    0.9645,    2.0895,    2.0383,    2.1174,    2.2015,    2.2157,    2.1362,    2.2114,    2.2679,    2.3139,    2.1504,    2.1205,    2.2020,    5.5659,    5.3813,    5.3205,    5.1594,    4.7656,    4.4693,    3.9232,    3.6090,    3.4687,    3.0399,    2.3350,    2.1685,    1.6716,    1.6648,    1.2692,    1.2112,    0.8165,    0.5924,    0.4786,    0.1920,    0.1692,    0.1201,    0.0416,    0.0338
 1129,    0.3000,  236.7023,    0.0831,  135.9834,  136.0507,    0.9386,    0.7361,  158.4330,  186.3308,  187.3245,  188.3091,  189.2064,  190.0938,  191.0041,  192.0949,  193.2983,  194.7025,  196.7106,  199.6015,  203.7216,  209.3926,  216.3015,  223.2840,  228.8028,  232.4043,  234.7002,  235.9084,  236.5038,  236.7102,  236.7187,  236.7850,  236.8181,    0.0720,    0.2738,    0.5810,    0.9649,    1.4001,    1.8649,    2.3407,    2.8324,    3.3311,    3.7520,    4.0920,    4.2672,    3.8442,    4.0667,    4.1610,    4.0486,    3.8178,    3.5644,    3.3900,    3.2769,    3.2284,    3.2411,    3.3111,    3.3744,    1.1763,    1.1881,    1.1938,    1.1730,    1.1659,    1.1413,    1.0907,    1.0956,    1.0644,    0.9890,    0.9894,    0.8946,    0.6248,    0.5730,    0.5186,    0.5110,    0.4884,    0.4377,    0.4779,    0.4777,    0.4895,    0.5148,    0.5601,    0.6060,    0.6961,    0.7253,    0.6498,    0.7460,    0.7373,    0.7301,    0.7254,    0.7583,    0.7634,    0.7666,    0.7631,    0.7543,    2.0468,    1.9759,    1.9040,    1.8233,    1.7456,    1.6508,    1.5421,    1.4687,    1.3547,    1.2861,    1.1846,    1.1249,    1.6510,    1.5398,    1.4048,    1.3265,    1.2594,    1.1569,    1.0816,    0.9840,    0.9187,    0.8325,    0.7622,    0.6893,    1.7211,    1.2376,    0.8581,    0.6124,    0.4563,    0.3357,    0.2366,    0.1673,    0.1166,    0.0790,    0.0547,    0.0396,    0.0926,    0.0472,    0.0842,    0.1025,    0.1151,    0.1068,    0.1174,    0.1310,    0.1154,    0.1588,    0.1404,    0.1540,    0.1698,    0.1383,    0.2008,    0.2224,    0.1828,    0.1985,    0.2062,    0.2249,    0.2479,    0.1799,    0.2877,    0.3034,    0.3732,    0.3989,    0.4129,    0.4390,    0.4504,    0.4701,    0.4700,    0.5143,    0.5434,    0.5331,    0.5793,    0.5898,    1.0068,    1.0996,    1.1531,    1.1879,    1.2062,    1.3121,    1.2359,    1.3109,    1.2643,    1.3448,    1.2748,    1.3648,    2.9424,    2.8971,    2.9700,    2.9969,    3.0254,    2.9076,    3.0096,    3.0864,    3.1491,    2.9280,    2.8861,    2.9970,    7.5762,    7.1624,    7.0821,    6.8684,    6.3451,    5.9517,    5.2256,    4.8083,    4.6226,    4.0527,    3.1141,    2.8934,    2.2318,    1.9801,    1.5108,    1.4432,    0.9740,    0.7076,    0.5724,    0.2301,    0.2031,    0.1445,    0.0502,    0.0409,    0.0030,    0.0113,    0.0240,    0.0397,    0.0575,    0.0764,    0.0956,    0.0972,    0.1005,    0.2358,    0.5062,    0.9490,    1.1445,    1.4883,    2.2057,    3.2141,    4.0532,    4.5041,    4.6902,    4.7623,    4.7635,    4.7054,    4.5688,    4.3620,    1.4923,    1.4468,    1.4041,    1.4126,    1.3964,    1.4097,    1.4601,    1.4399,    1.4519,    1.4748,    1.4766,    1.4997,    1.1460,    1.1371,    1.1275,    1.1172,    1.1072,    1.0970,    1.0864,    1.0758,    1.0651,    1.0539,    1.0418,    1.0267,    1.0471,    0.9870,    1.0002,    0.8813,    0.8758,    0.8634,    0.8190,    0.7181,    0.6702,    0.6104,    0.5760,    0.5592,    1.4455,    1.3515,    1.2603,    1.1935,    1.1335,    1.1192,    1.1444,    1.0944,    1.1322,    1.0834,    1.0984,    1.0410,    1.5795,    1.4085,    1.3051,    1.1301,    0.9439,    0.8370,    0.7107,    0.6464,    0.5443,    0.4965,    0.4353,    0.3951,    0.9448,    0.7234,    0.5800,    0.4202,    0.2695,    0.1721,    0.1208,    0.0831,    0.0584,    0.0438,    0.0305,    0.0180,    0.0111,    0.0000,    0.0312,    0.0512,    0.0581,    0.0530,    0.0596,    0.0701,    0.0624,    0.0859,    0.0760,    0.0822,    0.0902,    0.0732,    0.1056,    0.1153,    0.0922,    0.0569,    0.0062,    0.0145,    0.0757,    0.0937,    0.1532,    0.1607,    0.1991,    0.2130,    0.2205,    0.2342,    0.2403,    0.2457,    0.2267,    0.2061,    0.1811,    0.2175,    0.3037,    0.3086,    0.5636,    0.6156,    0.6446,    0.6533,    0.6408,    0.7113,    0.6837,    0.7488,    0.6881,    0.7795,    0.7370,    0.7841,    1.6988,    1.6568,    1.7216,    1.8112,    1.8228,    1.7575,    1.8194,    1.8658,    1.9036,    1.7692,    1.7445,    1.8116,    4.5791,    4.4601,    4.4097,    4.2761,    3.9498,    3.7042,    3.2516,    2.9912,    2.8749,    2.5195,    1.9353,    1.7973,    1.3855,    1.4366,    1.0953,    1.0453,    0.7046,    0.5113,    0.4130,    0.1657,    0.1460,    0.1036,    0.0359,    0.0292
 1265,    0.4000,  238.8013,    0.0620,  139.1540,  139.1739,    0.9496,    0.7226,  158.4330,  188.8417,  189.7950,  190.7904,  191.6024,  192.3131,  193.2374,  194.3005,  195.5094,  197.1028,  199.3893,  202.5971,  207.2099,  213.4073,  220.8983,  228.2049,  233.5026,  236.8016,  238.6016,  239.5040,  239.7968,  239.7012,  239.6281,  239.4172,  239.3717,    0.0722,    0.2747,    0.5834,    0.9694,    1.4077,    1.8767,    2.3574,    2.8618,    3.3830,    3.8127,    4.1511,    4.2969,    3.8702,    4.1173,    4.2200,    4.0945,    3.8525,    3.5959,    3.4227,    3.3117,    3.2643,    3.2772,    3.3473,    3.4128,    1.1899,    1.2026,    1.2095,    1.1901,    1.1856,    1.1632,    1.1201,    1.1270,    1.0978,    1.0277,    1.0311,    0.9439,    0.6637,    0.6104,    0.5532,    0.5459,    0.5217,    0.4667,    0.5114,    0.5116,    0.5249,    0.5519,    0.5991,    0.6450,    0.7346,    0.7605,    0.6853,    0.7771,    0.7689,    0.7614,    0.7545,    0.7830,    0.7867,    0.7878,    0.7832,    0.7740,    2.1015,    2.0302,    1.9559,    1.8731,    1.7941,    1.6965,    1.5837,    1.5092,    1.3904,    1.3210,    1.2157,    1.1549,    1.6948,    1.5826,    1.4456,    1.3700,    1.3045,    1.1983,    1.1233,    1.0229,    0.9580,    0.8692,    0.7984,    0.7229,    1.8077,    1.3030,    0.9021,    0.6456,    0.4843,    0.3586,    0.2536,    0.1807,    0.1266,    0.0863,    0.0603,    0.0435,    0.0929,    0.0470,    0.0854,    0.1046,    0.1175,    0.1090,    0.1199,    0.1338,    0.1179,    0.1623,    0.1436,    0.1574,    0.1735,    0.1413,    0.2052,    0.2271,    0.1866,    0.2004,    0.2061,    0.2250,    0.2508,    0.1838,    0.2940,    0.3100,    0.3814,    0.4077,    0.4220,    0.4487,    0.4604,    0.4802,    0.4791,    0.5219,    0.5496,    0.5411,    0.5918,    0.6025,    1.0298,    1.1247,    1.1794,    1.2144,    1.2318,    1.3408,    1.2636,    1.3408,    1.2912,    1.3760,    1.3043,    1.3962,    3.0104,    2.9633,    3.0391,    3.0674,    3.0964,    2.9761,    3.0805,    3.1592,    3.2234,    2.9969,    2.9541,    3.0677,    7.7549,    7.3291,    7.2471,    7.0285,    6.4932,    6.0908,    5.3480,    4.9211,    4.7314,    4.1483,    3.1879,    2.9621,    2.2851,    2.0245,    1.5450,    1.4762,    0.9964,    0.7241,    0.5860,    0.2356,    0.2081,    0.1481,    0.0515,    0.0420,    0.0040,    0.0152,    0.0322,    0.0534,    0.0774,    0.1030,    0.1292,    0.1320,    0.1378,    0.3223,    0.6847,    1.2599,    1.5021,    1.9335,    2.7737,    3.8161,    4.5364,    4.8594,    4.9877,    5.0414,    5.0478,    5.0139,    4.9278,    4.7868,    1.6494,    1.6161,    1.5823,    1.5822,    1.5632,    1.5653,    1.5866,    1.5670,    1.5685,    1.5728,    1.5696,    1.5743,    1.1996,    1.1884,    1.1761,    1.1661,    1.1553,    1.1419,    1.1344,    1.1241,    1.1143,    1.1043,    1.0951,    1.0836,    1.1174,    1.0715,    1.0731,    0.9843,    0.9769,    0.9643,    0.9255,    0.8442,    0.8025,    0.7493,    0.7179,    0.7010,    1.8294,    1.7217,    1.6231,    1.5445,    1.4726,    1.4494,    1.4684,    1.4057,    1.4341,    1.3726,    1.3742,    1.3063,    1.9791,    1.7851,    1.6535,    1.4502,    1.2356,    1.1093,    0.9553,    0.8716,    0.7442,    0.6797,    0.5965,    0.5424,    1.3155,    1.0093,    0.8088,    0.5905,    0.3878,    0.2528,    0.1790,    0.1230,    0.0863,    0.0637,    0.0442,    0.0275,    0.0087,    0.0000,    0.0251,    0.0401,    0.0454,    0.0415,    0.0466,    0.0559,    0.0497,    0.0685,    0.0605,    0.0652,    0.0716,    0.0581,    0.0838,    0.0914,    0.0727,    0.0443,    0.0046,    0.0111,    0.0592,    0.0740,    0.1216,    0.1275,    0.1580,    0.1690,    0.1750,    0.1859,    0.1909,    0.1951,    0.1796,    0.1632,    0.1433,    0.1723,    0.2410,    0.2450,    0.4537,    0.4956,    0.5190,    0.5258,    0.5155,    0.5724,    0.5503,    0.6086,    0.5593,    0.6339,    0.5993,    0.6375,    1.3814,    1.3469,    1.3999,    1.4902,    1.4997,    1.4460,    1.4969,    1.5351,    1.5663,    1.4556,    1.4354,    1.4905,    3.7675,    3.6971,    3.6553,    3.5446,    3.2741,    3.0706,    2.6954,    2.4795,    2.3831,    2.0886,    1.6043,    1.4899,    1.1485,    1.2401,    0.9455,    0.9023,    0.6083,    0.4414,    0.3565,    0.1431,    0.1261,    0.0895,    0.0310,    0.0252
 1358,    0.5000,  240.1051,    0.0473,  141.3600,  141.3525,    0.9642,    0.8555,  158.4330,  190.5478,  191.5289,  192.4884,  193.2076,  193.8998,  194.8039,  195.9056,  197.1921,  198.8940,  201.3933,  205.0034,  210.0631,  216.7948,  224.6124,  231.9094,  237.0050,  239.8005,  241.2401,  241.8093,  241.8352,  241.6290,  241.3924,  241.0603,  240.8515,    0.0721,    0.2746,    0.5834,    0.9699,    1.4090,    1.8793,    2.3619,    2.8754,    3.4155,    3.8510,    4.1865,    4.3072,    3.8813,    4.1497,    4.2602,    4.1260,    3.8767,    3.6187,    3.4470,    3.3378,    3.2914,    3.3043,    3.3738,    3.4401,    1.1996,    1.2127,    1.2205,    1.2020,    1.1993,    1.1783,    1.1406,    1.1486,    1.1209,    1.0552,    1.0606,    0.9804,    0.6933,    0.6395,    0.5802,    0.5735,    0.5478,    0.4887,    0.5377,    0.5384,    0.5531,    0.5812,    0.6292,    0.6745,    0.7627,    0.7856,    0.7116,    0.7992,    0.7912,    0.7836,    0.7753,    0.8005,    0.8031,    0.8027,    0.7972,    0.7877,    2.1396,    2.0681,    1.9919,    1.9079,    1.8279,    1.7284,    1.6127,    1.5376,    1.4153,    1.3453,    1.2375,    1.1759,    1.7254,    1.6124,    1.4740,    1.4004,    1.3362,    1.2273,    1.1526,    1.0502,    0.9856,    0.8950,    0.8239,    0.7466,    1.8688,    1.3494,    0.9333,    0.6692,    0.5043,    0.3750,    0.2658,    0.1903,    0.1339,    0.0918,    0.0644,    0.0463,    0.0930,    0.0469,    0.0862,    0.1060,    0.1191,    0.1104,    0.1215,    0.1357,    0.1196,    0.1647,    0.1456,    0.1596,    0.1759,    0.1432,    0.2080,    0.2302,    0.1890,    0.2015,    0.2060,    0.2250,    0.2526,    0.1863,    0.2981,    0.3143,    0.3868,    0.4134,    0.4280,    0.4549,    0.4668,    0.4867,    0.4849,    0.5267,    0.5537,    0.5463,    0.5999,    0.6107,    1.0451,    1.1414,    1.1969,    1.2320,    1.2488,    1.3599,    1.2821,    1.3611,    1.3094,    1.3972,    1.3243,    1.4175,    3.0566,    3.0082,    3.0860,    3.1164,    3.1456,    3.0236,    3.1298,    3.2097,    3.2749,    3.0448,    3.0014,    3.1168,    7.8790,    7.4464,    7.3633,    7.1414,    6.5976,    6.1889,    5.4343,    5.0008,    4.8082,    4.2159,    3.2400,    3.0108,    2.3229,    2.0584,    1.5711,    1.5014,    1.0137,    0.7368,    0.5964,    0.2399,    0.2119,    0.1509,    0.0525,    0.0428,    0.0050,    0.0190,    0.0404,    0.0670,    0.0972,    0.1295,    0.1625,    0.1668,    0.1756,    0.4087,    0.8592,    1.5528,    1.8297,    2.3298,    3.2402,    4.2414,    4.8266,    5.0600,    5.1585,    5.2049,    5.2153,    5.1947,    5.1363,    5.0359,    1.7424,    1.7183,    1.6922,    1.6870,    1.6683,    1.6637,    1.6679,    1.6499,    1.6447,    1.6379,    1.6312,    1.6247,    1.2364,    1.2240,    1.2104,    1.2008,    1.1894,    1.1731,    1.1685,    1.1584,    1.1489,    1.1396,    1.1317,    1.1220,    1.1646,    1.1294,    1.1234,    1.0581,    1.0492,    1.0363,    1.0030,    0.9388,    0.9029,    0.8573,    0.8293,    0.8129,    2.1370,    2.0218,    1.9195,    1.8325,    1.7520,    1.7189,    1.7264,    1.6540,    1.6673,    1.5962,    1.5818,    1.5067,    2.2785,    2.0722,    1.9194,    1.7026,    1.4746,    1.3347,    1.1632,    1.0636,    0.9190,    0.8402,    0.7399,    0.6736,    1.6496,    1.2660,    1.0095,    0.7406,    0.4958,    0.3289,    0.2343,    0.1613,    0.1134,    0.0829,    0.0573,    0.0370,    0.0068,    0.0000,    0.0203,    0.0313,    0.0355,    0.0325,    0.0365,    0.0445,    0.0396,    0.0546,    0.0482,    0.0518,    0.0568,    0.0461,    0.0665,    0.0725,    0.0574,    0.0346,    0.0035,    0.0086,    0.0464,    0.0585,    0.0965,    0.1012,    0.1254,    0.1342,    0.1389,    0.1476,    0.1517,    0.1549,    0.1423,    0.1294,    0.1135,    0.1367,    0.1914,    0.1946,    0.3653,    0.3990,    0.4178,    0.4232,    0.4148,    0.4607,    0.4430,    0.4948,    0.4547,    0.5155,    0.4873,    0.5184,    1.1233,    1.0952,    1.1385,    1.2262,    1.2340,    1.1898,    1.2317,    1.2632,    1.2888,    1.1978,    1.1811,    1.2265,    3.1001,    3.0652,    3.0306,    2.9388,    2.7145,    2.5458,    2.2348,    2.0558,    1.9759,    1.7317,    1.3301,    1.2353,    0.9523,    1.0709,    0.8165,    0.7792,    0.5253,    0.3812,    0.3079,    0.1236,    0.1089,    0.0773,    0.0268,    0.0218
 1565,    0.7500,  241.3232,    0.0271,  144.4082,  144.3460,    0.9808,    0.9471,  158.4330,  193.2647,  194.1979,  195.0902,  195.6347,  196.3967,  197.2087,  198.4068,  199.8969,  202.0176,  205.1011,  209.5509,  215.6029,  223.1958,  231.4004,  238.1996,  242.2864,  244.1171,  244.6967,  244.5004,  244.1207,  243.6994,  243.3223,  242.7534,  242.5811,    0.0714,    0.2719,    0.5778,    0.9610,    1.3968,    1.8638,    2.3435,    2.8703,    3.4471,    3.8907,    4.2181,    4.2946,    3.8817,    4.1906,    4.3150,    4.1676,    3.9089,    3.6513,    3.4834,    3.3775,    3.3327,    3.3451,    3.4129,    3.4786,    1.2130,    1.2266,    1.2353,    1.2182,    1.2180,    1.1992,    1.1702,    1.1793,    1.1542,    1.0971,    1.1052,    1.0392,    0.7432,    0.6896,    0.6283,    0.6230,    0.5945,    0.5273,    0.5854,    0.5869,    0.6042,    0.6334,    0.6811,    0.7234,    0.8068,    0.8239,    0.7539,    0.8316,    0.8242,    0.8166,    0.8064,    0.8254,    0.8266,    0.8237,    0.8169,    0.8068,    2.1926,    2.1208,    2.0419,    1.9562,    1.8749,    1.7726,    1.6524,    1.5763,    1.4490,    1.3782,    1.2664,    1.2038,    1.7659,    1.6520,    1.5119,    1.4416,    1.3800,    1.2673,    1.1934,    1.0884,    1.0244,    0.9314,    0.8601,    0.7804,    1.9556,    1.4155,    0.9774,    0.7026,    0.5329,    0.3986,    0.2835,    0.2045,    0.1446,    0.0999,    0.0706,    0.0506,    0.0932,    0.0468,    0.0871,    0.1075,    0.1209,    0.1120,    0.1233,    0.1381,    0.1217,    0.1675,    0.1481,    0.1623,    0.1789,    0.1456,    0.2114,    0.2339,    0.1919,    0.2028,    0.2059,    0.2250,    0.2547,    0.1893,    0.3031,    0.3196,    0.3933,    0.4204,    0.4352,    0.4626,    0.4747,    0.4947,    0.4920,    0.5326,    0.5585,    0.5526,    0.6098,    0.6208,    1.0646,    1.1627,    1.2192,    1.2545,    1.2705,    1.3842,    1.3057,    1.3877,    1.3334,    1.4251,    1.3507,    1.4455,    3.1173,    3.0672,    3.1476,    3.1830,    3.2126,    3.0883,    3.1968,    3.2784,    3.3450,    3.1100,    3.0657,    3.1836,    8.0480,    7.6097,    7.5250,    7.2985,    6.7431,    6.3257,    5.5548,    5.1121,    4.9156,    4.3105,    3.3132,    3.0792,    2.3761,    2.1123,    1.6127,    1.5417,    1.0413,    0.7573,    0.6133,    0.2468,    0.2182,    0.1555,    0.0541,    0.0442,    0.0075,    0.0283,    0.0602,    0.1001,    0.1453,    0.1938,    0.2435,    0.2521,    0.2696,    0.6197,    1.2688,    2.1961,    2.5139,    3.1131,    4.0395,    4.8085,    5.1331,    5.2593,    5.3295,    5.3692,    5.3841,    5.3772,    5.3473,    5.2908,    1.8384,    1.8258,    1.8111,    1.8003,    1.7846,    1.7727,    1.7580,    1.7440,    1.7302,    1.7093,    1.6987,    1.6766,    1.2731,    1.2586,    1.2427,    1.2335,    1.2214,    1.2018,    1.2004,    1.1907,    1.1820,    1.1738,    1.1685,    1.1621,    1.2171,    1.1991,    1.1813,    1.1561,    1.1450,    1.1313,    1.1084,    1.0750,    1.0507,    1.0217,    1.0014,    0.9864,    2.6252,    2.5069,    2.4029,    2.3049,    2.2123,    2.1550,    2.1263,    2.0393,    2.0089,    1.9240,    1.8724,    1.7883,    2.6931,    2.4800,    2.2971,    2.0810,    1.8568,    1.6996,    1.5154,    1.3897,    1.2288,    1.1251,    1.0015,    0.9137,    2.2683,    1.7350,    1.3578,    1.0017,    0.6953,    0.4767,    0.3425,    0.2381,    0.1681,    0.1212,    0.0839,    0.0568,    0.0039,    0.0000,    0.0118,    0.0170,    0.0192,    0.0176,    0.0197,    0.0253,    0.0225,    0.0310,    0.0274,    0.0291,    0.0319,    0.0259,    0.0373,    0.0407,    0.0319,    0.0189,    0.0019,    0.0046,    0.0255,    0.0326,    0.0542,    0.0568,    0.0704,    0.0754,    0.0780,    0.0829,    0.0854,    0.0872,    0.0798,    0.0726,    0.0636,    0.0767,    0.1076,    0.1095,    0.2126,    0.2322,    0.2431,    0.2462,    0.2412,    0.2679,    0.2577,    0.2951,    0.2711,    0.3075,    0.2907,    0.3093,    0.6702,    0.6532,    0.6792,    0.7535,    0.7583,    0.7312,    0.7569,    0.7763,    0.7920,    0.7361,    0.7258,    0.7537,    1.9052,    1.9203,    1.8986,    1.8411,    1.7006,    1.5949,    1.4001,    1.2880,    1.2380,    1.0850,    0.8335,    0.7741,    0.5968,    0.7432,    0.5667,    0.5409,    0.3647,    0.2647,    0.2138,    0.0858,    0.0756,    0.0537,    0.0186,    0.0151
 1718,    1.0000,  240.8165,    0.0188,  145.7053,  145.5809,    0.9640,    0.9268,  158.4330,  194.8942,  195.8001,  196.5898,  197.0896,  197.8228,  198.7108,  200.0064,  201.7886,  204.2857,  207.9232,  213.1068,  219.8905,  227.8169,  235.8887,  241.9100,  244.9255,  245.8510,  245.6309,  244.9045,  244.1982,  243.5149,  243.1174,  242.4875,  242.4508,    0.0702,    0.2673,    0.5680,    0.9446,    1.3728,    1.8315,    2.3026,    2.8347,    3.4388,    3.8863,    4.2084,    4.2632,    3.8696,    4.2051,    4.3379,    4.1844,    3.9239,    3.6698,    3.5055,    3.4023,    3.3586,    3.3704,    3.4361,    3.4998,    1.2202,    1.2336,    1.2424,    1.2261,    1.2271,    1.2095,    1.1856,    1.1949,    1.1714,    1.1208,    1.1296,    1.0743,    0.7748,    0.7228,    0.6618,    0.6580,    0.6275,    0.5543,    0.6196,    0.6214,    0.6403,    0.6690,    0.7146,    0.7532,    0.8317,    0.8444,    0.7790,    0.8481,    0.8408,    0.8333,    0.8222,    0.8371,    0.8373,    0.8330,    0.8253,    0.8150,    2.2148,    2.1430,    2.0625,    1.9762,    1.8943,    1.7907,    1.6682,    1.5918,    1.4621,    1.3910,    1.2777,    1.2145,    1.7814,    1.6670,    1.5263,    1.4578,    1.3977,    1.2832,    1.2100,    1.1039,    1.0405,    0.9465,    0.8756,    0.7948,    1.9927,    1.4435,    0.9952,    0.7160,    0.5449,    0.4088,    0.2911,    0.2107,    0.1494,    0.1036,    0.0735,    0.0525,    0.0932,    0.0467,    0.0875,    0.1080,    0.1214,    0.1125,    0.1239,    0.1389,    0.1224,    0.1685,    0.1490,    0.1632,    0.1799,    0.1464,    0.2126,    0.2352,    0.1929,    0.2032,    0.2057,    0.2248,    0.2553,    0.1903,    0.3048,    0.3214,    0.3955,    0.4228,    0.4377,    0.4653,    0.4775,    0.4975,    0.4944,    0.5346,    0.5600,    0.5547,    0.6131,    0.6243,    1.0717,    1.1705,    1.2273,    1.2626,    1.2783,    1.3930,    1.3143,    1.3978,    1.3424,    1.4358,    1.3607,    1.4561,    3.1405,    3.0897,    3.1711,    3.2099,    3.2395,    3.1144,    3.2237,    3.3060,    3.3733,    3.1363,    3.0916,    3.2105,    8.1161,    7.6779,    7.5925,    7.3642,    6.8040,    6.3831,    5.6055,    5.1590,    4.9610,    4.3507,    3.3443,    3.1085,    2.3990,    2.1400,    1.6342,    1.5627,    1.0558,    0.7681,    0.6223,    0.2506,    0.2216,    0.1580,    0.0550,    0.0450,    0.0098,    0.0372,    0.0790,    0.1314,    0.1909,    0.2547,    0.3201,    0.3339,    0.3614,    0.8195,    1.6335,    2.7145,    3.0225,    3.6446,    4.4660,    4.9956,    5.1835,    5.2720,    5.3311,    5.3661,    5.3802,    5.3759,    5.3538,    5.3105,    1.8472,    1.8386,    1.8282,    1.8158,    1.8021,    1.7880,    1.7680,    1.7562,    1.7393,    1.7135,    1.7015,    1.6733,    1.2690,    1.2537,    1.2368,    1.2277,    1.2153,    1.1942,    1.1944,    1.1849,    1.1766,    1.1689,    1.1648,    1.1600,    1.2199,    1.2103,    1.1872,    1.1827,    1.1705,    1.1568,    1.1397,    1.1230,    1.1058,    1.0872,    1.0718,    1.0580,    2.8350,    2.7221,    2.6201,    2.5189,    2.4217,    2.3457,    2.2850,    2.1922,    2.1275,    2.0374,    1.9614,    1.8749,    2.8146,    2.6069,    2.4139,    2.2142,    2.0126,    1.8509,    1.6754,    1.5381,    1.3821,    1.2658,    1.1378,    1.0388,    2.5963,    1.9739,    1.5144,    1.1180,    0.7950,    0.5578,    0.4020,    0.2822,    0.1999,    0.1429,    0.0994,    0.0688,    0.0022,    0.0000,    0.0069,    0.0092,    0.0104,    0.0095,    0.0107,    0.0143,    0.0128,    0.0176,    0.0155,    0.0163,    0.0179,    0.0145,    0.0210,    0.0228,    0.0177,    0.0105,    0.0010,    0.0025,    0.0141,    0.0181,    0.0305,    0.0319,    0.0396,    0.0424,    0.0438,    0.0466,    0.0481,    0.0491,    0.0449,    0.0408,    0.0358,    0.0432,    0.0606,    0.0617,    0.1238,    0.1352,    0.1416,    0.1433,    0.1404,    0.1560,    0.1500,    0.1761,    0.1618,    0.1836,    0.1736,    0.1846,    0.4001,    0.3900,    0.4055,    0.4635,    0.4664,    0.4497,    0.4656,    0.4775,    0.4872,    0.4528,    0.4465,    0.4636,    1.1719,    1.2048,    1.1912,    1.1552,    1.0671,    1.0008,    0.8785,    0.8082,    0.7769,    0.6809,    0.5231,    0.4858,    0.3746,    0.5171,    0.3943,    0.3764,    0.2538,    0.1842,    0.1489,    0.0598,    0.0527,    0.0374,    0.0130,    0.0105
 1825,    1.2500,  239.4132,    0.0153,  146.2427,  146.0984,    0.9769,    0.9545,  158.4330,  195.9637,  196.8827,  197.5052,  198.0767,  198.7754,  199.7136,  201.1895,  203.2124,  206.1022,  210.2952,  216.0920,  223.3180,  231.4000,  239.0095,  244.1990,  246.2331,  246.2910,  245.3439,  244.1074,  243.1027,  242.2995,  241.8629,  241.1691,  241.0762,    0.0688,    0.2620,    0.5565,    0.9252,    1.3439,    1.7922,    2.2521,    2.7849,    3.4106,    3.8613,    4.1828,    4.2317,    3.8580,    4.2109,    4.3488,    4.1917,    3.9313,    3.6799,    3.5181,    3.4167,    3.3736,    3.3850,    3.4491,    3.5112,    1.2240,    1.2372,    1.2460,    1.2303,    1.2319,    1.2150,    1.1945,    1.2037,    1.1814,    1.1355,    1.1444,    1.0970,    0.7961,    0.7459,    0.6863,    0.6837,    0.6518,    0.5744,    0.6451,    0.6471,    0.6668,    0.6945,    0.7375,    0.7728,    0.8474,    0.8569,    0.7955,    0.8577,    0.8504,    0.8431,    0.8314,    0.8433,    0.8429,    0.8376,    0.8293,    0.8188,    2.2253,    2.1535,    2.0721,    1.9855,    1.9032,    1.7988,    1.6751,    1.5986,    1.4677,    1.3966,    1.2825,    1.2191,    1.7879,    1.6732,    1.5324,    1.4649,    1.4057,    1.2902,    1.2176,    1.1110,    1.0480,    0.9537,    0.8831,    0.8019,    2.0106,    1.4570,    1.0032,    0.7220,    0.5505,    0.4138,    0.2949,    0.2139,    0.1518,    0.1055,    0.0750,    0.0535,    0.0932,    0.0467,    0.0876,    0.1082,    0.1216,    0.1127,    0.1241,    0.1391,    0.1227,    0.1689,    0.1493,    0.1635,    0.1802,    0.1467,    0.2130,    0.2356,    0.1932,    0.2032,    0.2056,    0.2247,    0.2554,    0.1906,    0.3054,    0.3220,    0.3963,    0.4236,    0.4385,    0.4661,    0.4784,    0.4984,    0.4952,    0.5352,    0.5605,    0.5554,    0.6143,    0.6254,    1.0743,    1.1733,    1.2303,    1.2656,    1.2811,    1.3962,    1.3174,    1.4017,    1.3458,    1.4398,    1.3645,    1.4602,    3.1493,    3.0982,    3.1800,    3.2207,    3.2504,    3.1249,    3.2346,    3.3172,    3.3847,    3.1468,    3.1020,    3.2214,    8.1436,    7.7065,    7.6209,    7.3918,    6.8297,    6.4074,    5.6270,    5.1790,    4.9805,    4.3680,    3.3578,    3.1212,    2.4091,    2.1545,    1.6456,    1.5738,    1.0636,    0.7739,    0.6272,    0.2526,    0.2235,    0.1594,    0.0555,    0.0454,    0.0120,    0.0456,    0.0968,    0.1609,    0.2338,    0.3119,    0.3920,    0.4115,    0.4500,    1.0061,    1.9528,    3.1225,    3.3880,    3.9869,    4.6653,    5.0151,    5.1356,    5.2059,    5.2568,    5.2866,    5.2972,    5.2912,    5.2697,    5.2299,    1.8192,    1.8121,    1.8034,    1.7905,    1.7779,    1.7630,    1.7417,    1.7309,    1.7129,    1.6855,    1.6729,    1.6424,    1.2446,    1.2290,    1.2120,    1.2030,    1.1906,    1.1688,    1.1698,    1.1603,    1.1520,    1.1445,    1.1409,    1.1369,    1.1981,    1.1925,    1.1672,    1.1729,    1.1603,    1.1469,    1.1329,    1.1247,    1.1117,    1.0986,    1.0858,    1.0728,    2.8855,    2.7791,    2.6796,    2.5787,    2.4805,    2.3922,    2.3097,    2.2154,    2.1295,    2.0385,    1.9495,    1.8635,    2.7908,    2.5910,    2.3974,    2.2144,    2.0354,    1.8750,    1.7138,    1.5734,    1.4295,    1.3089,    1.1853,    1.0822,    2.7132,    2.0488,    1.5440,    1.1377,    0.8221,    0.5864,    0.4228,    0.2990,    0.2122,    0.1509,    0.1053,    0.0738,    0.0013,    0.0000,    0.0041,    0.0050,    0.0057,    0.0052,    0.0058,    0.0081,    0.0072,    0.0100,    0.0088,    0.0092,    0.0101,    0.0082,    0.0118,    0.0128,    0.0099,    0.0058,    0.0006,    0.0014,    0.0079,    0.0101,    0.0171,    0.0180,    0.0223,    0.0238,    0.0247,    0.0262,    0.0271,    0.0277,    0.0253,    0.0230,    0.0201,    0.0243,    0.0341,    0.0348,    0.0721,    0.0788,    0.0825,    0.0835,    0.0818,    0.0909,    0.0874,    0.1052,    0.0967,    0.1097,    0.1037,    0.1103,    0.2391,    0.2330,    0.2423,    0.2854,    0.2872,    0.2769,    0.2867,    0.2940,    0.3000,    0.2788,    0.2749,    0.2855,    0.7215,    0.7572,    0.7486,    0.7260,    0.6706,    0.6290,    0.5522,    0.5080,    0.4883,    0.4280,    0.3288,    0.3054,    0.2355,    0.3607,    0.2751,    0.2626,    0.1771,    0.1286,    0.1039,    0.0417,    0.0368,    0.0261,    0.0091,    0.0074
 1848,    1.5000,  237.5101,    0.0138,  146.4896,  146.3200,    0.9849,    0.8963,  158.4330,  197.0048,  197.7900,  198.2863,  198.8057,  199.5008,  200.6029,  202.2027,  204.4757,  207.7314,  212.3841,  218.5937,  226.1893,  234.2094,  241.3153,  245.6149,  246.7101,  245.9021,  244.3239,  242.6427,  241.3982,  240.5202,  239.9790,  239.3213,  239.2304,    0.0674,    0.2565,    0.5445,    0.9046,    1.3133,    1.7503,    2.1980,    2.7289,    3.3722,    3.8266,    4.1517,    4.2049,    3.8489,    4.2132,    4.3546,    4.1965,    3.9379,    3.6891,    3.5293,    3.4292,    3.3866,    3.3978,    3.4609,    3.5216,    1.2276,    1.2405,    1.2492,    1.2338,    1.2357,    1.2194,    1.2013,    1.2103,    1.1888,    1.1467,    1.1553,    1.1140,    0.8124,    0.7640,    0.7062,    0.7048,    0.6719,    0.5915,    0.6663,    0.6682,    0.6884,    0.7147,    0.7552,    0.7875,    0.8586,    0.8656,    0.8078,    0.8642,    0.8569,    0.8497,    0.8377,    0.8472,    0.8464,    0.8403,    0.8316,    0.8210,    2.2310,    2.1591,    2.0770,    1.9903,    1.9077,    1.8030,    1.6788,    1.6021,    1.4708,    1.3997,    1.2854,    1.2219,    1.7921,    1.6769,    1.5361,    1.4688,    1.4098,    1.2936,    1.2211,    1.1143,    1.0516,    0.9570,    0.8868,    0.8053,    2.0191,    1.4634,    1.0067,    0.7246,    0.5530,    0.4160,    0.2965,    0.2154,    0.1530,    0.1065,    0.0758,    0.0540,    0.0931,    0.0466,    0.0876,    0.1082,    0.1217,    0.1127,    0.1241,    0.1392,    0.1228,    0.1690,    0.1494,    0.1636,    0.1803,    0.1468,    0.2131,    0.2357,    0.1933,    0.2032,    0.2055,    0.2246,    0.2555,    0.1907,    0.3056,    0.3222,    0.3965,    0.4239,    0.4388,    0.4664,    0.4787,    0.4987,    0.4955,    0.5354,    0.5606,    0.5556,    0.6147,    0.6258,    1.0752,    1.1743,    1.2313,    1.2667,    1.2821,    1.3974,    1.3185,    1.4031,    1.3471,    1.4413,    1.3660,    1.4617,    3.1526,    3.1015,    3.1834,    3.2250,    3.2548,    3.1291,    3.2390,    3.3217,    3.3893,    3.1511,    3.1063,    3.2258,    8.1548,    7.7185,    7.6329,    7.4036,    6.8407,    6.4178,    5.6362,    5.1876,    4.9890,    4.3756,    3.3638,    3.1270,    2.4137,    2.1622,    1.6517,    1.5799,    1.0678,    0.7772,    0.6300,    0.2538,    0.2247,    0.1603,    0.0559,    0.0457,    0.0140,    0.0534,    0.1135,    0.1886,    0.2740,    0.3654,    0.4592,    0.4847,    0.5349,    1.1786,    2.2281,    3.4354,    3.6392,    4.1898,    4.7268,    4.9551,    5.0404,    5.0986,    5.1420,    5.1659,    5.1718,    5.1619,    5.1380,    5.0975,    1.7725,    1.7658,    1.7578,    1.7446,    1.7326,    1.7174,    1.6961,    1.6856,    1.6673,    1.6396,    1.6266,    1.5953,    1.2080,    1.1923,    1.1752,    1.1663,    1.1539,    1.1322,    1.1332,    1.1237,    1.1156,    1.1082,    1.1049,    1.1016,    1.1622,    1.1586,    1.1325,    1.1430,    1.1303,    1.1174,    1.1049,    1.1008,    1.0902,    1.0798,    1.0684,    1.0559,    2.8452,    2.7446,    2.6474,    2.5483,    2.4509,    2.3558,    2.2606,    2.1671,    2.0701,    1.9804,    1.8861,    1.8019,    2.6933,    2.5017,    2.3123,    2.1432,    1.9823,    1.8263,    1.6791,    1.5406,    1.4099,    1.2899,    1.1743,    1.0715,    2.6891,    2.0163,    1.4963,    1.0989,    0.8020,    0.5784,    0.4164,    0.2962,    0.2102,    0.1487,    0.1041,    0.0733,    0.0008,    0.0000,    0.0024,    0.0027,    0.0031,    0.0028,    0.0032,    0.0046,    0.0041,    0.0057,    0.0050,    0.0052,    0.0057,    0.0046,    0.0066,    0.0072,    0.0055,    0.0033,    0.0003,    0.0008,    0.0044,    0.0056,    0.0096,    0.0101,    0.0125,    0.0134,    0.0139,    0.0148,    0.0153,    0.0156,    0.0143,    0.0130,    0.0114,    0.0137,    0.0193,    0.0196,    0.0421,    0.0459,    0.0481,    0.0487,    0.0477,    0.0530,    0.0510,    0.0629,    0.0578,    0.0656,    0.0620,    0.0660,    0.1430,    0.1393,    0.1449,    0.1759,    0.1770,    0.1707,    0.1767,    0.1812,    0.1849,    0.1718,    0.1694,    0.1759,    0.4448,    0.4767,    0.4713,    0.4571,    0.4222,    0.3960,    0.3477,    0.3199,    0.3075,    0.2695,    0.2071,    0.1924,    0.1483,    0.2522,    0.1924,    0.1837,    0.1239,    0.0900,    0.0727,    0.0292,    0.0258,    0.0183,    0.0063,    0.0052
 1806,    1.7500,  235.4086,    0.0131,  146.6172,  146.4181,    0.9816,    0.8951,  158.4330,  197.9048,  198.5036,  198.8577,  199.4169,  200.1089,  201.2950,  203.0211,  205.5957,  209.1792,  214.2630,  220.9034,  228.6026,  236.4848,  243.1018,  246.5042,  246.7113,  245.0958,  242.9437,  240.8967,  239.3929,  238.4515,  237.9010,  237.3865,  237.3954,    0.0660,    0.2511,    0.5327,    0.8845,    1.2832,    1.7090,    2.1447,    2.6724,    3.3309,    3.7901,    4.1224,    4.1855,    3.8438,    4.2156,    4.3589,    4.2004,    3.9435,    3.6967,    3.5384,    3.4393,    3.3972,    3.4082,    3.4705,    3.5303,    1.2305,    1.2433,    1.2518,    1.2367,    1.2389,    1.2229,    1.2066,    1.2154,    1.1945,    1.1555,    1.1636,    1.1270,    0.8251,    0.7784,    0.7225,    0.7221,    0.6885,    0.6058,    0.6838,    0.6856,    0.7061,    0.7310,    0.7690,    0.7988,    0.8671,    0.8722,    0.8174,    0.8691,    0.8618,    0.8547,    0.8425,    0.8501,    0.8490,    0.8423,    0.8333,    0.8226,    2.2352,    2.1632,    2.0806,    1.9937,    1.9109,    1.8061,    1.6815,    1.6048,    1.4734,    1.4022,    1.2878,    1.2242,    1.7955,    1.6800,    1.5391,    1.4718,    1.4128,    1.2961,    1.2237,    1.1167,    1.0540,    0.9594,    0.8894,    0.8078,    2.0251,    1.4678,    1.0092,    0.7264,    0.5547,    0.4175,    0.2977,    0.2165,    0.1538,    0.1072,    0.0764,    0.0543,    0.0931,    0.0466,    0.0876,    0.1082,    0.1217,    0.1128,    0.1241,    0.1393,    0.1228,    0.1690,    0.1495,    0.1636,    0.1804,    0.1468,    0.2131,    0.2358,    0.1933,    0.2031,    0.2054,    0.2245,    0.2554,    0.1908,    0.3057,    0.3223,    0.3966,    0.4240,    0.4389,    0.4666,    0.4788,    0.4988,    0.4956,    0.5354,    0.5606,    0.5556,    0.6148,    0.6260,    1.0756,    1.1747,    1.2317,    1.2670,    1.2825,    1.3978,    1.3189,    1.4037,    1.3475,    1.4419,    1.3666,    1.4623,    3.1539,    3.1027,    3.1848,    3.2268,    3.2566,    3.1308,    3.2408,    3.3235,    3.3911,    3.1529,    3.1080,    3.2276,    8.1594,    7.7236,    7.6380,    7.4086,    6.8454,    6.4223,    5.6403,    5.1915,    4.9929,    4.3791,    3.3666,    3.1297,    2.4160,    2.1664,    1.6551,    1.5833,    1.0703,    0.7791,    0.6316,    0.2545,    0.2253,    0.1608,    0.0561,    0.0459,    0.0160,    0.0608,    0.1292,    0.2147,    0.3117,    0.4156,    0.5220,    0.5539,    0.6160,    1.3377,    2.4643,    3.6717,    3.8049,    4.2973,    4.7125,    4.8631,    4.9284,    4.9772,    5.0132,    5.0309,    5.0315,    5.0173,    4.9903,    4.9477,    1.7195,    1.7129,    1.7050,    1.6917,    1.6800,    1.6646,    1.6435,    1.6331,    1.6146,    1.5866,    1.5738,    1.5417,    1.1663,    1.1502,    1.1329,    1.1238,    1.1114,    1.0903,    1.0908,    1.0815,    1.0736,    1.0666,    1.0640,    1.0616,    1.1212,    1.1186,    1.0918,    1.1048,    1.0922,    1.0798,    1.0680,    1.0658,    1.0565,    1.0474,    1.0366,    1.0244,    2.7626,    2.6664,    2.5714,    2.4745,    2.3786,    2.2807,    2.1793,    2.0877,    1.9862,    1.8987,    1.8033,    1.7215,    2.5689,    2.3850,    2.2017,    2.0434,    1.8961,    1.7456,    1.6100,    1.4757,    1.3565,    1.2398,    1.1326,    1.0325,    2.5903,    1.9293,    1.4137,    1.0342,    0.7588,    0.5511,    0.3957,    0.2825,    0.2003,    0.1411,    0.0989,    0.0699,    0.0005,    0.0000,    0.0014,    0.0015,    0.0017,    0.0015,    0.0017,    0.0026,    0.0023,    0.0032,    0.0029,    0.0029,    0.0032,    0.0026,    0.0037,    0.0041,    0.0031,    0.0018,    0.0002,    0.0004,    0.0025,    0.0032,    0.0054,    0.0057,    0.0071,    0.0076,    0.0078,    0.0083,    0.0086,    0.0088,    0.0081,    0.0073,    0.0064,    0.0078,    0.0109,    0.0111,    0.0245,    0.0268,    0.0281,    0.0284,    0.0278,    0.0309,    0.0298,    0.0377,    0.0346,    0.0393,    0.0371,    0.0395,    0.0856,    0.0834,    0.0867,    0.1085,    0.1092,    0.1053,    0.1090,    0.1118,    0.1141,    0.1060,    0.1046,    0.1086,    0.2744,    0.3006,    0.2973,    0.2883,    0.2663,    0.2498,    0.2193,    0.2018,    0.1940,    0.1700,    0.1306,    0.1214,    0.0936,    0.1768,    0.1349,    0.1288,    0.0869,    0.0631,    0.0510,    0.0205,    0.0181,    0.0128,    0.0045,    0.0036
 1655,    2.0000,  233.2139,    0.0128,  146.6959,  146.4634,    0.9889,    0.9246,  158.4330,  199.0351,  198.9951,  199.4425,  199.9163,  200.6768,  201.8612,  203.8056,  206.5974,  210.5235,  215.9989,  222.9208,  230.7075,  238.3867,  244.3976,  247.0021,  246.3134,  244.0092,  241.3460,  238.9709,  237.3060,  236.1988,  235.6946,  235.0934,  235.0768,    0.0647,    0.2459,    0.5214,    0.8651,    1.2543,    1.6693,    2.0933,    2.6170,    3.2889,    3.7542,    4.0966,    4.1726,    3.8423,    4.2190,    4.3631,    4.2039,    3.9477,    3.7022,    3.5449,    3.4465,    3.4047,    3.4156,    3.4774,    3.5366,    1.2326,    1.2453,    1.2539,    1.2390,    1.2413,    1.2256,    1.2107,    1.2194,    1.1990,    1.1625,    1.1700,    1.1373,    0.8353,    0.7901,    0.7362,    0.7365,    0.7026,    0.6190,    0.6987,    0.7003,    0.7208,    0.7444,    0.7801,    0.8078,    0.8740,    0.8776,    0.8254,    0.8732,    0.8658,    0.8588,    0.8465,    0.8527,    0.8513,    0.8442,    0.8349,    0.8242,    2.2393,    2.1672,    2.0842,    1.9972,    1.9143,    1.8092,    1.6843,    1.6076,    1.4759,    1.4047,    1.2901,    1.2263,    1.7988,    1.6830,    1.5420,    1.4748,    1.4159,    1.2987,    1.2264,    1.1192,    1.0567,    0.9619,    0.8922,    0.8103,    2.0315,    1.4726,    1.0120,    0.7285,    0.5566,    0.4192,    0.2989,    0.2176,    0.1547,    0.1079,    0.0769,    0.0547,    0.0930,    0.0465,    0.0876,    0.1083,    0.1217,    0.1128,    0.1242,    0.1393,    0.1228,    0.1691,    0.1495,    0.1636,    0.1804,    0.1469,    0.2132,    0.2358,    0.1933,    0.2030,    0.2053,    0.2243,    0.2554,    0.1908,    0.3057,    0.3223,    0.3967,    0.4240,    0.4389,    0.4666,    0.4788,    0.4989,    0.4956,    0.5354,    0.5605,    0.5556,    0.6148,    0.6260,    1.0757,    1.1749,    1.2319,    1.2672,    1.2826,    1.3979,    1.3191,    1.4039,    1.3477,    1.4422,    1.3668,    1.4625,    3.1544,    3.1032,    3.1853,    3.2275,    3.2573,    3.1315,    3.2415,    3.3243,    3.3919,    3.1536,    3.1087,    3.2283,    8.1613,    7.7258,    7.6403,    7.4108,    6.8476,    6.4244,    5.6422,    5.1933,    4.9947,    4.3808,    3.3680,    3.1311,    2.4171,    2.1688,    1.6570,    1.5853,    1.0718,    0.7802,    0.6327,    0.2550,    0.2258,    0.1611,    0.0562,    0.0460,    0.0178,    0.0678,    0.1439,    0.2391,    0.3471,    0.4625,    0.5807,    0.6191,    0.6935,    1.4839,    2.6653,    3.8450,    3.9053,    4.3374,    4.6533,    4.7540,    4.8066,    4.8486,    4.8790,    4.8915,    4.8870,    4.8678,    4.8361,    4.7896,    1.6633,    1.6564,    1.6484,    1.6350,    1.6235,    1.6081,    1.5879,    1.5774,    1.5591,    1.5321,    1.5191,    1.4881,    1.1254,    1.1095,    1.0925,    1.0835,    1.0712,    1.0501,    1.0508,    1.0415,    1.0336,    1.0266,    1.0238,    1.0213,    1.0786,    1.0759,    1.0499,    1.0626,    1.0501,    1.0382,    1.0268,    1.0249,    1.0163,    1.0076,    0.9970,    0.9851,    2.6570,    2.5644,    2.4714,    2.3769,    2.2831,    2.1847,    2.0812,    1.9921,    1.8899,    1.8051,    1.7109,    1.6319,    2.4315,    2.2550,    2.0788,    1.9295,    1.7929,    1.6485,    1.5228,    1.3939,    1.2846,    1.1726,    1.0735,    0.9774,    2.4490,    1.8123,    1.3137,    0.9568,    0.7036,    0.5130,    0.3671,    0.2626,    0.1859,    0.1303,    0.0915,    0.0647,    0.0003,    0.0000,    0.0008,    0.0008,    0.0009,    0.0008,    0.0009,    0.0015,    0.0013,    0.0018,    0.0016,    0.0016,    0.0018,    0.0015,    0.0021,    0.0023,    0.0017,    0.0010,    0.0001,    0.0002,    0.0014,    0.0018,    0.0031,    0.0032,    0.0040,    0.0043,    0.0044,    0.0047,    0.0049,    0.0050,    0.0046,    0.0041,    0.0036,    0.0044,    0.0061,    0.0063,    0.0143,    0.0157,    0.0164,    0.0166,    0.0163,    0.0181,    0.0174,    0.0226,    0.0207,    0.0235,    0.0222,    0.0237,    0.0513,    0.0500,    0.0520,    0.0671,    0.0675,    0.0651,    0.0674,    0.0691,    0.0705,    0.0655,    0.0646,    0.0671,    0.1696,    0.1900,    0.1878,    0.1822,    0.1683,    0.1578,    0.1386,    0.1275,    0.1226,    0.1075,    0.0826,    0.0767,    0.0592,    0.1242,    0.0948,    0.0905,    0.0611,    0.0444,    0.0359,    0.0144,    0.0127,    0.0090,    0.0031,    0.0026
