Particle       ,data/QEXT_96IR_84_VIS_coreshell_9p1um9um
Ncase          ,  14
dt (sols)      ,  0.020833
Qext 0.67um    ,  9.133000
Alb sfc        ,  0.220000
Conrath nu     ,  0.002000
Sun Flux (W/m2),148.389262
BWN IR (cm-1)  ,     10.0000,     34.1670,     58.3330,     82.5000,    106.6670,    130.8330,    155.0000,    179.1670,    203.3330,    227.5000,    251.6670,    275.8330,    300.0000,    320.7880,    341.5750,    362.3630,    383.1500,    403.9380,    424.7250,    445.5130,    466.3010,    487.0880,    507.8760,    528.6630,    549.4510,    556.7420,    564.0330,    571.3240,    578.6150,    585.9060,    593.1970,    600.4880,    607.7790,    615.0700,    622.3610,    629.6520,    636.9430,    642.5500,    648.1570,    653.7640,    659.3700,    664.9770,    670.5840,    676.1910,    681.7980,    687.4050,    693.0110,    698.6180,    704.2250,    710.1390,    716.0530,    721.9670,    727.8810,    733.7950,    739.7090,    745.6240,    751.5380,    757.4520,    763.3660,    769.2800,    775.1940,    791.5010,    807.8070,    824.1140,    840.4210,    856.7270,    873.0340,    889.3410,    905.6470,    921.9540,    938.2610,    954.5670,    970.8740,    996.8050,   1022.7370,   1048.6680,   1074.6000,   1100.5310,   1126.4630,   1152.3940,   1178.3250,   1204.2570,   1230.1880,   1256.1200,   1282.0510,   1360.3990,   1438.7460,   1517.0940,   1595.4410,   1673.7890,   1752.1370,   1830.4840,   1908.8320,   1987.1790,   2065.5270,   2143.8740,   2222.2220
BWN VIS (cm-1) ,   2222.2200,   2294.3160,   2366.4120,   2438.5080,   2510.6030,   2582.6990,   2654.7950,   2726.8910,   2798.9870,   2871.0820,   2943.1780,   3015.2740,   3087.3700,   3165.9750,   3244.5800,   3323.1850,   3401.7900,   3480.3950,   3559.0000,   3637.6050,   3716.2100,   3794.8150,   3873.4200,   3952.0250,   4030.6300,   4142.2920,   4253.9530,   4365.6150,   4477.2770,   4588.9380,   4700.6000,   4812.2620,   4923.9230,   5035.5850,   5147.2470,   5258.9080,   5370.5700,   5560.6150,   5750.6600,   5940.7050,   6130.7500,   6320.7950,   6510.8400,   6700.8850,   6890.9300,   7080.9750,   7271.0200,   7461.0650,   7651.1100,   8055.1840,   8459.2580,   8863.3330,   9267.4070,   9671.4810,  10075.5550,  10479.6290,  10883.7030,  11287.7780,  11691.8520,  12095.9260,  12500.0000,  13541.6670,  14583.3330,  15625.0000,  16666.6670,  17708.3330,  18750.0000,  19791.6670,  20833.3330,  21875.0000,  22916.6670,  23958.3330,  25000.0000,  26388.8890,  27777.7780,  29166.6670,  30555.5570,  31944.4460,  33333.3350,  34722.2240,  36111.1130,  37500.0030,  38888.8920,  40277.7810,  41666.6700
================
wavelenght [um],    0.244068,    0.252632,    0.261818,    0.271698,    0.282353,    0.293878,    0.306383,    0.320000,    0.334884,    0.351220,    0.369231,    0.389189,    0.408511,    0.426667,    0.446512,    0.468293,    0.492308,    0.518919,    0.548571,    0.581818,    0.619355,    0.662069,    0.711111,    0.768000,    0.813143,    0.840768,    0.870336,    0.902060,    0.936184,    0.972991,    1.012810,    1.056028,    1.103099,    1.154562,    1.211061,    1.273375,    1.323436,    1.357581,    1.393534,    1.431444,    1.471474,    1.513807,    1.558648,    1.606226,    1.656801,    1.710664,    1.768147,    1.829628,    1.881560,    1.921939,    1.964090,    2.008131,    2.054193,    2.102417,    2.152960,    2.205992,    2.261704,    2.320302,    2.382017,    2.447105,    2.505432,    2.555765,    2.608162,    2.662752,    2.719677,    2.779088,    2.841153,    2.906054,    2.973989,    3.045176,    3.119855,    3.198288,    3.277268,    3.356577,    3.439819,    3.527294,    3.619334,    3.716307,    3.818620,    3.926726,    4.041130,    4.162400,    4.291175,    4.428172,    4.580751,    4.751270,    4.934974,    5.133456,    5.348572,    5.582505,    5.837838,    6.117648,    6.425631,    6.766266,    7.145039,    7.568734,    7.879690,    8.044056,    8.215425,    8.394255,    8.581043,    8.776330,    8.980716,    9.194848,    9.419442,    9.655282,    9.903235,   10.164260,   10.387231,   10.566200,   10.751445,   10.943308,   11.142136,   11.348323,   11.562291,   11.784476,   12.015368,   12.255495,   12.505409,   12.765727,   12.949392,   13.049328,   13.150818,   13.253898,   13.358608,   13.464994,   13.573088,   13.682923,   13.794549,   13.908012,   14.023357,   14.140631,   14.256763,   14.371646,   14.488386,   14.607038,   14.727660,   14.850291,   14.974981,   15.101782,   15.230738,   15.361915,   15.495384,   15.631191,   15.790367,   15.974275,   16.162517,   16.355249,   16.552633,   16.754839,   16.962047,   17.174443,   17.392227,   17.615605,   17.844795,   18.080028,   18.550914,   19.294981,   20.101230,   20.977796,   21.934298,   22.982219,   24.135264,   25.410119,   26.827165,   28.411593,   30.194923,   32.217118,   34.732292,   37.914692,   41.739101,   46.421699,   52.287582,   59.850314,   69.970927,   84.210526,  105.726686,  142.012170,  216.216216,  452.826771
Qext           ,      8.0720,      8.0720,      8.0720,      8.0720,      8.0720,      8.0720,      8.0720,      8.0720,      8.0720,      8.0720,      8.0720,      9.1330,      9.1330,      9.1330,      9.1330,      9.1330,      9.1330,      9.1330,      9.1330,      9.1330,      9.1330,      9.1330,      9.1330,      9.8430,      9.8430,      9.8430,      9.8430,      9.8430,      9.8430,      9.8430,      9.8430,      9.8430,      9.8430,     10.5260,     10.5260,     10.5260,     10.5260,     10.5260,     10.5260,     10.5260,     10.5260,     11.4120,     11.4120,     11.4120,     11.4120,     11.4120,     11.4120,     11.4120,     12.2840,     12.2840,     12.2840,     12.2840,     12.2840,     12.2840,     12.2840,     12.2840,     12.2850,     12.2850,     12.2850,     12.2850,     12.2850,     12.2850,     14.5520,     14.5520,     14.5520,     14.5520,     14.5520,     14.5520,     13.1120,     13.1120,     13.1120,     13.1120,     13.1120,     14.9630,     14.9630,     14.9630,     14.9630,     18.3520,     18.3520,     18.3520,     14.4530,     14.4530,     14.4530,     14.6490,     14.6490,     14.6490,     15.8600,     17.6780,     17.6780,     20.1190,     20.1190,     24.2090,     30.2090,     29.0250,     20.6370,     17.7180,     16.7090,     16.7090,     17.2050,     17.2050,     17.5930,     17.5930,     18.5120,     19.1700,     19.1700,     20.2600,     21.0550,     21.0550,     22.2500,     22.2500,     23.5330,     23.5330,     24.4180,     25.8230,     25.8230,     27.8120,     27.8120,     29.3830,     30.5390,     30.5390,     32.3470,     32.3470,     32.3470,     35.2330,     35.2330,     35.2330,     38.4230,     38.4230,     38.4230,     41.0410,     41.0410,     41.0410,     41.0410,     43.1950,     43.1950,     43.1950,     45.8680,     45.8680,     45.8680,     49.9860,     49.9860,     55.6740,     55.6740,     55.6740,     62.2660,     62.2660,     68.9080,     68.9080,     75.2180,     75.2180,     81.6030,     81.6030,     89.0970,     98.9010,     98.9010,    111.8600,    137.5220,    176.7190,    210.0740,    225.1180,    209.0470,    168.6440,    105.5110,     58.1630,     34.2750,     23.3470,     18.3790,     11.7730,      3.9480,      0.9680,      3.2140,      3.9690,      0.8350,     -0.8370,     -0.8370,     -0.8370,     -0.8370,     -0.8370,     -0.8370,     -0.8370
Qscat          ,      6.0050,      6.0050,      6.0050,      6.0050,      6.0050,      6.0050,      6.0050,      6.0050,      6.0050,      6.0050,      6.0050,      8.4490,      8.4490,      8.4490,      8.4490,      8.4490,      8.4490,      8.4490,      8.4490,      8.4490,      8.4490,      8.4490,      8.4490,      9.4570,      9.4570,      9.4570,      9.4570,      9.4570,      9.4570,      9.4570,      9.4570,      9.4570,      9.4570,     10.2300,     10.2300,     10.2300,     10.2300,     10.2300,     10.2300,     10.2300,     10.2300,     11.1730,     11.1730,     11.1730,     11.1730,     11.1730,     11.1730,     11.1730,     12.0010,     12.0010,     12.0010,     12.0010,     12.0010,     12.0010,     12.0010,     12.0010,     12.0730,     12.0730,     12.0730,     12.0730,     12.0730,     12.0730,     14.1960,     14.1960,     14.1960,     14.1960,     14.1960,     14.1960,     12.8560,     12.8560,     12.8560,     12.8560,     12.8560,     14.6480,     14.6480,     14.6480,     14.6480,     17.8420,     17.8420,     17.8420,     14.1000,     14.1000,     14.1000,     14.2900,     14.2900,     14.2900,     15.5840,     17.1910,     17.1910,     19.5070,     19.5070,     23.4150,     29.0450,     27.5090,     19.8500,     16.9320,     16.0960,     16.0960,     16.7080,     16.7080,     16.9830,     16.9830,     17.8930,     18.7790,     18.7790,     19.2570,     20.6540,     20.6540,     21.6850,     21.6850,     22.2390,     22.2390,     23.6580,     25.5210,     25.5210,     26.6840,     26.6840,     27.5360,     29.2370,     29.2370,     31.8990,     31.8990,     31.8990,     34.5540,     34.5540,     34.5540,     36.4950,     36.4950,     36.4950,     38.0980,     38.0980,     38.0980,     38.0980,     40.3960,     40.3960,     40.3960,     44.1150,     44.1150,     44.1150,     49.1250,     49.1250,     54.6380,     54.6380,     54.6380,     59.8470,     59.8470,     64.5130,     64.5130,     69.1530,     69.1530,     74.8310,     74.8310,     82.7070,     93.5850,     93.5850,    107.6230,    133.3100,    168.6590,    195.1890,    203.7730,    187.4780,    153.1460,    100.2330,     58.1572,     33.6170,     19.1730,     13.2210,      9.6220,      3.9476,      0.9679,      1.4510,      1.3820,      0.8349,      0.5500,      0.5500,      0.5500,      0.5500,      0.5500,      0.5500,      0.5500
G factor       ,    0.4250,    0.4250,    0.4250,    0.4250,    0.4250,    0.4250,    0.4250,    0.4250,    0.4250,    0.4250,    0.4250,    0.2470,    0.2470,    0.2470,    0.2470,    0.2470,    0.2470,    0.2470,    0.2470,    0.2470,    0.2470,    0.2470,    0.2470,    0.2490,    0.2490,    0.2490,    0.2490,    0.2490,    0.2490,    0.2490,    0.2490,    0.2490,    0.2490,    0.2210,    0.2210,    0.2210,    0.2210,    0.2210,    0.2210,    0.2210,    0.2210,    0.1950,    0.1950,    0.1950,    0.1950,    0.1950,    0.1950,    0.1950,    0.1740,    0.1740,    0.1740,    0.1740,    0.1740,    0.1740,    0.1740,    0.1740,    0.1660,    0.1660,    0.1660,    0.1660,    0.1660,    0.1660,    0.1190,    0.1190,    0.1190,    0.1190,    0.1190,    0.1190,    0.1250,    0.1250,    0.1250,    0.1250,    0.1250,    0.1010,    0.1010,    0.1010,    0.1010,    0.0690,    0.0690,    0.0690,    0.0780,    0.0780,    0.0780,    0.0760,    0.0760,    0.0760,    0.0660,    0.0560,    0.0560,    0.0470,    0.0470,    0.0360,    0.0240,    0.0190,    0.0240,    0.0300,    0.0320,    0.0320,    0.0310,    0.0310,    0.0290,    0.0290,    0.0270,    0.0250,    0.0250,    0.0240,    0.0220,    0.0220,    0.0200,    0.0200,    0.0190,    0.0190,    0.0170,    0.0160,    0.0160,    0.0140,    0.0140,    0.0130,    0.0120,    0.0120,    0.0110,    0.0110,    0.0110,    0.0100,    0.0100,    0.0100,    0.0090,    0.0090,    0.0090,    0.0090,    0.0090,    0.0090,    0.0090,    0.0080,    0.0080,    0.0080,    0.0070,    0.0070,    0.0070,    0.0070,    0.0070,    0.0060,    0.0060,    0.0060,    0.0050,    0.0050,    0.0050,    0.0050,    0.0040,    0.0040,    0.0040,    0.0040,    0.0040,    0.0030,    0.0030,    0.0030,    0.0020,    0.0010,    0.0010,    0.0000,   -0.0010,   -0.0010,   -0.0020,   -0.0020,   -0.0030,   -0.0040,   -0.0040,   -0.0040,   -0.0050,   -0.0060,   -0.0060,   -0.0060,   -0.0060,   -0.0060,   -0.0060,   -0.0060,   -0.0060,   -0.0060,   -0.0060,   -0.0060
================
P [mbar]       ,    0.1004,    0.1015,    0.1034,    0.1069,    0.1130,    0.1239,    0.1432,    0.1740,    0.2226,    0.3028,    0.4349,    0.6529,    1.0121,    1.6044,    2.4646,    3.4606,    4.3994,    5.2226,    5.8426,    6.2132,    6.3980,    6.4686,    6.5039,    6.5168
Temp initial[K],  163.5827,  163.6723,  163.8293,  164.1029,  164.5732,  165.3648,  166.6602,  168.4872,  170.9519,  174.2721,  178.5564,  183.8814,  190.3071,  197.9049,  205.8548,  212.8059,  218.1105,  222.1140,  224.8330,  226.3589,  227.0949,  227.3721,  227.5098,  227.5598
================
it   ,   tau    ,  Tsfc    ,   alb    ,   OLR    ,    ASR   ,  NET top ,  NET bot , T lev  01, T lev  02, T lev  03, T lev  04, T lev  05, T lev  06, T lev  07, T lev  08, T lev  09, T lev  10, T lev  11, T lev  12, T lev  13, T lev  14, T lev  15, T lev  16, T lev  17, T lev  18, T lev  19, T lev  20, T lev  21, T lev  22, T lev  23, T lev  24, T lev  25,  OLR IR01,  OLR IR02,  OLR IR03,  OLR IR04,  OLR IR05,  OLR IR06,  OLR IR07,  OLR IR08,  OLR IR09,  OLR IR10,  OLR IR11,  OLR IR12,  OLR IR13,  OLR IR14,  OLR IR15,  OLR IR16,  OLR IR17,  OLR IR18,  OLR IR19,  OLR IR20,  OLR IR21,  OLR IR22,  OLR IR23,  OLR IR24,  OLR IR25,  OLR IR26,  OLR IR27,  OLR IR28,  OLR IR29,  OLR IR30,  OLR IR31,  OLR IR32,  OLR IR33,  OLR IR34,  OLR IR35,  OLR IR36,  OLR IR37,  OLR IR38,  OLR IR39,  OLR IR40,  OLR IR41,  OLR IR42,  OLR IR43,  OLR IR44,  OLR IR45,  OLR IR46,  OLR IR47,  OLR IR48,  OLR IR49,  OLR IR50,  OLR IR51,  OLR IR52,  OLR IR53,  OLR IR54,  OLR IR55,  OLR IR56,  OLR IR57,  OLR IR58,  OLR IR59,  OLR IR60,  OLR IR61,  OLR IR62,  OLR IR63,  OLR IR64,  OLR IR65,  OLR IR66,  OLR IR67,  OLR IR68,  OLR IR69,  OLR IR70,  OLR IR71,  OLR IR72,  OLR IR73,  OLR IR74,  OLR IR75,  OLR IR76,  OLR IR77,  OLR IR78,  OLR IR79,  OLR IR80,  OLR IR81,  OLR IR82,  OLR IR83,  OLR IR84,  OLR IR85,  OLR IR86,  OLR IR87,  OLR IR88,  OLR IR89,  OLR IR90,  OLR IR91,  OLR IR92,  OLR IR93,  OLR IR94,  OLR IR95,  OLR IR96, ASR VIS01, ASR VIS02, ASR VIS03, ASR VIS04, ASR VIS05, ASR VIS06, ASR VIS07, ASR VIS08, ASR VIS09, ASR VIS10, ASR VIS11, ASR VIS12, ASR VIS13, ASR VIS14, ASR VIS15, ASR VIS16, ASR VIS17, ASR VIS18, ASR VIS19, ASR VIS20, ASR VIS21, ASR VIS22, ASR VIS23, ASR VIS24, ASR VIS25, ASR VIS26, ASR VIS27, ASR VIS28, ASR VIS29, ASR VIS30, ASR VIS31, ASR VIS32, ASR VIS33, ASR VIS34, ASR VIS35, ASR VIS36, ASR VIS37, ASR VIS38, ASR VIS39, ASR VIS40, ASR VIS41, ASR VIS42, ASR VIS43, ASR VIS44, ASR VIS45, ASR VIS46, ASR VIS47, ASR VIS48, ASR VIS49, ASR VIS50, ASR VIS51, ASR VIS52, ASR VIS53, ASR VIS54, ASR VIS55, ASR VIS56, ASR VIS57, ASR VIS58, ASR VIS59, ASR VIS60, ASR VIS61, ASR VIS62, ASR VIS63, ASR VIS64, ASR VIS65, ASR VIS66, ASR VIS67, ASR VIS68, ASR VIS69, ASR VIS70, ASR VIS71, ASR VIS72, ASR VIS73, ASR VIS74, ASR VIS75, ASR VIS76, ASR VIS77, ASR VIS78, ASR VIS79, ASR VIS80, ASR VIS81, ASR VIS82, ASR VIS83, ASR VIS84, SFC DIR01, SFC DIR02, SFC DIR03, SFC DIR04, SFC DIR05, SFC DIR06, SFC DIR07, SFC DIR08, SFC DIR09, SFC DIR10, SFC DIR11, SFC DIR12, SFC DIR13, SFC DIR14, SFC DIR15, SFC DIR16, SFC DIR17, SFC DIR18, SFC DIR19, SFC DIR20, SFC DIR21, SFC DIR22, SFC DIR23, SFC DIR24, SFC DIR25, SFC DIR26, SFC DIR27, SFC DIR28, SFC DIR29, SFC DIR30, SFC DIR31, SFC DIR32, SFC DIR33, SFC DIR34, SFC DIR35, SFC DIR36, SFC DIR37, SFC DIR38, SFC DIR39, SFC DIR40, SFC DIR41, SFC DIR42, SFC DIR43, SFC DIR44, SFC DIR45, SFC DIR46, SFC DIR47, SFC DIR48, SFC DIR49, SFC DIR50, SFC DIR51, SFC DIR52, SFC DIR53, SFC DIR54, SFC DIR55, SFC DIR56, SFC DIR57, SFC DIR58, SFC DIR59, SFC DIR60, SFC DIR61, SFC DIR62, SFC DIR63, SFC DIR64, SFC DIR65, SFC DIR66, SFC DIR67, SFC DIR68, SFC DIR69, SFC DIR70, SFC DIR71, SFC DIR72, SFC DIR73, SFC DIR74, SFC DIR75, SFC DIR76, SFC DIR77, SFC DIR78, SFC DIR79, SFC DIR80, SFC DIR81, SFC DIR82, SFC DIR83, SFC DIR84, SFC DIR85, SFC DIR86, SFC DIR87, SFC DIR88, SFC DIR89, SFC DIR90, SFC DIR91, SFC DIR92, SFC DIR93, SFC DIR94, SFC DIR95, SFC DIR96,SFC DVIS01,SFC DVIS02,SFC DVIS03,SFC DVIS04,SFC DVIS05,SFC DVIS06,SFC DVIS07,SFC DVIS08,SFC DVIS09,SFC DVIS10,SFC DVIS11,SFC DVIS12,SFC DVIS13,SFC DVIS14,SFC DVIS15,SFC DVIS16,SFC DVIS17,SFC DVIS18,SFC DVIS19,SFC DVIS20,SFC DVIS21,SFC DVIS22,SFC DVIS23,SFC DVIS24,SFC DVIS25,SFC DVIS26,SFC DVIS27,SFC DVIS28,SFC DVIS29,SFC DVIS30,SFC DVIS31,SFC DVIS32,SFC DVIS33,SFC DVIS34,SFC DVIS35,SFC DVIS36,SFC DVIS37,SFC DVIS38,SFC DVIS39,SFC DVIS40,SFC DVIS41,SFC DVIS42,SFC DVIS43,SFC DVIS44,SFC DVIS45,SFC DVIS46,SFC DVIS47,SFC DVIS48,SFC DVIS49,SFC DVIS50,SFC DVIS51,SFC DVIS52,SFC DVIS53,SFC DVIS54,SFC DVIS55,SFC DVIS56,SFC DVIS57,SFC DVIS58,SFC DVIS59,SFC DVIS60,SFC DVIS61,SFC DVIS62,SFC DVIS63,SFC DVIS64,SFC DVIS65,SFC DVIS66,SFC DVIS67,SFC DVIS68,SFC DVIS69,SFC DVIS70,SFC DVIS71,SFC DVIS72,SFC DVIS73,SFC DVIS74,SFC DVIS75,SFC DVIS76,SFC DVIS77,SFC DVIS78,SFC DVIS79,SFC DVIS80,SFC DVIS81,SFC DVIS82,SFC DVIS83,SFC DVIS84
    2,    0.0000,  227.5722,    0.2192,  139.8688,  115.8602,  -23.5218,  -14.0680,  158.4330,  163.5827,  163.6723,  163.8293,  164.1029,  164.5732,  165.3648,  166.6602,  168.4872,  170.9519,  174.2721,  178.5564,  183.8814,  190.3071,  197.9049,  205.8548,  212.8059,  218.1105,  222.1140,  224.8330,  226.3589,  227.0949,  227.3721,  227.5098,  227.5598,    0.0705,    0.2675,    0.5658,    0.9364,    1.3541,    1.7971,    2.2470,    2.6886,    3.1100,    3.5012,    3.8550,    4.1668,    3.7991,    3.9662,    4.1036,    4.2111,    4.2902,    4.3412,    4.3666,    4.3674,    4.3455,    4.3031,    4.2365,    4.1377,    1.4329,    1.4160,    1.3937,    1.3544,    1.3064,    1.2531,    1.1042,    1.0903,    1.0331,    0.8812,    0.8657,    0.6804,    0.4286,    0.3613,    0.2973,    0.2859,    0.2660,    0.2237,    0.2586,    0.2615,    0.2793,    0.3166,    0.3804,    0.4522,    0.5746,    0.6344,    0.5305,    0.6851,    0.6744,    0.6698,    0.6769,    0.7426,    0.7550,    0.7683,    0.7700,    0.7628,    2.0538,    1.9716,    1.9052,    1.8274,    1.7484,    1.6691,    1.5919,    1.5151,    1.4407,    1.3665,    1.2937,    1.2291,    1.8278,    1.6842,    1.5339,    1.3924,    1.2741,    1.1725,    1.0662,    0.9681,    0.8777,    0.7928,    0.7079,    0.6374,    1.5840,    1.1437,    0.8293,    0.5901,    0.4167,    0.2922,    0.2036,    0.1383,    0.0940,    0.0622,    0.0416,    0.0303,    0.0906,    0.0482,    0.0759,    0.0854,    0.0957,    0.0892,    0.0975,    0.1096,    0.0962,    0.1325,    0.1172,    0.1283,    0.1417,    0.1155,    0.1680,    0.1868,    0.1536,    0.1833,    0.2065,    0.2237,    0.2252,    0.1502,    0.2398,    0.2533,    0.3110,    0.3324,    0.3440,    0.3658,    0.3756,    0.3940,    0.4010,    0.4565,    0.4953,    0.4717,    0.4852,    0.4943,    0.8433,    0.9209,    0.9663,    0.9993,    1.0234,    1.1077,    1.0381,    1.1064,    1.0804,    1.1314,    1.0733,    1.1507,    2.4780,    2.4450,    2.4989,    2.5384,    2.5644,    2.4626,    2.5489,    2.6139,    2.6670,    2.4800,    2.4441,    2.5380,    6.4157,    6.1123,    6.0433,    5.8603,    5.4132,    5.0767,    4.4565,    4.0997,    3.9404,    3.4535,    2.6528,    2.4637,    1.8993,    1.7458,    1.3311,    1.2705,    0.8565,    0.6215,    0.5021,    0.2015,    0.1776,    0.1261,    0.0437,    0.0355,    0.0000,    0.0000,    0.0000,    0.0000,    0.0000,    0.0000,    0.0000,    0.0000,    0.0000,    0.0000,    0.0000,    0.0000,    0.0000,    0.0000,    0.0000,    0.0000,    0.0000,    0.0000,    0.0000,    0.0004,    0.0013,    0.0042,    0.0316,    0.1224,    0.0337,    0.0553,    0.0951,    0.1939,    0.3170,    0.4390,    0.7874,    0.8078,    0.8986,    1.0611,    1.1127,    1.2540,    0.9696,    0.9641,    0.9572,    0.9473,    0.9378,    0.9287,    0.9178,    0.9074,    0.8966,    0.8844,    0.8683,    0.8421,    0.8025,    0.6764,    0.7395,    0.4977,    0.5022,    0.4908,    0.4247,    0.2470,    0.1814,    0.1031,    0.0612,    0.0469,    0.0933,    0.0788,    0.0260,    0.0119,    0.0030,    0.0028,    0.0017,    0.0056,    0.0100,    0.0182,    0.0292,    0.0235,    0.0278,    0.0056,    0.0259,    0.0458,    0.0328,    0.0004,    0.0000,    0.0000,    0.0000,    0.0031,    0.0165,    0.0171,    0.0171,    0.0171,    0.0000,    0.0000,    0.0000,    0.0000,    0.0000,    0.0035,    0.0040,    0.0054,    0.0048,    0.0010,    0.0230,    0.0000,    0.0598,    0.1073,    0.1213,    0.1109,    0.1245,    0.1385,    0.1233,    0.1698,    0.1501,    0.1645,    0.1806,    0.1466,    0.2118,    0.2312,    0.1878,    0.1215,    0.0145,    0.0325,    0.1583,    0.1897,    0.3065,    0.3218,    0.3984,    0.4260,    0.4410,    0.4686,    0.4796,    0.4909,    0.4572,    0.4157,    0.3661,    0.4375,    0.6076,    0.6165,    1.0804,    1.1803,    1.2358,    1.2540,    1.2316,    1.3659,    1.3119,    1.3949,    1.2823,    1.4502,    1.3714,    1.4595,    3.1611,    3.0848,    3.2030,    3.2531,    3.2743,    3.1567,    3.2678,    3.3511,    3.4192,    3.1776,    3.1334,    3.2539,    8.2247,    7.8363,    7.7478,    7.5132,    6.9399,    6.5086,    5.7135,    5.2561,    5.0518,    4.4276,    3.4010,    3.1586,    2.4350,    2.2382,    1.7066,    1.6288,    1.0981,    0.7968,    0.6438,    0.2584,    0.2277,    0.1616,    0.0560,    0.0455
    2,    0.0500,  227.5722,    0.2409,  114.4210,  112.6462,   -1.2866,    8.8867,  158.4330,  163.5827,  163.6723,  163.8293,  164.1029,  164.5732,  165.3648,  166.6602,  168.4872,  170.9519,  174.2721,  178.5564,  183.8814,  190.3071,  197.9049,  205.8548,  212.8059,  218.1105,  222.1140,  224.8330,  226.3589,  227.0949,  227.3721,  227.5098,  227.5598,    0.0705,    0.2675,    0.5658,    0.9364,    1.3541,    1.7971,    2.2470,    2.6761,    3.0734,    3.4626,    3.8342,    4.0769,    3.5930,    3.6645,    3.6856,    3.5441,    3.2402,    2.8005,    2.4326,    2.2540,    2.1551,    2.1431,    2.2268,    2.4067,    0.9031,    0.9387,    0.9285,    0.9486,    0.9537,    0.9299,    0.8776,    0.8707,    0.8501,    0.7515,    0.7566,    0.6288,    0.4102,    0.3511,    0.2928,    0.2825,    0.2634,    0.2227,    0.2562,    0.2587,    0.2755,    0.3095,    0.3656,    0.4265,    0.5254,    0.5665,    0.4823,    0.6006,    0.5923,    0.5873,    0.5939,    0.6383,    0.6443,    0.6587,    0.6578,    0.6508,    1.7680,    1.6965,    1.6471,    1.5892,    1.5200,    1.4633,    1.3956,    1.3384,    1.2794,    1.2138,    1.1557,    1.0978,    1.6417,    1.5120,    1.3841,    1.2633,    1.1556,    1.0662,    0.9741,    0.8844,    0.8034,    0.7258,    0.6501,    0.5854,    1.4465,    1.0291,    0.7157,    0.5067,    0.3687,    0.2639,    0.1839,    0.1265,    0.0860,    0.0575,    0.0387,    0.0281,    0.0885,    0.0480,    0.0730,    0.0809,    0.0894,    0.0833,    0.0910,    0.1036,    0.0910,    0.1252,    0.1107,    0.1223,    0.1350,    0.1100,    0.1601,    0.1781,    0.1458,    0.1761,    0.2033,    0.2193,    0.2174,    0.1424,    0.2295,    0.2424,    0.2976,    0.3180,    0.3292,    0.3500,    0.3599,    0.3777,    0.3851,    0.4401,    0.4791,    0.4546,    0.4650,    0.4739,    0.8108,    0.8854,    0.9291,    0.9613,    0.9852,    1.0659,    0.9984,    1.0692,    1.0451,    1.0930,    1.0369,    1.1119,    2.3941,    2.3627,    2.4140,    2.4627,    2.4882,    2.3892,    2.4729,    2.5360,    2.5875,    2.4061,    2.3713,    2.4624,    6.2246,    5.9609,    5.8936,    5.7152,    5.2792,    4.9512,    4.3464,    3.9985,    3.8432,    3.3684,    2.5875,    2.4032,    1.8528,    1.7387,    1.3258,    1.2655,    0.8533,    0.6193,    0.5004,    0.2008,    0.1770,    0.1257,    0.0436,    0.0354,    0.0000,    0.0000,    0.0000,    0.0000,    0.0000,    0.0000,    0.0000,    0.0125,    0.0982,    0.0849,    0.0208,    0.0900,    0.2630,    0.4385,    0.5305,    0.6851,    1.0501,    1.6790,    2.3034,    2.5911,    2.6480,    2.4847,    2.2088,    1.9180,    0.5878,    0.5603,    0.5801,    0.6105,    0.6648,    0.7400,    0.9548,    0.9623,    1.0108,    1.1243,    1.1518,    1.2567,    0.9698,    0.9642,    0.9572,    0.9473,    0.9378,    0.9287,    0.9178,    0.9074,    0.8966,    0.8844,    0.8685,    0.8437,    0.8154,    0.7104,    0.7615,    0.5577,    0.5591,    0.5479,    0.4871,    0.3379,    0.2821,    0.2076,    0.1709,    0.1572,    0.3831,    0.3583,    0.2944,    0.2561,    0.2375,    0.2100,    0.1994,    0.1854,    0.1760,    0.1748,    0.1678,    0.1555,    0.2144,    0.1791,    0.1780,    0.1744,    0.1510,    0.1080,    0.0932,    0.0846,    0.0749,    0.0706,    0.0745,    0.0692,    0.1553,    0.1317,    0.1138,    0.0833,    0.0479,    0.0282,    0.0196,    0.0151,    0.0118,    0.0100,    0.0076,    0.0030,    0.0216,    0.0000,    0.0563,    0.1009,    0.1122,    0.1026,    0.1151,    0.1302,    0.1159,    0.1596,    0.1411,    0.1560,    0.1713,    0.1391,    0.2008,    0.2193,    0.1770,    0.1144,    0.0137,    0.0306,    0.1491,    0.1787,    0.2923,    0.3068,    0.3798,    0.4062,    0.4205,    0.4467,    0.4572,    0.4679,    0.4358,    0.3961,    0.3489,    0.4170,    0.5792,    0.5876,    1.0345,    1.1301,    1.1832,    1.2006,    1.1791,    1.3077,    1.2560,    1.3406,    1.2323,    1.3938,    1.3181,    1.4027,    3.0381,    2.9648,    3.0783,    3.1351,    3.1555,    3.0422,    3.1493,    3.2296,    3.2952,    3.0624,    3.0198,    3.1359,    7.9265,    7.5524,    7.4672,    7.2412,    6.6887,    6.2730,    5.5068,    5.0660,    4.8692,    4.2676,    3.2782,    3.0447,    2.3473,    2.1516,    1.6405,    1.5657,    1.0556,    0.7661,    0.6189,    0.2484,    0.2189,    0.1554,    0.0539,    0.0438
    2,    0.1000,  227.5722,    0.2608,  102.1018,  109.6935,    8.0811,   18.6292,  158.4330,  163.5827,  163.6723,  163.8293,  164.1029,  164.5732,  165.3648,  166.6602,  168.4872,  170.9519,  174.2721,  178.5564,  183.8814,  190.3071,  197.9049,  205.8548,  212.8059,  218.1105,  222.1140,  224.8330,  226.3589,  227.0949,  227.3721,  227.5098,  227.5598,    0.0705,    0.2675,    0.5658,    0.9364,    1.3541,    1.7971,    2.2470,    2.6638,    3.0386,    3.4257,    3.8137,    3.9908,    3.4130,    3.4202,    3.3614,    3.0638,    2.6033,    2.1273,    1.8521,    1.7294,    1.6384,    1.5821,    1.5999,    1.7429,    0.6733,    0.7177,    0.7118,    0.7471,    0.7677,    0.7559,    0.7424,    0.7379,    0.7325,    0.6644,    0.6780,    0.5869,    0.3938,    0.3418,    0.2886,    0.2793,    0.2609,    0.2218,    0.2539,    0.2560,    0.2719,    0.3029,    0.3523,    0.4044,    0.4858,    0.5144,    0.4447,    0.5373,    0.5305,    0.5253,    0.5310,    0.5612,    0.5632,    0.5772,    0.5746,    0.5680,    1.5540,    1.4905,    1.4525,    1.4069,    1.3452,    1.3029,    1.2425,    1.1990,    1.1512,    1.0923,    1.0446,    0.9921,    1.4903,    1.3719,    1.2612,    1.1562,    1.0573,    0.9776,    0.8966,    0.8140,    0.7407,    0.6692,    0.6011,    0.5412,    1.3308,    0.9352,    0.6291,    0.4437,    0.3304,    0.2406,    0.1676,    0.1166,    0.0793,    0.0535,    0.0362,    0.0263,    0.0866,    0.0478,    0.0704,    0.0769,    0.0840,    0.0783,    0.0854,    0.0984,    0.0863,    0.1188,    0.1051,    0.1168,    0.1290,    0.1052,    0.1531,    0.1703,    0.1389,    0.1697,    0.2002,    0.2152,    0.2105,    0.1356,    0.2202,    0.2326,    0.2855,    0.3051,    0.3158,    0.3358,    0.3457,    0.3630,    0.3707,    0.4252,    0.4643,    0.4391,    0.4468,    0.4554,    0.7812,    0.8531,    0.8952,    0.9266,    0.9504,    1.0277,    0.9623,    1.0350,    1.0127,    1.0577,    1.0035,    1.0762,    2.3171,    2.2871,    2.3361,    2.3929,    2.4178,    2.3214,    2.4028,    2.4640,    2.5141,    2.3379,    2.3040,    2.3926,    6.0481,    5.8209,    5.7554,    5.5812,    5.1555,    4.8352,    4.2447,    3.9051,    3.7535,    3.2899,    2.5273,    2.3474,    1.8098,    1.7325,    1.3212,    1.2612,    0.8505,    0.6174,    0.4989,    0.2003,    0.1766,    0.1254,    0.0435,    0.0354,    0.0000,    0.0000,    0.0000,    0.0000,    0.0000,    0.0000,    0.0000,    0.0249,    0.1929,    0.1674,    0.0413,    0.1761,    0.4985,    0.8114,    0.9615,    1.1834,    1.6873,    2.4782,    3.1552,    3.4167,    3.4485,    3.2756,    2.9793,    2.6506,    0.8423,    0.8093,    0.8197,    0.8292,    0.8563,    0.9068,    1.0529,    1.0538,    1.0803,    1.1640,    1.1777,    1.2588,    0.9699,    0.9642,    0.9572,    0.9473,    0.9378,    0.9287,    0.9178,    0.9074,    0.8966,    0.8844,    0.8687,    0.8450,    0.8254,    0.7357,    0.7779,    0.6021,    0.6013,    0.5901,    0.5336,    0.4048,    0.3558,    0.2853,    0.2522,    0.2389,    0.6021,    0.5694,    0.4994,    0.4444,    0.4184,    0.3719,    0.3538,    0.3279,    0.3089,    0.3003,    0.2797,    0.2622,    0.3667,    0.3206,    0.3032,    0.2811,    0.2491,    0.1978,    0.1717,    0.1558,    0.1382,    0.1276,    0.1238,    0.1135,    0.2716,    0.2257,    0.2007,    0.1462,    0.0860,    0.0514,    0.0358,    0.0248,    0.0184,    0.0139,    0.0099,    0.0049,    0.0204,    0.0000,    0.0531,    0.0952,    0.1043,    0.0953,    0.1070,    0.1228,    0.1093,    0.1506,    0.1331,    0.1484,    0.1628,    0.1322,    0.1909,    0.2085,    0.1673,    0.1081,    0.0129,    0.0289,    0.1408,    0.1689,    0.2793,    0.2932,    0.3629,    0.3881,    0.4018,    0.4269,    0.4368,    0.4470,    0.4163,    0.3783,    0.3332,    0.3982,    0.5533,    0.5614,    0.9923,    1.0840,    1.1350,    1.1516,    1.1310,    1.2544,    1.2048,    1.2904,    1.1861,    1.3416,    1.2686,    1.3501,    2.9242,    2.8536,    2.9630,    3.0250,    3.0448,    2.9354,    3.0387,    3.1163,    3.1795,    2.9549,    2.9138,    3.0259,    7.6484,    7.2858,    7.2037,    6.9857,    6.4528,    6.0519,    5.3127,    4.8876,    4.6978,    4.1175,    3.1630,    2.9378,    2.2650,    2.0692,    1.5778,    1.5059,    1.0154,    0.7369,    0.5953,    0.2390,    0.2106,    0.1495,    0.0518,    0.0421
    2,    0.1500,  227.5722,    0.2791,   94.0048,  106.9717,   13.4574,   23.9971,  158.4330,  163.5827,  163.6723,  163.8293,  164.1029,  164.5732,  165.3648,  166.6602,  168.4872,  170.9519,  174.2721,  178.5564,  183.8814,  190.3071,  197.9049,  205.8548,  212.8059,  218.1105,  222.1140,  224.8330,  226.3589,  227.0949,  227.3721,  227.5098,  227.5598,    0.0705,    0.2675,    0.5658,    0.9364,    1.3541,    1.7971,    2.2470,    2.6515,    3.0054,    3.3902,    3.7933,    3.9082,    3.2547,    3.2199,    3.1051,    2.7025,    2.1756,    1.7662,    1.5976,    1.5106,    1.4253,    1.3469,    1.3147,    1.4042,    0.5487,    0.5940,    0.5900,    0.6294,    0.6549,    0.6486,    0.6526,    0.6488,    0.6502,    0.6013,    0.6182,    0.5520,    0.3793,    0.3332,    0.2846,    0.2762,    0.2585,    0.2209,    0.2517,    0.2535,    0.2684,    0.2967,    0.3404,    0.3852,    0.4531,    0.4730,    0.4143,    0.4881,    0.4823,    0.4770,    0.4816,    0.5018,    0.5012,    0.5142,    0.5105,    0.5042,    1.3880,    1.3308,    1.3008,    1.2632,    1.2074,    1.1744,    1.1199,    1.0864,    1.0469,    0.9935,    0.9532,    0.9051,    1.3646,    1.2557,    1.1587,    1.0660,    0.9746,    0.9027,    0.8306,    0.7540,    0.6871,    0.6209,    0.5589,    0.5033,    1.2322,    0.8569,    0.5610,    0.3945,    0.2993,    0.2210,    0.1539,    0.1081,    0.0735,    0.0500,    0.0340,    0.0247,    0.0849,    0.0477,    0.0680,    0.0733,    0.0793,    0.0740,    0.0807,    0.0937,    0.0822,    0.1132,    0.1001,    0.1119,    0.1236,    0.1008,    0.1467,    0.1633,    0.1327,    0.1640,    0.1974,    0.2115,    0.2042,    0.1295,    0.2117,    0.2237,    0.2745,    0.2934,    0.3036,    0.3229,    0.3327,    0.3496,    0.3576,    0.4115,    0.4507,    0.4249,    0.4302,    0.4386,    0.7541,    0.8235,    0.8642,    0.8948,    0.9185,    0.9928,    0.9291,    1.0035,    0.9827,    1.0252,    0.9727,    1.0434,    2.2460,    2.2175,    2.2643,    2.3282,    2.3526,    2.2586,    2.3378,    2.3974,    2.4461,    2.2747,    2.2417,    2.3279,    5.8847,    5.6914,    5.6273,    5.4571,    5.0409,    4.7279,    4.1505,    3.8185,    3.6704,    3.2172,    2.4716,    2.2957,    1.7701,    1.7270,    1.3171,    1.2575,    0.8481,    0.6157,    0.4976,    0.1998,    0.1762,    0.1252,    0.0434,    0.0353,    0.0000,    0.0000,    0.0000,    0.0000,    0.0000,    0.0000,    0.0000,    0.0372,    0.2842,    0.2475,    0.0616,    0.2587,    0.7108,    1.1321,    1.3188,    1.5625,    2.1151,    2.9508,    3.5875,    3.7947,    3.8077,    3.6544,    3.3770,    3.0534,    0.9900,    0.9589,    0.9636,    0.9645,    0.9778,    1.0128,    1.1171,    1.1139,    1.1274,    1.1910,    1.1960,    1.2604,    0.9701,    0.9642,    0.9572,    0.9473,    0.9378,    0.9287,    0.9178,    0.9074,    0.8966,    0.8845,    0.8688,    0.8461,    0.8333,    0.7552,    0.7905,    0.6362,    0.6338,    0.6226,    0.5695,    0.4560,    0.4120,    0.3454,    0.3150,    0.3020,    0.7735,    0.7346,    0.6613,    0.5942,    0.5622,    0.5018,    0.4778,    0.4436,    0.4179,    0.4031,    0.3720,    0.3501,    0.4933,    0.4382,    0.4082,    0.3711,    0.3319,    0.2739,    0.2388,    0.2167,    0.1924,    0.1764,    0.1662,    0.1516,    0.3710,    0.3042,    0.2690,    0.1954,    0.1170,    0.0709,    0.0494,    0.0332,    0.0241,    0.0172,    0.0121,    0.0064,    0.0193,    0.0000,    0.0502,    0.0901,    0.0974,    0.0890,    0.0999,    0.1162,    0.1035,    0.1425,    0.1260,    0.1414,    0.1552,    0.1260,    0.1820,    0.1987,    0.1585,    0.1023,    0.0123,    0.0273,    0.1335,    0.1601,    0.2674,    0.2807,    0.3475,    0.3716,    0.3847,    0.4087,    0.4181,    0.4279,    0.3984,    0.3619,    0.3188,    0.3810,    0.5296,    0.5373,    0.9535,    1.0416,    1.0905,    1.1065,    1.0866,    1.2052,    1.1577,    1.2437,    1.1431,    1.2931,    1.2228,    1.3013,    2.8185,    2.7504,    2.8558,    2.9221,    2.9412,    2.8355,    2.9354,    3.0103,    3.0714,    2.8544,    2.8147,    2.9230,    7.3883,    7.0349,    6.9557,    6.7452,    6.2307,    5.8437,    5.1301,    4.7196,    4.5365,    3.9762,    3.0546,    2.8372,    2.1875,    1.9907,    1.5179,    1.4489,    0.9769,    0.7090,    0.5729,    0.2300,    0.2027,    0.1439,    0.0499,    0.0406
    2,    0.2000,  227.5722,    0.2961,   88.0018,  104.4564,   16.9464,   27.1963,  158.4330,  163.5827,  163.6723,  163.8293,  164.1029,  164.5732,  165.3648,  166.6602,  168.4872,  170.9519,  174.2721,  178.5564,  183.8814,  190.3071,  197.9049,  205.8548,  212.8059,  218.1105,  222.1140,  224.8330,  226.3589,  227.0949,  227.3721,  227.5098,  227.5598,    0.0705,    0.2675,    0.5658,    0.9364,    1.3541,    1.7971,    2.2470,    2.6393,    2.9738,    3.3560,    3.7732,    3.8290,    3.1149,    3.0538,    2.8990,    2.4215,    1.8688,    1.5491,    1.4573,    1.3873,    1.3054,    1.2187,    1.1580,    1.2048,    0.4724,    0.5168,    0.5135,    0.5536,    0.5802,    0.5764,    0.5886,    0.5850,    0.5892,    0.5533,    0.5709,    0.5224,    0.3662,    0.3253,    0.2808,    0.2733,    0.2562,    0.2200,    0.2496,    0.2510,    0.2650,    0.2908,    0.3296,    0.3683,    0.4257,    0.4392,    0.3893,    0.4486,    0.4435,    0.4382,    0.4418,    0.4547,    0.4522,    0.4641,    0.4597,    0.4537,    1.2559,    1.2036,    1.1796,    1.1472,    1.0962,    1.0692,    1.0196,    0.9935,    0.9606,    0.9117,    0.8768,    0.8325,    1.2587,    1.1578,    1.0718,    0.9890,    0.9039,    0.8385,    0.7737,    0.7023,    0.6407,    0.5790,    0.5223,    0.4703,    1.1472,    0.7907,    0.5059,    0.3549,    0.2734,    0.2043,    0.1423,    0.1007,    0.0685,    0.0470,    0.0321,    0.0232,    0.0833,    0.0475,    0.0659,    0.0702,    0.0752,    0.0703,    0.0765,    0.0896,    0.0786,    0.1081,    0.0957,    0.1075,    0.1187,    0.0968,    0.1410,    0.1569,    0.1273,    0.1587,    0.1947,    0.2080,    0.1986,    0.1241,    0.2040,    0.2156,    0.2645,    0.2826,    0.2925,    0.3111,    0.3209,    0.3374,    0.3457,    0.3991,    0.4382,    0.4119,    0.4151,    0.4233,    0.7292,    0.7963,    0.8357,    0.8656,    0.8892,    0.9607,    0.8987,    0.9744,    0.9550,    0.9952,    0.9442,    1.0130,    2.1804,    2.1531,    2.1979,    2.2681,    2.2921,    2.2004,    2.2775,    2.3356,    2.3831,    2.2161,    2.1839,    2.2679,    5.7330,    5.5713,    5.5086,    5.3420,    4.9347,    4.6283,    4.0632,    3.7383,    3.5934,    3.1498,    2.4198,    2.2477,    1.7332,    1.7220,    1.3134,    1.2541,    0.8459,    0.6142,    0.4965,    0.1994,    0.1759,    0.1250,    0.0434,    0.0353,    0.0000,    0.0000,    0.0000,    0.0000,    0.0000,    0.0000,    0.0000,    0.0493,    0.3723,    0.3253,    0.0817,    0.3379,    0.9031,    1.4105,    1.6199,    1.8611,    2.4222,    3.2638,    3.8340,    3.9899,    3.9908,    3.8625,    3.6162,    3.3093,    1.0868,    1.0588,    1.0596,    1.0563,    1.0614,    1.0858,    1.1621,    1.1562,    1.1612,    1.2105,    1.2097,    1.2618,    0.9702,    0.9643,    0.9572,    0.9473,    0.9378,    0.9287,    0.9178,    0.9074,    0.8966,    0.8845,    0.8690,    0.8471,    0.8397,    0.7707,    0.8005,    0.6632,    0.6596,    0.6484,    0.5981,    0.4966,    0.4564,    0.3932,    0.3650,    0.3522,    0.9115,    0.8675,    0.7925,    0.7163,    0.6793,    0.6085,    0.5795,    0.5396,    0.5089,    0.4890,    0.4495,    0.4239,    0.6002,    0.5374,    0.4975,    0.4481,    0.4026,    0.3394,    0.2967,    0.2693,    0.2394,    0.2187,    0.2031,    0.1848,    0.4568,    0.3706,    0.3243,    0.2349,    0.1428,    0.0875,    0.0609,    0.0405,    0.0290,    0.0202,    0.0139,    0.0078,    0.0182,    0.0000,    0.0477,    0.0855,    0.0913,    0.0835,    0.0937,    0.1103,    0.0982,    0.1353,    0.1196,    0.1351,    0.1483,    0.1204,    0.1739,    0.1898,    0.1507,    0.0972,    0.0116,    0.0259,    0.1268,    0.1522,    0.2565,    0.2693,    0.3334,    0.3565,    0.3691,    0.3921,    0.4010,    0.4103,    0.3820,    0.3469,    0.3055,    0.3652,    0.5079,    0.5153,    0.9176,    1.0024,    1.0495,    1.0649,    1.0456,    1.1598,    1.1141,    1.2002,    1.1031,    1.2479,    1.1801,    1.2558,    2.7200,    2.6543,    2.7561,    2.8257,    2.8441,    2.7420,    2.8385,    2.9109,    2.9700,    2.7602,    2.7219,    2.8265,    7.1445,    6.7983,    6.7218,    6.5184,    6.0213,    5.6474,    4.9578,    4.5612,    4.3843,    3.8430,    2.9523,    2.7422,    2.1144,    1.9156,    1.4608,    1.3944,    0.9402,    0.6824,    0.5514,    0.2214,    0.1951,    0.1386,    0.0480,    0.0391
    2,    0.3000,  227.5722,    0.3263,   79.3811,   99.9641,   21.0772,   30.2878,  158.4330,  163.5827,  163.6723,  163.8293,  164.1029,  164.5732,  165.3648,  166.6602,  168.4872,  170.9519,  174.2721,  178.5564,  183.8814,  190.3071,  197.9049,  205.8548,  212.8059,  218.1105,  222.1140,  224.8330,  226.3589,  227.0949,  227.3721,  227.5098,  227.5598,    0.0705,    0.2675,    0.5658,    0.9364,    1.3541,    1.7971,    2.2470,    2.6154,    2.9149,    3.2917,    3.7337,    3.6798,    2.8803,    2.7971,    2.5923,    2.0149,    1.4578,    1.3106,    1.3005,    1.2431,    1.1651,    1.0749,    0.9922,    0.9872,    0.3863,    0.4279,    0.4251,    0.4633,    0.4884,    0.4863,    0.5034,    0.4994,    0.5047,    0.4845,    0.5004,    0.4747,    0.3435,    0.3112,    0.2737,    0.2677,    0.2517,    0.2183,    0.2456,    0.2464,    0.2588,    0.2802,    0.3107,    0.3398,    0.3819,    0.3873,    0.3502,    0.3892,    0.3850,    0.3798,    0.3812,    0.3846,    0.3799,    0.3894,    0.3842,    0.3787,    1.0593,    1.0145,    0.9989,    0.9718,    0.9280,    0.9074,    0.8652,    0.8496,    0.8262,    0.7842,    0.7563,    0.7178,    1.0902,    1.0021,    0.9329,    0.8644,    0.7898,    0.7343,    0.6806,    0.6177,    0.5646,    0.5103,    0.4618,    0.4158,    1.0079,    0.6846,    0.4225,    0.2953,    0.2329,    0.1773,    0.1235,    0.0886,    0.0603,    0.0418,    0.0288,    0.0208,    0.0804,    0.0472,    0.0623,    0.0648,    0.0686,    0.0641,    0.0697,    0.0826,    0.0724,    0.0996,    0.0881,    0.0998,    0.1103,    0.0899,    0.1310,    0.1459,    0.1178,    0.1496,    0.1897,    0.2016,    0.1888,    0.1148,    0.1905,    0.2013,    0.2469,    0.2638,    0.2731,    0.2904,    0.3003,    0.3161,    0.3247,    0.3770,    0.4160,    0.3889,    0.3886,    0.3964,    0.6851,    0.7481,    0.7852,    0.8139,    0.8372,    0.9038,    0.8449,    0.9224,    0.9054,    0.9415,    0.8934,    0.9588,    2.0633,    2.0382,    2.0795,    2.1603,    2.1834,    2.0958,    2.1692,    2.2246,    2.2698,    2.1108,    2.0801,    2.1601,    5.4606,    5.3558,    5.2957,    5.1356,    4.7442,    4.4497,    3.9066,    3.5943,    3.4552,    3.0288,    2.3271,    2.1617,    1.6671,    1.7134,    1.3070,    1.2482,    0.8421,    0.6116,    0.4946,    0.1987,    0.1753,    0.1246,    0.0433,    0.0352,    0.0000,    0.0000,    0.0000,    0.0000,    0.0000,    0.0000,    0.0000,    0.0733,    0.5392,    0.4744,    0.1213,    0.4872,    1.2383,    1.8682,    2.0984,    2.3023,    2.8336,    3.6485,    4.0768,    4.1621,    4.1508,    4.0608,    3.8765,    3.6134,    1.2055,    1.1827,    1.1787,    1.1711,    1.1673,    1.1781,    1.2202,    1.2107,    1.2059,    1.2366,    1.2287,    1.2640,    0.9705,    0.9644,    0.9572,    0.9473,    0.9379,    0.9287,    0.9178,    0.9075,    0.8966,    0.8845,    0.8693,    0.8487,    0.8495,    0.7936,    0.8153,    0.7033,    0.6978,    0.6865,    0.6409,    0.5567,    0.5220,    0.4647,    0.4395,    0.4270,    1.1202,    1.0686,    0.9925,    0.9035,    0.8589,    0.7732,    0.7367,    0.6896,    0.6523,    0.6244,    0.5723,    0.5409,    0.7710,    0.6960,    0.6415,    0.5729,    0.5173,    0.4460,    0.3919,    0.3556,    0.3167,    0.2883,    0.2642,    0.2396,    0.5975,    0.4771,    0.4081,    0.2944,    0.1831,    0.1142,    0.0795,    0.0524,    0.0370,    0.0252,    0.0171,    0.0102,    0.0165,    0.0000,    0.0432,    0.0776,    0.0811,    0.0742,    0.0833,    0.1001,    0.0891,    0.1228,    0.1085,    0.1240,    0.1361,    0.1105,    0.1596,    0.1742,    0.1370,    0.0882,    0.0105,    0.0235,    0.1152,    0.1385,    0.2373,    0.2491,    0.3083,    0.3297,    0.3413,    0.3627,    0.3706,    0.3792,    0.3529,    0.3202,    0.2820,    0.3371,    0.4693,    0.4761,    0.8534,    0.9323,    0.9761,    0.9903,    0.9723,    1.0785,    1.0361,    1.1217,    1.0308,    1.1663,    1.1029,    1.1736,    2.5421,    2.4806,    2.5758,    2.6498,    2.6670,    2.5713,    2.6618,    2.7297,    2.7852,    2.5884,    2.5525,    2.6506,    6.6999,    6.3632,    6.2916,    6.1014,    5.6362,    5.2863,    4.6409,    4.2698,    4.1044,    3.5978,    2.7641,    2.5676,    1.9799,    1.7753,    1.3538,    1.2924,    0.8715,    0.6326,    0.5113,    0.2053,    0.1810,    0.1285,    0.0446,    0.0363
    2,    0.4000,  227.5722,    0.3525,   73.3177,   96.0782,   23.2572,   31.1683,  158.4330,  163.5827,  163.6723,  163.8293,  164.1029,  164.5732,  165.3648,  166.6602,  168.4872,  170.9519,  174.2721,  178.5564,  183.8814,  190.3071,  197.9049,  205.8548,  212.8059,  218.1105,  222.1140,  224.8330,  226.3589,  227.0949,  227.3721,  227.5098,  227.5598,    0.0705,    0.2675,    0.5658,    0.9364,    1.3541,    1.7971,    2.2470,    2.5918,    2.8612,    3.2321,    3.6949,    3.5418,    2.6925,    2.6105,    2.3790,    1.7370,    1.1952,    1.1861,    1.2082,    1.1561,    1.0807,    0.9904,    0.9021,    0.8732,    0.3401,    0.3790,    0.3760,    0.4116,    0.4343,    0.4322,    0.4490,    0.4446,    0.4488,    0.4373,    0.4499,    0.4377,    0.3245,    0.2988,    0.2672,    0.2625,    0.2476,    0.2166,    0.2417,    0.2420,    0.2530,    0.2707,    0.2947,    0.3168,    0.3486,    0.3493,    0.3208,    0.3466,    0.3429,    0.3378,    0.3373,    0.3350,    0.3292,    0.3365,    0.3310,    0.3259,    0.9208,    0.8812,    0.8714,    0.8461,    0.8075,    0.7889,    0.7521,    0.7436,    0.7268,    0.6898,    0.6658,    0.6317,    0.9621,    0.8839,    0.8269,    0.7682,    0.7015,    0.6535,    0.6077,    0.5515,    0.5048,    0.4562,    0.4139,    0.3727,    0.8988,    0.6035,    0.3623,    0.2525,    0.2027,    0.1565,    0.1089,    0.0790,    0.0538,    0.0377,    0.0261,    0.0188,    0.0779,    0.0469,    0.0592,    0.0604,    0.0634,    0.0593,    0.0644,    0.0768,    0.0673,    0.0926,    0.0819,    0.0934,    0.1032,    0.0842,    0.1226,    0.1367,    0.1101,    0.1419,    0.1852,    0.1960,    0.1805,    0.1071,    0.1790,    0.1892,    0.2320,    0.2479,    0.2566,    0.2729,    0.2828,    0.2980,    0.3068,    0.3581,    0.3969,    0.3692,    0.3662,    0.3737,    0.6473,    0.7069,    0.7420,    0.7696,    0.7926,    0.8550,    0.7987,    0.8774,    0.8625,    0.8951,    0.8494,    0.9118,    1.9619,    1.9386,    1.9769,    2.0664,    2.0887,    2.0047,    2.0749,    2.1279,    2.1711,    2.0190,    1.9897,    2.0662,    5.2233,    5.1688,    5.1108,    4.9565,    4.5788,    4.2947,    3.7706,    3.4693,    3.3352,    2.9238,    2.2465,    2.0870,    1.6096,    1.7063,    1.3018,    1.2435,    0.8391,    0.6095,    0.4930,    0.1981,    0.1749,    0.1244,    0.0432,    0.0352,    0.0000,    0.0000,    0.0000,    0.0000,    0.0000,    0.0000,    0.0000,    0.0969,    0.6946,    0.6154,    0.1601,    0.6252,    1.5204,    2.2259,    2.4601,    2.6135,    3.0967,    3.8675,    4.1796,    4.2293,    4.2134,    4.1432,    4.0026,    3.7827,    1.2739,    1.2544,    1.2476,    1.2377,    1.2293,    1.2321,    1.2551,    1.2434,    1.2337,    1.2530,    1.2411,    1.2657,    0.9707,    0.9644,    0.9572,    0.9473,    0.9379,    0.9287,    0.9178,    0.9075,    0.8966,    0.8846,    0.8696,    0.8499,    0.8565,    0.8097,    0.8257,    0.7314,    0.7247,    0.7134,    0.6712,    0.5992,    0.5683,    0.5156,    0.4926,    0.4802,    1.2709,    1.2137,    1.1380,    1.0406,    0.9904,    0.8946,    0.8525,    0.8015,    0.7604,    0.7264,    0.6654,    0.6295,    0.9014,    0.8170,    0.7525,    0.6697,    0.6062,    0.5292,    0.4667,    0.4235,    0.3777,    0.3432,    0.3126,    0.2832,    0.7082,    0.5587,    0.4687,    0.3370,    0.2131,    0.1348,    0.0938,    0.0618,    0.0433,    0.0292,    0.0197,    0.0121,    0.0150,    0.0000,    0.0395,    0.0710,    0.0729,    0.0666,    0.0748,    0.0916,    0.0815,    0.1123,    0.0993,    0.1146,    0.1258,    0.1021,    0.1475,    0.1610,    0.1256,    0.0806,    0.0096,    0.0214,    0.1055,    0.1269,    0.2207,    0.2317,    0.2868,    0.3067,    0.3175,    0.3374,    0.3444,    0.3523,    0.3278,    0.2972,    0.2616,    0.3129,    0.4361,    0.4425,    0.7976,    0.8713,    0.9122,    0.9255,    0.9085,    1.0079,    0.9683,    1.0525,    0.9671,    1.0944,    1.0349,    1.1013,    2.3854,    2.3277,    2.4171,    2.4932,    2.5095,    2.4194,    2.5046,    2.5685,    2.6207,    2.4355,    2.4017,    2.4940,    6.3043,    5.9721,    5.9050,    5.7266,    5.2900,    4.9617,    4.3561,    4.0079,    3.8527,    3.3773,    2.5948,    2.4105,    1.8589,    1.6468,    1.2559,    1.1990,    0.8086,    0.5870,    0.4745,    0.1905,    0.1680,    0.1193,    0.0414,    0.0337
    2,    0.5000,  227.5722,    0.3754,       NaN,   92.6917,       NaN,       NaN,  158.4330,  163.5827,  163.6723,  163.8293,  164.1029,  164.5732,  165.3648,  166.6602,  168.4872,  170.9519,  174.2721,  178.5564,  183.8814,  190.3071,  197.9049,  205.8548,  212.8059,  218.1105,  222.1140,  224.8330,  226.3589,  227.0949,  227.3721,  227.5098,  227.5598,       NaN,    0.2675,    0.5658,    0.9364,    1.3541,    1.7971,    2.2470,    2.5687,    2.8120,    3.1769,    3.6569,    3.4138,    2.5402,    2.4703,    2.2246,    1.5370,    1.0129,    1.1090,    1.1446,    1.0960,    1.0226,    0.9325,    0.8423,    0.8024,    0.3112,    0.3478,    0.3446,    0.3776,    0.3982,    0.3958,    0.4110,    0.4062,    0.4088,    0.4026,    0.4117,    0.4080,    0.3084,    0.2879,    0.2612,    0.2576,    0.2437,    0.2150,    0.2381,    0.2379,    0.2476,    0.2622,    0.2809,    0.2977,    0.3222,    0.3201,    0.2978,    0.3145,    0.3111,    0.3061,    0.3039,    0.2981,    0.2917,    0.2971,    0.2915,    0.2868,    0.8186,    0.7828,    0.7773,    0.7520,    0.7173,    0.6986,    0.6659,    0.6624,    0.6506,    0.6174,    0.5954,    0.5647,    0.8617,    0.7912,    0.7435,    0.6916,    0.6313,    0.5891,    0.5492,    0.4983,    0.4565,    0.4126,    0.3751,    0.3377,    0.8110,    0.5395,    0.3169,    0.2203,    0.1792,    0.1400,    0.0974,    0.0713,    0.0485,    0.0342,    0.0238,    0.0172,    0.0757,    0.0466,    0.0566,    0.0567,    0.0592,    0.0554,    0.0601,    0.0720,    0.0631,    0.0868,    0.0768,    0.0879,    0.0972,    0.0793,    0.1155,    0.1288,    0.1036,    0.1354,    0.1811,    0.1909,    0.1735,    0.1008,    0.1691,    0.1788,    0.2192,    0.2342,    0.2424,    0.2578,    0.2679,    0.2824,    0.2915,    0.3417,    0.3802,    0.3522,    0.3470,    0.3542,    0.6146,    0.6711,    0.7045,    0.7312,    0.7539,    0.8126,    0.7587,    0.8381,    0.8249,    0.8546,    0.8111,    0.8709,    1.8734,    1.8517,    1.8875,    1.9840,    2.0056,    1.9248,    1.9922,    2.0430,    2.0846,    1.9386,    1.9104,    1.9839,    5.0151,    5.0056,    4.9495,    4.8001,    4.4344,    4.1594,    3.6519,    3.3602,    3.2304,    2.8321,    2.1761,    2.0218,    1.5594,    1.7004,    1.2975,    1.2396,    0.8366,    0.6079,    0.4918,    0.1977,    0.1745,    0.1242,    0.0431,    0.0352,       NaN,    0.0000,    0.0000,    0.0000,    0.0000,    0.0000,    0.0000,    0.1200,    0.8395,    0.7486,    0.1980,    0.7532,    1.7610,    2.5100,    2.7406,    2.8457,    3.2793,    4.0011,    4.2301,    4.2626,    4.2448,    4.1841,    4.0700,    3.8854,    1.3167,    1.2991,    1.2904,    1.2791,    1.2682,    1.2661,    1.2776,    1.2646,    1.2522,    1.2640,    1.2498,    1.2670,    0.9709,    0.9645,    0.9572,    0.9473,    0.9379,    0.9287,    0.9178,    0.9075,    0.8967,    0.8846,    0.8698,    0.8510,    0.8619,    0.8215,    0.8333,    0.7522,    0.7446,    0.7332,    0.6939,    0.6308,    0.6026,    0.5538,    0.5323,    0.5200,    1.3850,    1.3235,    1.2487,    1.1455,    1.0910,    0.9879,    0.9415,    0.8885,    0.8448,    0.8061,    0.7384,    0.6990,    1.0043,    0.9125,    0.8408,    0.7470,    0.6772,    0.5960,    0.5272,    0.4784,    0.4271,    0.3877,    0.3521,    0.3186,    0.7975,    0.6232,    0.5145,    0.3691,    0.2363,    0.1512,    0.1052,    0.0693,    0.0484,    0.0325,    0.0218,    0.0137,    0.0138,    0.0000,    0.0363,    0.0653,    0.0660,    0.0603,    0.0678,    0.0844,    0.0751,    0.1035,    0.0914,    0.1065,    0.1169,    0.0949,    0.1370,    0.1495,    0.1158,    0.0741,    0.0088,    0.0196,    0.0972,    0.1170,    0.2063,    0.2165,    0.2681,    0.2867,    0.2968,    0.3154,    0.3215,    0.3290,    0.3059,    0.2771,    0.2438,    0.2918,    0.4072,    0.4131,    0.7485,    0.8177,    0.8561,    0.8685,    0.8525,    0.9458,    0.9087,    0.9911,    0.9105,    1.0306,    0.9745,    1.0371,    2.2463,    2.1918,    2.2762,    2.3529,    2.3682,    2.2832,    2.3636,    2.4239,    2.4731,    2.2984,    2.2665,    2.3537,    5.9495,    5.6184,    5.5554,    5.3876,    4.9770,    4.6681,    4.0985,    3.7709,    3.6251,    3.1779,    2.4417,    2.2683,    1.7494,    1.5288,    1.1660,    1.1133,    0.7509,    0.5452,    0.4407,    0.1770,    0.1561,    0.1109,    0.0385,    0.0313
    2,    0.7500,  227.5722,    0.4211,   60.9350,   85.8998,   25.4698,   28.5693,  158.4330,  163.5827,  163.6723,  163.8293,  164.1029,  164.5732,  165.3648,  166.6602,  168.4872,  170.9519,  174.2721,  178.5564,  183.8814,  190.3071,  197.9049,  205.8548,  212.8059,  218.1105,  222.1140,  224.8330,  226.3589,  227.0949,  227.3721,  227.5098,  227.5598,    0.0705,    0.2675,    0.5658,    0.9364,    1.3541,    1.7971,    2.2470,    2.5126,    2.7059,    3.0552,    3.5654,    3.1309,    2.2654,    2.2385,    1.9816,    1.2249,    0.7340,    0.9968,    1.0442,    1.0022,    0.9322,    0.8422,    0.7500,    0.6998,    0.2697,    0.3019,    0.2983,    0.3266,    0.3435,    0.3403,    0.3517,    0.3463,    0.3454,    0.3455,    0.3472,    0.3540,    0.2765,    0.2654,    0.2483,    0.2468,    0.2350,    0.2114,    0.2300,    0.2287,    0.2358,    0.2443,    0.2535,    0.2616,    0.2753,    0.2699,    0.2572,    0.2606,    0.2576,    0.2530,    0.2472,    0.2373,    0.2304,    0.2324,    0.2269,    0.2229,    0.6530,    0.6235,    0.6248,    0.5972,    0.5688,    0.5455,    0.5198,    0.5249,    0.5213,    0.4943,    0.4734,    0.4487,    0.6858,    0.6288,    0.5972,    0.5550,    0.5061,    0.4737,    0.4436,    0.4022,    0.3689,    0.3333,    0.3043,    0.2738,    0.6522,    0.4264,    0.2408,    0.1665,    0.1385,    0.1104,    0.0767,    0.0570,    0.0388,    0.0278,    0.0195,    0.0140,    0.0712,    0.0459,    0.0517,    0.0498,    0.0516,    0.0484,    0.0524,    0.0630,    0.0551,    0.0758,    0.0671,    0.0774,    0.0856,    0.0698,    0.1018,    0.1137,    0.0914,    0.1225,    0.1723,    0.1803,    0.1597,    0.0887,    0.1497,    0.1583,    0.1939,    0.2072,    0.2145,    0.2281,    0.2385,    0.2519,    0.2613,    0.3091,    0.3466,    0.3182,    0.3092,    0.3158,    0.5493,    0.5999,    0.6298,    0.6545,    0.6764,    0.7281,    0.6788,    0.7588,    0.7489,    0.7730,    0.7337,    0.7883,    1.6950,    1.6766,    1.7073,    1.8171,    1.8372,    1.7628,    1.8246,    1.8711,    1.9092,    1.7755,    1.7497,    1.8170,    4.5933,    4.6785,    4.6262,    4.4867,    4.1450,    3.8882,    3.4140,    3.1415,    3.0204,    2.6482,    2.0351,    1.8910,    1.4588,    1.6900,    1.2899,    1.2327,    0.8323,    0.6050,    0.4897,    0.1970,    0.1740,    0.1239,    0.0431,    0.0351,    0.0000,    0.0000,    0.0000,    0.0000,    0.0000,    0.0000,    0.0000,    0.1761,    1.1602,    1.0514,    0.2896,    1.0362,    2.2299,    3.0026,    3.2147,    3.2325,    3.5593,    4.1627,    4.2837,    4.3009,    4.2813,    4.2293,    4.1429,    4.0109,    1.3711,    1.3555,    1.3447,    1.3314,    1.3180,    1.3098,    1.3078,    1.2933,    1.2785,    1.2799,    1.2633,    1.2695,    0.9714,    0.9647,    0.9573,    0.9473,    0.9379,    0.9287,    0.9179,    0.9075,    0.8967,    0.8848,    0.8703,    0.8529,    0.8708,    0.8404,    0.8456,    0.7858,    0.7768,    0.7654,    0.7314,    0.6830,    0.6594,    0.6174,    0.5985,    0.5864,    1.5774,    1.5087,    1.4359,    1.3247,    1.2628,    1.1480,    1.0942,    1.0395,    0.9927,    0.9456,    0.8670,    0.8213,    1.1868,    1.0816,    0.9987,    0.8862,    0.8049,    0.7169,    0.6375,    0.5784,    0.5174,    0.4691,    0.4246,    0.3838,    0.9601,    0.7377,    0.5915,    0.4227,    0.2765,    0.1802,    0.1254,    0.0831,    0.0578,    0.0386,    0.0259,    0.0167,    0.0113,    0.0000,    0.0301,    0.0543,    0.0529,    0.0483,    0.0543,    0.0702,    0.0625,    0.0861,    0.0761,    0.0903,    0.0991,    0.0805,    0.1162,    0.1268,    0.0965,    0.0613,    0.0072,    0.0160,    0.0808,    0.0976,    0.1772,    0.1860,    0.2303,    0.2463,    0.2550,    0.2709,    0.2753,    0.2816,    0.2616,    0.2362,    0.2076,    0.2489,    0.3485,    0.3536,    0.6481,    0.7080,    0.7412,    0.7518,    0.7376,    0.8186,    0.7867,    0.8634,    0.7928,    0.8980,    0.8491,    0.9035,    1.9571,    1.9095,    1.9833,    2.0572,    2.0705,    1.9963,    2.0666,    2.1193,    2.1624,    2.0096,    1.9818,    2.0580,    5.2021,    4.8648,    4.8103,    4.6651,    4.3097,    4.0424,    3.5492,    3.2658,    3.1397,    2.7525,    2.1151,    1.9651,    1.5157,    1.2739,    0.9717,    0.9279,    0.6260,    0.4545,    0.3675,    0.1476,    0.1302,    0.0925,    0.0321,    0.0261
    2,    1.0000,  227.5722,    0.4552,   55.9148,   80.8358,   25.4320,   25.2802,  158.4330,  163.5827,  163.6723,  163.8293,  164.1029,  164.5732,  165.3648,  166.6602,  168.4872,  170.9519,  174.2721,  178.5564,  183.8814,  190.3071,  197.9049,  205.8548,  212.8059,  218.1105,  222.1140,  224.8330,  226.3589,  227.0949,  227.3721,  227.5098,  227.5598,    0.0705,    0.2675,    0.5658,    0.9364,    1.3541,    1.7971,    2.2470,    2.4590,    2.6188,    2.9529,    3.4783,    2.8913,    2.0861,    2.0959,    1.8404,    1.0509,    0.5762,    0.9308,    0.9839,    0.9464,    0.8786,    0.7885,    0.6951,    0.6407,    0.2459,    0.2752,    0.2714,    0.2969,    0.3115,    0.3079,    0.3166,    0.3110,    0.3077,    0.3104,    0.3065,    0.3173,    0.2528,    0.2479,    0.2375,    0.2374,    0.2274,    0.2080,    0.2228,    0.2207,    0.2258,    0.2298,    0.2330,    0.2362,    0.2443,    0.2380,    0.2303,    0.2272,    0.2241,    0.2199,    0.2116,    0.2004,    0.1938,    0.1935,    0.1883,    0.1848,    0.5554,    0.5293,    0.5345,    0.5043,    0.4796,    0.4504,    0.4289,    0.4396,    0.4409,    0.4177,    0.3959,    0.3750,    0.5724,    0.5240,    0.5028,    0.4651,    0.4237,    0.3977,    0.3732,    0.3381,    0.3102,    0.2801,    0.2564,    0.2306,    0.5460,    0.3525,    0.1938,    0.1334,    0.1125,    0.0908,    0.0630,    0.0474,    0.0322,    0.0234,    0.0165,    0.0118,    0.0676,    0.0453,    0.0481,    0.0450,    0.0467,    0.0439,    0.0474,    0.0567,    0.0495,    0.0681,    0.0603,    0.0698,    0.0772,    0.0630,    0.0919,    0.1027,    0.0828,    0.1131,    0.1650,    0.1718,    0.1495,    0.0803,    0.1353,    0.1432,    0.1753,    0.1874,    0.1939,    0.2063,    0.2170,    0.2296,    0.2390,    0.2847,    0.3212,    0.2929,    0.2816,    0.2878,    0.5007,    0.5467,    0.5741,    0.5972,    0.6184,    0.6649,    0.6193,    0.6991,    0.6914,    0.7116,    0.6755,    0.7261,    1.5607,    1.5445,    1.5716,    1.6908,    1.7098,    1.6403,    1.6978,    1.7411,    1.7765,    1.6522,    1.6281,    1.6907,    4.2742,    4.4364,    4.3869,    4.2547,    3.9309,    3.6874,    3.2379,    2.9796,    2.8650,    2.5121,    1.9307,    1.7941,    1.3843,    1.6835,    1.2853,    1.2286,    0.8298,    0.6034,    0.4886,    0.1966,    0.1738,    0.1238,    0.0431,    0.0352,    0.0000,    0.0000,    0.0000,    0.0000,    0.0000,    0.0000,    0.0000,    0.2297,    1.4303,    1.3160,    0.3767,    1.2759,    2.5675,    3.3004,    3.4948,    3.4716,    3.7182,    4.2257,    4.3062,    4.3185,    4.2982,    4.2492,    4.1717,    4.0618,    1.3941,    1.3792,    1.3676,    1.3536,    1.3397,    1.3291,    1.3220,    1.3071,    1.2917,    1.2882,    1.2708,    1.2713,    0.9718,    0.9648,    0.9573,    0.9474,    0.9379,    0.9287,    0.9179,    0.9075,    0.8967,    0.8849,    0.8708,    0.8543,    0.8762,    0.8514,    0.8528,    0.8055,    0.7956,    0.7842,    0.7542,    0.7148,    0.6940,    0.6567,    0.6394,    0.6274,    1.6967,    1.6235,    1.5516,    1.4377,    1.3711,    1.2499,    1.1913,    1.1368,    1.0882,    1.0357,    0.9509,    0.9012,    1.3067,    1.1927,    1.1033,    0.9790,    0.8900,    0.7980,    0.7122,    0.6461,    0.5787,    0.5243,    0.4741,    0.4283,    1.0699,    0.8129,    0.6391,    0.4557,    0.3021,    0.1994,    0.1387,    0.0924,    0.0640,    0.0429,    0.0287,    0.0188,    0.0095,    0.0000,    0.0255,    0.0461,    0.0435,    0.0397,    0.0447,    0.0597,    0.0532,    0.0733,    0.0648,    0.0781,    0.0857,    0.0696,    0.1004,    0.1096,    0.0822,    0.0517,    0.0059,    0.0133,    0.0686,    0.0831,    0.1550,    0.1626,    0.2014,    0.2154,    0.2230,    0.2369,    0.2398,    0.2452,    0.2275,    0.2048,    0.1797,    0.2159,    0.3035,    0.3079,    0.5701,    0.6228,    0.6520,    0.6611,    0.6483,    0.7197,    0.6918,    0.7625,    0.6997,    0.7931,    0.7499,    0.7980,    1.7286,    1.6863,    1.7517,    1.8198,    1.8316,    1.7660,    1.8282,    1.8748,    1.9129,    1.7778,    1.7532,    1.8206,    4.6020,    4.2524,    4.2049,    4.0780,    3.7674,    3.5339,    3.1029,    2.8552,    2.7451,    2.4067,    1.8494,    1.7184,    1.3256,    1.0656,    0.8129,    0.7764,    0.5238,    0.3804,    0.3076,    0.1236,    0.1091,    0.0775,    0.0269,    0.0219
    2,    1.2500,  227.5722,    0.4814,   52.3618,   76.9583,   25.1136,   21.9265,  158.4330,  163.5827,  163.6723,  163.8293,  164.1029,  164.5732,  165.3648,  166.6602,  168.4872,  170.9519,  174.2721,  178.5564,  183.8814,  190.3071,  197.9049,  205.8548,  212.8059,  218.1105,  222.1140,  224.8330,  226.3589,  227.0949,  227.3721,  227.5098,  227.5598,    0.0705,    0.2675,    0.5658,    0.9364,    1.3541,    1.7971,    2.2470,    2.4075,    2.5462,    2.8661,    3.3954,    2.6858,    1.9623,    1.9967,    1.7458,    0.9439,    0.4748,    0.8853,    0.9428,    0.9085,    0.8423,    0.7522,    0.6578,    0.6007,    0.2298,    0.2571,    0.2533,    0.2768,    0.2900,    0.2862,    0.2930,    0.2873,    0.2824,    0.2863,    0.2783,    0.2906,    0.2343,    0.2337,    0.2283,    0.2292,    0.2207,    0.2050,    0.2165,    0.2137,    0.2171,    0.2180,    0.2170,    0.2171,    0.2222,    0.2157,    0.2110,    0.2042,    0.2012,    0.1972,    0.1870,    0.1758,    0.1696,    0.1676,    0.1629,    0.1597,    0.4914,    0.4677,    0.4749,    0.4429,    0.4207,    0.3860,    0.3674,    0.3820,    0.3866,    0.3657,    0.3426,    0.3243,    0.4936,    0.4513,    0.4372,    0.4017,    0.3656,    0.3440,    0.3232,    0.2925,    0.2681,    0.2421,    0.2219,    0.1995,    0.4701,    0.3006,    0.1621,    0.1110,    0.0944,    0.0769,    0.0532,    0.0403,    0.0274,    0.0201,    0.0142,    0.0102,    0.0647,    0.0447,    0.0453,    0.0415,    0.0434,    0.0407,    0.0440,    0.0521,    0.0455,    0.0626,    0.0554,    0.0641,    0.0710,    0.0579,    0.0845,    0.0945,    0.0765,    0.1059,    0.1588,    0.1647,    0.1417,    0.0742,    0.1244,    0.1317,    0.1612,    0.1722,    0.1782,    0.1896,    0.2007,    0.2127,    0.2220,    0.2658,    0.3012,    0.2733,    0.2606,    0.2665,    0.4632,    0.5058,    0.5311,    0.5530,    0.5736,    0.6160,    0.5733,    0.6528,    0.6466,    0.6639,    0.6304,    0.6778,    1.4565,    1.4420,    1.4663,    1.5928,    1.6109,    1.5452,    1.5993,    1.6402,    1.6735,    1.5564,    1.5337,    1.5927,    4.0265,    4.2533,    4.2059,    4.0793,    3.7689,    3.5356,    3.1047,    2.8572,    2.7474,    2.4091,    1.8517,    1.7209,    1.3279,    1.6795,    1.2824,    1.2261,    0.8283,    0.6025,    0.4880,    0.1964,    0.1737,    0.1238,    0.0431,    0.0352,    0.0000,    0.0000,    0.0000,    0.0000,    0.0000,    0.0000,    0.0000,    0.2812,    1.6584,    1.5479,    0.4597,    1.4815,    2.8178,    3.4864,    3.6672,    3.6340,    3.8206,    4.2557,    4.3190,    4.3286,    4.3081,    4.2607,    4.1872,    4.0873,    1.4057,    1.3912,    1.3794,    1.3652,    1.3511,    1.3395,    1.3301,    1.3150,    1.2995,    1.2932,    1.2757,    1.2726,    0.9721,    0.9649,    0.9573,    0.9474,    0.9379,    0.9287,    0.9179,    0.9075,    0.8968,    0.8850,    0.8712,    0.8554,    0.8800,    0.8584,    0.8574,    0.8181,    0.8077,    0.7963,    0.7694,    0.7360,    0.7172,    0.6835,    0.6672,    0.6553,    1.7770,    1.7008,    1.6286,    1.5150,    1.4451,    1.3206,    1.2587,    1.2047,    1.1547,    1.0984,    1.0101,    0.9575,    1.3917,    1.2714,    1.1776,    1.0454,    0.9509,    0.8563,    0.7662,    0.6950,    0.6231,    0.5643,    0.5100,    0.4606,    1.1489,    0.8660,    0.6715,    0.4780,    0.3199,    0.2129,    0.1481,    0.0991,    0.0685,    0.0459,    0.0308,    0.0203,    0.0081,    0.0000,    0.0220,    0.0397,    0.0363,    0.0332,    0.0373,    0.0516,    0.0460,    0.0633,    0.0560,    0.0685,    0.0751,    0.0610,    0.0880,    0.0960,    0.0709,    0.0442,    0.0050,    0.0112,    0.0591,    0.0718,    0.1372,    0.1440,    0.1784,    0.1908,    0.1975,    0.2098,    0.2114,    0.2161,    0.2003,    0.1797,    0.1574,    0.1895,    0.2675,    0.2713,    0.5071,    0.5540,    0.5800,    0.5879,    0.5763,    0.6399,    0.6154,    0.6801,    0.6237,    0.7075,    0.6689,    0.7118,    1.5419,    1.5041,    1.5626,    1.6238,    1.6342,    1.5757,    1.6312,    1.6729,    1.7069,    1.5862,    1.5643,    1.6245,    4.1063,    3.7431,    3.7013,    3.5897,    3.3164,    3.1109,    2.7315,    2.5135,    2.4167,    2.1189,    1.6283,    1.5131,    1.1673,    0.8942,    0.6822,    0.6516,    0.4397,    0.3194,    0.2583,    0.1038,    0.0916,    0.0651,    0.0226,    0.0184
    2,    1.5000,  227.5722,    0.5018,   49.6846,   73.9289,   24.7674,   18.7488,  158.4330,  163.5827,  163.6723,  163.8293,  164.1029,  164.5732,  165.3648,  166.6602,  168.4872,  170.9519,  174.2721,  178.5564,  183.8814,  190.3071,  197.9049,  205.8548,  212.8059,  218.1105,  222.1140,  224.8330,  226.3589,  227.0949,  227.3721,  227.5098,  227.5598,    0.0705,    0.2675,    0.5658,    0.9364,    1.3541,    1.7971,    2.2470,    2.3582,    2.4846,    2.7916,    3.3163,    2.5075,    1.8723,    1.9219,    1.6760,    0.8732,    0.4043,    0.8515,    0.9125,    0.8808,    0.8159,    0.7257,    0.6305,    0.5714,    0.2180,    0.2439,    0.2400,    0.2621,    0.2743,    0.2703,    0.2759,    0.2702,    0.2640,    0.2685,    0.2575,    0.2702,    0.2195,    0.2219,    0.2203,    0.2220,    0.2147,    0.2022,    0.2108,    0.2075,    0.2096,    0.2080,    0.2041,    0.2023,    0.2056,    0.1992,    0.1964,    0.1874,    0.1844,    0.1806,    0.1691,    0.1582,    0.1525,    0.1494,    0.1450,    0.1421,    0.4463,    0.4241,    0.4323,    0.3995,    0.3789,    0.3399,    0.3233,    0.3408,    0.3474,    0.3283,    0.3040,    0.2875,    0.4359,    0.3981,    0.3892,    0.3548,    0.3225,    0.3043,    0.2859,    0.2585,    0.2367,    0.2135,    0.1960,    0.1760,    0.4133,    0.2622,    0.1392,    0.0949,    0.0811,    0.0664,    0.0459,    0.0350,    0.0237,    0.0176,    0.0125,    0.0089,    0.0623,    0.0442,    0.0432,    0.0389,    0.0410,    0.0385,    0.0416,    0.0487,    0.0425,    0.0584,    0.0517,    0.0597,    0.0661,    0.0540,    0.0788,    0.0881,    0.0718,    0.1002,    0.1534,    0.1587,    0.1355,    0.0695,    0.1158,    0.1226,    0.1500,    0.1603,    0.1659,    0.1765,    0.1881,    0.1995,    0.2087,    0.2508,    0.2852,    0.2578,    0.2443,    0.2499,    0.4335,    0.4734,    0.4972,    0.5180,    0.5380,    0.5773,    0.5369,    0.6160,    0.6109,    0.6261,    0.5945,    0.6395,    1.3738,    1.3607,    1.3829,    1.5152,    1.5325,    1.4699,    1.5214,    1.5603,    1.5920,    1.4806,    1.4590,    1.5152,    3.8304,    4.1126,    4.0668,    3.9445,    3.6444,    3.4189,    3.0023,    2.7630,    2.6570,    2.3300,    1.7909,    1.6645,    1.2845,    1.6770,    1.2807,    1.2247,    0.8275,    0.6020,    0.4878,    0.1964,    0.1737,    0.1239,    0.0431,    0.0353,    0.0000,    0.0000,    0.0000,    0.0000,    0.0000,    0.0000,    0.0000,    0.3305,    1.8514,    1.7516,    0.5388,    1.6598,    3.0069,    3.6058,    3.7767,    3.7506,    3.8921,    4.2728,    4.3273,    4.3353,    4.3145,    4.2681,    4.1971,    4.1024,    1.4125,    1.3984,    1.3864,    1.3723,    1.3581,    1.3459,    1.3352,    1.3201,    1.3046,    1.2966,    1.2790,    1.2737,    0.9724,    0.9651,    0.9573,    0.9474,    0.9379,    0.9287,    0.9179,    0.9075,    0.8968,    0.8850,    0.8715,    0.8563,    0.8827,    0.8633,    0.8606,    0.8267,    0.8160,    0.8045,    0.7802,    0.7511,    0.7337,    0.7028,    0.6874,    0.6755,    1.8339,    1.7556,    1.6825,    1.5707,    1.4985,    1.3727,    1.3084,    1.2547,    1.2031,    1.1441,    1.0541,    0.9993,    1.4552,    1.3302,    1.2329,    1.0953,    0.9967,    0.9002,    0.8070,    0.7319,    0.6567,    0.5945,    0.5373,    0.4851,    1.2085,    0.9055,    0.6948,    0.4941,    0.3329,    0.2230,    0.1550,    0.1041,    0.0719,    0.0483,    0.0324,    0.0215,    0.0070,    0.0000,    0.0191,    0.0346,    0.0307,    0.0280,    0.0315,    0.0450,    0.0401,    0.0553,    0.0489,    0.0606,    0.0665,    0.0540,    0.0779,    0.0850,    0.0618,    0.0382,    0.0042,    0.0095,    0.0514,    0.0626,    0.1227,    0.1287,    0.1595,    0.1705,    0.1766,    0.1876,    0.1880,    0.1921,    0.1779,    0.1590,    0.1390,    0.1678,    0.2379,    0.2413,    0.4550,    0.4971,    0.5203,    0.5273,    0.5166,    0.5738,    0.5520,    0.6111,    0.5601,    0.6358,    0.6011,    0.6396,    1.3856,    1.3515,    1.4043,    1.4581,    1.4675,    1.4150,    1.4649,    1.5023,    1.5328,    1.4245,    1.4048,    1.4588,    3.6876,    3.3118,    3.2748,    3.1761,    2.9343,    2.7525,    2.4169,    2.2241,    2.1384,    1.8750,    1.4410,    1.3390,    1.0331,    0.7523,    0.5740,    0.5483,    0.3700,    0.2688,    0.2174,    0.0874,    0.0771,    0.0548,    0.0190,    0.0155
    2,    1.7500,  227.5722,    0.5180,   47.5757,   71.5255,   24.4788,   15.8163,  158.4330,  163.5827,  163.6723,  163.8293,  164.1029,  164.5732,  165.3648,  166.6602,  168.4872,  170.9519,  174.2721,  178.5564,  183.8814,  190.3071,  197.9049,  205.8548,  212.8059,  218.1105,  222.1140,  224.8330,  226.3589,  227.0949,  227.3721,  227.5098,  227.5598,    0.0705,    0.2675,    0.5658,    0.9364,    1.3541,    1.7971,    2.2470,    2.3109,    2.4317,    2.7270,    3.2408,    2.3515,    1.8037,    1.8625,    1.6211,    0.8237,    0.3525,    0.8251,    0.8891,    0.8596,    0.7956,    0.7053,    0.6094,    0.5487,    0.2089,    0.2336,    0.2297,    0.2508,    0.2622,    0.2582,    0.2628,    0.2571,    0.2501,    0.2548,    0.2415,    0.2540,    0.2073,    0.2119,    0.2134,    0.2156,    0.2094,    0.1996,    0.2057,    0.2019,    0.2030,    0.1994,    0.1935,    0.1905,    0.1926,    0.1864,    0.1849,    0.1745,    0.1715,    0.1678,    0.1554,    0.1450,    0.1397,    0.1359,    0.1318,    0.1291,    0.4125,    0.3915,    0.4001,    0.3670,    0.3477,    0.3053,    0.2902,    0.3099,    0.3177,    0.2999,    0.2748,    0.2596,    0.3920,    0.3576,    0.3525,    0.3187,    0.2894,    0.2737,    0.2571,    0.2322,    0.2123,    0.1914,    0.1759,    0.1578,    0.3692,    0.2327,    0.1221,    0.0827,    0.0709,    0.0584,    0.0402,    0.0309,    0.0209,    0.0156,    0.0111,    0.0079,    0.0602,    0.0437,    0.0415,    0.0369,    0.0393,    0.0369,    0.0399,    0.0461,    0.0401,    0.0552,    0.0489,    0.0563,    0.0623,    0.0509,    0.0743,    0.0831,    0.0682,    0.0956,    0.1487,    0.1535,    0.1304,    0.0660,    0.1089,    0.1153,    0.1411,    0.1508,    0.1560,    0.1660,    0.1780,    0.1890,    0.1980,    0.2387,    0.2720,    0.2452,    0.2313,    0.2368,    0.4096,    0.4473,    0.4698,    0.4898,    0.5092,    0.5460,    0.5076,    0.5863,    0.5819,    0.5956,    0.5656,    0.6085,    1.3071,    1.2950,    1.3156,    1.4529,    1.4695,    1.4094,    1.4588,    1.4960,    1.5265,    1.4197,    1.3990,    1.4528,    3.6728,    4.0031,    3.9586,    3.8395,    3.5475,    3.3280,    2.9226,    2.6898,    2.5866,    2.2684,    1.7437,    1.6207,    1.2508,    1.6755,    1.2797,    1.2239,    0.8271,    0.6018,    0.4877,    0.1964,    0.1738,    0.1239,    0.0432,    0.0353,    0.0000,    0.0000,    0.0000,    0.0000,    0.0000,    0.0000,    0.0000,    0.3778,    2.0150,    1.9309,    0.6143,    1.8159,    3.1517,    3.6845,    3.8484,    3.8373,    3.9449,    4.2839,    4.3331,    4.3400,    4.3191,    4.2734,    4.2040,    4.1125,    1.4170,    1.4032,    1.3911,    1.3770,    1.3629,    1.3504,    1.3388,    1.3238,    1.3083,    1.2991,    1.2816,    1.2746,    0.9727,    0.9652,    0.9574,    0.9474,    0.9379,    0.9287,    0.9179,    0.9076,    0.8968,    0.8851,    0.8718,    0.8571,    0.8847,    0.8668,    0.8629,    0.8328,    0.8219,    0.8104,    0.7882,    0.7622,    0.7460,    0.7174,    0.7026,    0.6908,    1.8756,    1.7957,    1.7214,    1.6122,    1.5383,    1.4127,    1.3464,    1.2928,    1.2396,    1.1785,    1.0880,    1.0315,    1.5044,    1.3757,    1.2755,    1.1343,    1.0323,    0.9344,    0.8389,    0.7608,    0.6830,    0.6182,    0.5588,    0.5043,    1.2550,    0.9360,    0.7123,    0.5063,    0.3428,    0.2308,    0.1604,    0.1081,    0.0746,    0.0502,    0.0337,    0.0224,    0.0060,    0.0000,    0.0167,    0.0303,    0.0261,    0.0238,    0.0268,    0.0396,    0.0353,    0.0487,    0.0430,    0.0541,    0.0593,    0.0482,    0.0695,    0.0757,    0.0543,    0.0332,    0.0036,    0.0081,    0.0450,    0.0550,    0.1105,    0.1159,    0.1436,    0.1536,    0.1590,    0.1689,    0.1684,    0.1720,    0.1590,    0.1417,    0.1236,    0.1496,    0.2129,    0.2159,    0.4108,    0.4488,    0.4698,    0.4760,    0.4660,    0.5179,    0.4983,    0.5522,    0.5058,    0.5747,    0.5433,    0.5780,    1.2523,    1.2213,    1.2692,    1.3159,    1.3242,    1.2769,    1.3219,    1.3557,    1.3832,    1.2855,    1.2677,    1.3165,    3.3278,    2.9414,    2.9086,    2.8209,    2.6062,    2.4448,    2.1467,    1.9755,    1.8995,    1.6655,    1.2800,    1.1895,    0.9177,    0.6342,    0.4839,    0.4622,    0.3119,    0.2266,    0.1833,    0.0737,    0.0650,    0.0463,    0.0161,    0.0131
    2,    2.0000,  227.5722,    0.5310,   45.8586,   69.5962,   24.2726,   13.1397,  158.4330,  163.5827,  163.6723,  163.8293,  164.1029,  164.5732,  165.3648,  166.6602,  168.4872,  170.9519,  174.2721,  178.5564,  183.8814,  190.3071,  197.9049,  205.8548,  212.8059,  218.1105,  222.1140,  224.8330,  226.3589,  227.0949,  227.3721,  227.5098,  227.5598,    0.0705,    0.2675,    0.5658,    0.9364,    1.3541,    1.7971,    2.2470,    2.2654,    2.3857,    2.6706,    3.1687,    2.2138,    1.7494,    1.8136,    1.5763,    0.7874,    0.3129,    0.8038,    0.8704,    0.8426,    0.7795,    0.6891,    0.5926,    0.5305,    0.2016,    0.2254,    0.2215,    0.2418,    0.2526,    0.2485,    0.2523,    0.2467,    0.2390,    0.2438,    0.2288,    0.2409,    0.1970,    0.2033,    0.2072,    0.2098,    0.2046,    0.1973,    0.2010,    0.1969,    0.1971,    0.1920,    0.1846,    0.1808,    0.1822,    0.1762,    0.1756,    0.1642,    0.1612,    0.1577,    0.1445,    0.1347,    0.1298,    0.1255,    0.1217,    0.1191,    0.3861,    0.3661,    0.3747,    0.3418,    0.3234,    0.2786,    0.2647,    0.2859,    0.2945,    0.2776,    0.2520,    0.2379,    0.3576,    0.3258,    0.3236,    0.2901,    0.2632,    0.2494,    0.2342,    0.2113,    0.1929,    0.1737,    0.1597,    0.1432,    0.3341,    0.2093,    0.1087,    0.0733,    0.0629,    0.0519,    0.0357,    0.0275,    0.0186,    0.0140,    0.0099,    0.0071,    0.0584,    0.0432,    0.0402,    0.0353,    0.0381,    0.0358,    0.0386,    0.0440,    0.0383,    0.0527,    0.0467,    0.0535,    0.0593,    0.0484,    0.0707,    0.0791,    0.0654,    0.0919,    0.1445,    0.1490,    0.1262,    0.0633,    0.1033,    0.1094,    0.1338,    0.1430,    0.1480,    0.1574,    0.1700,    0.1805,    0.1894,    0.2287,    0.2610,    0.2348,    0.2209,    0.2262,    0.3901,    0.4260,    0.4475,    0.4668,    0.4856,    0.5205,    0.4836,    0.5620,    0.5582,    0.5708,    0.5420,    0.5833,    1.2527,    1.2413,    1.2606,    1.4022,    1.4183,    1.3602,    1.4079,    1.4439,    1.4732,    1.3702,    1.3502,    1.4021,    3.5447,    3.9171,    3.8736,    3.7571,    3.4714,    3.2567,    2.8600,    2.6323,    2.5313,    2.2200,    1.7065,    1.5862,    1.2243,    1.6747,    1.2792,    1.2235,    0.8269,    0.6018,    0.4878,    0.1965,    0.1739,    0.1240,    0.0432,    0.0353,    0.0000,    0.0000,    0.0000,    0.0000,    0.0000,    0.0000,    0.0000,    0.4233,    2.1541,    2.0890,    0.6864,    1.9537,    3.2638,    3.7379,    3.8969,    3.9033,    3.9855,    4.2918,    4.3375,    4.3435,    4.3225,    4.2773,    4.2091,    4.1197,    1.4202,    1.4066,    1.3944,    1.3805,    1.3664,    1.3536,    1.3415,    1.3265,    1.3110,    1.3010,    1.2835,    1.2754,    0.9729,    0.9653,    0.9574,    0.9474,    0.9380,    0.9287,    0.9179,    0.9076,    0.8968,    0.8852,    0.8721,    0.8577,    0.8864,    0.8695,    0.8647,    0.8374,    0.8263,    0.8148,    0.7942,    0.7707,    0.7553,    0.7287,    0.7144,    0.7027,    1.9069,    1.8260,    1.7503,    1.6439,    1.5687,    1.4443,    1.3766,    1.3226,    1.2678,    1.2051,    1.1148,    1.0570,    1.5436,    1.4120,    1.3090,    1.1654,    1.0609,    0.9617,    0.8645,    0.7840,    0.7042,    0.6373,    0.5760,    0.5198,    1.2921,    0.9601,    0.7259,    0.5157,    0.3507,    0.2370,    0.1647,    0.1112,    0.0767,    0.0517,    0.0347,    0.0232,    0.0053,    0.0000,    0.0147,    0.0267,    0.0223,    0.0203,    0.0229,    0.0351,    0.0313,    0.0431,    0.0381,    0.0485,    0.0532,    0.0432,    0.0623,    0.0679,    0.0480,    0.0291,    0.0031,    0.0070,    0.0396,    0.0486,    0.1000,    0.1049,    0.1300,    0.1390,    0.1439,    0.1529,    0.1515,    0.1547,    0.1429,    0.1269,    0.1105,    0.1340,    0.1916,    0.1943,    0.3728,    0.4073,    0.4263,    0.4318,    0.4226,    0.4698,    0.4522,    0.5012,    0.4588,    0.5217,    0.4932,    0.5247,    1.1368,    1.1085,    1.1522,    1.1920,    1.1995,    1.1568,    1.1975,    1.2281,    1.2531,    1.1645,    1.1484,    1.1926,    3.0146,    2.6200,    2.5907,    2.5127,    2.3215,    2.1777,    1.9122,    1.7597,    1.6920,    1.4836,    1.1403,    1.0597,    0.8176,    0.5355,    0.4086,    0.3903,    0.2634,    0.1914,    0.1548,    0.0622,    0.0549,    0.0391,    0.0136,    0.0111
