Particle       ,data/QEXT_96IR_84_VIS_graph_mix
Ncase          ,  14
dt (sols)      ,  0.020833
Qext 0.67um    ,  1.331000
Alb sfc        ,  0.220000
Conrath nu     ,  0.002000
Sun Flux (W/m2),148.389262
BWN IR (cm-1)  ,     10.0000,     58.3330,     82.5000,    106.6670,    130.8330,    155.0000,    179.1670,    203.3330,    227.5000,    251.6670,    275.8330,    300.0000,    320.7880,    341.5750,    362.3630,    383.1500,    403.9380,    424.7250,    445.5130,    466.3010,    487.0880,    507.8760,    528.6630,    549.4510,    556.7420,    564.0330,    571.3240,    578.6150,    585.9060,    593.1970,    600.4880,    607.7790,    615.0700,    622.3610,    629.6520,    636.9430,    642.5500,    648.1570,    653.7640,    659.3700,    664.9770,    670.5840,    676.1910,    681.7980,    687.4050,    693.0110,    698.6180,    704.2250,    710.1390,    716.0530,    721.9670,    727.8810,    733.7950,    739.7090,    745.6240,    751.5380,    757.4520,    763.3660,    769.2800,    775.1940,    791.5010,    807.8070,    824.1140,    840.4210,    856.7270,    873.0340,    889.3410,    905.6470,    921.9540,    938.2610,    954.5670,    970.8740,    996.8050,   1022.7370,   1048.6680,   1074.6000,   1100.5310,   1126.4630,   1152.3940,   1178.3250,   1204.2570,   1230.1880,   1256.1200,   1282.0510,   1360.3990,   1438.7460,   1517.0940,   1595.4410,   1673.7890,   1752.1370,   1830.4840,   1908.8320,   1987.1790,   2065.5270,   2143.8740,   2222.2220
BWN VIS (cm-1) ,   2222.2200,   2366.4120,   2438.5080,   2510.6030,   2582.6990,   2654.7950,   2726.8910,   2798.9870,   2871.0820,   2943.1780,   3015.2740,   3087.3700,   3165.9750,   3244.5800,   3323.1850,   3401.7900,   3480.3950,   3559.0000,   3637.6050,   3716.2100,   3794.8150,   3873.4200,   3952.0250,   4030.6300,   4142.2920,   4253.9530,   4365.6150,   4477.2770,   4588.9380,   4700.6000,   4812.2620,   4923.9230,   5035.5850,   5147.2470,   5258.9080,   5370.5700,   5560.6150,   5750.6600,   5940.7050,   6130.7500,   6320.7950,   6510.8400,   6700.8850,   6890.9300,   7080.9750,   7271.0200,   7461.0650,   7651.1100,   8055.1840,   8459.2580,   8863.3330,   9267.4070,   9671.4810,  10075.5550,  10479.6290,  10883.7030,  11287.7780,  11691.8520,  12095.9260,  12500.0000,  13541.6670,  14583.3330,  15625.0000,  16666.6670,  17708.3330,  18750.0000,  19791.6670,  20833.3330,  21875.0000,  22916.6670,  23958.3330,  25000.0000,  26388.8890,  27777.7780,  29166.6670,  30555.5570,  31944.4460,  33333.3350,  34722.2240,  36111.1130,  37500.0030,  38888.8920,  40277.7810,  41666.6700
================
wavelenght [um],    0.244068,    0.252632,    0.261818,    0.271698,    0.282353,    0.293878,    0.306383,    0.320000,    0.334884,    0.351220,    0.369231,    0.389189,    0.408511,    0.426667,    0.446512,    0.468293,    0.492308,    0.518919,    0.548571,    0.581818,    0.619355,    0.662069,    0.711111,    0.768000,    0.813143,    0.840768,    0.870336,    0.902060,    0.936184,    0.972991,    1.012810,    1.056028,    1.103099,    1.154562,    1.211061,    1.273375,    1.323436,    1.357581,    1.393534,    1.431444,    1.471474,    1.513807,    1.558648,    1.606226,    1.656801,    1.710664,    1.768147,    1.829628,    1.881560,    1.921939,    1.964090,    2.008131,    2.054193,    2.102417,    2.152960,    2.205992,    2.261704,    2.320302,    2.382017,    2.447105,    2.505432,    2.555765,    2.608162,    2.662752,    2.719677,    2.779088,    2.841153,    2.906054,    2.973989,    3.045176,    3.119855,    3.198288,    3.277268,    3.356577,    3.439819,    3.527294,    3.619334,    3.716307,    3.818620,    3.926726,    4.041130,    4.162400,    4.291175,    4.428172,    4.580751,    4.751270,    4.934974,    5.133456,    5.348572,    5.582505,    5.837838,    6.117648,    6.425631,    6.766266,    7.145039,    7.568734,    7.879690,    8.044056,    8.215425,    8.394255,    8.581043,    8.776330,    8.980716,    9.194848,    9.419442,    9.655282,    9.903235,   10.164260,   10.387231,   10.566200,   10.751445,   10.943308,   11.142136,   11.348323,   11.562291,   11.784476,   12.015368,   12.255495,   12.505409,   12.765727,   12.949392,   13.049328,   13.150818,   13.253898,   13.358608,   13.464994,   13.573088,   13.682923,   13.794549,   13.908012,   14.023357,   14.140631,   14.256763,   14.371646,   14.488386,   14.607038,   14.727660,   14.850291,   14.974981,   15.101782,   15.230738,   15.361915,   15.495384,   15.631191,   15.790367,   15.974275,   16.162517,   16.355249,   16.552633,   16.754839,   16.962047,   17.174443,   17.392227,   17.615605,   17.844795,   18.080028,   18.550914,   19.294981,   20.101230,   20.977796,   21.934298,   22.982219,   24.135264,   25.410119,   26.827165,   28.411593,   30.194923,   32.217118,   34.732292,   37.914692,   41.739101,   46.421699,   52.287582,   59.850314,   69.970927,   84.210526,  105.726686,  142.012170,  216.216216,  452.826771
Qext           ,      4.4560,      6.2550,      7.5890,      7.9630,      7.1270,      5.6860,      4.6640,      4.1210,      3.4960,      2.8400,      2.1510,      1.7900,      1.7460,      1.7030,      1.6590,      1.6100,      1.5560,      1.4990,      1.4510,      1.4050,      1.3600,      1.3310,      1.3030,      1.2820,      1.2700,      1.2640,      1.2590,      1.2550,      1.2520,      1.2510,      1.2500,      1.2510,      1.2450,      1.2370,      1.2400,      1.2410,      1.2340,      1.2150,      1.2000,      1.2100,      1.2230,      1.2410,      1.2480,      1.2350,      1.2090,      1.1800,      1.1820,      1.2210,      1.2460,      1.2530,      1.2510,      1.2460,      1.2580,      1.2500,      1.1980,      1.1980,      1.2010,      1.1620,      1.1910,      1.2110,      1.2140,      1.2200,      1.2740,      1.2840,      1.2630,      1.2480,      1.2800,      1.2810,      1.2400,      1.1910,      1.2010,      1.2150,      1.1750,      1.1270,      1.1480,      1.1920,      1.2060,      1.1780,      1.1790,      1.2510,      1.3010,      1.2930,      1.2580,      1.2820,      1.3400,      1.3250,      1.2520,      1.2180,      1.2510,      1.2320,      1.1460,      1.1050,      1.1510,      1.1830,      1.1390,      1.1140,      1.1520,      1.2110,      1.3160,      1.4270,      1.9660,      2.9480,      3.9500,      4.7350,      5.5360,      7.9380,     13.9680,     19.0090,     22.1230,     25.1380,     27.3740,     24.6760,     21.1020,     16.3250,     11.0530,      7.0390,      5.5530,      4.6010,      4.1010,      4.4120,      4.5250,      4.2760,      4.0260,      3.7730,      3.7730,      3.5180,      3.2470,      2.9590,      2.6680,      2.3750,      2.0790,      2.1760,      2.3250,      2.4740,      2.6250,      2.9080,      3.3230,      3.3230,      3.7400,      4.1620,      4.5360,      4.7810,      5.0270,      5.2760,      5.4540,      5.4110,      5.3820,      5.3750,      5.4020,      5.4200,      5.8990,      6.6250,      7.6110,      9.2330,     10.9950,     13.2220,     17.3260,     24.4850,     29.1090,     28.4470,     23.1920,     16.1400,      9.4480,      5.0370,      3.3110,      2.9360,      2.5680,      1.7550,      0.9010,      0.4710,      0.5700,      0.6800,      0.4280,      0.3150,      0.3150,      0.3150,      0.3150,      0.3150,      0.3150,      0.3150
Qscat          ,      0.3420,      0.4890,      0.5840,      0.5930,      0.5000,      0.3620,      0.2620,      0.2030,      0.1440,      0.0930,      0.0510,      0.0340,      0.0310,      0.0290,      0.0270,      0.0240,      0.0220,      0.0200,      0.0180,      0.0170,      0.0150,      0.0130,      0.0130,      0.0130,      0.0130,      0.0130,      0.0130,      0.0130,      0.0130,      0.0130,      0.0130,      0.0130,      0.0120,      0.0120,      0.0120,      0.0120,      0.0120,      0.0120,      0.0120,      0.0120,      0.0120,      0.0120,      0.0120,      0.0120,      0.0120,      0.0120,      0.0120,      0.0120,      0.0120,      0.0130,      0.0130,      0.0120,      0.0130,      0.0130,      0.0120,      0.0120,      0.0120,      0.0120,      0.0120,      0.0120,      0.0120,      0.0120,      0.0130,      0.0130,      0.0130,      0.0120,      0.0130,      0.0130,      0.0120,      0.0120,      0.0120,      0.0120,      0.0120,      0.0110,      0.0110,      0.0120,      0.0120,      0.0120,      0.0120,      0.0130,      0.0130,      0.0130,      0.0130,      0.0130,      0.0130,      0.0130,      0.0130,      0.0120,      0.0130,      0.0120,      0.0110,      0.0110,      0.0120,      0.0120,      0.0110,      0.0110,      0.0120,      0.0120,      0.0130,      0.0140,      0.0200,      0.0290,      0.0390,      0.0470,      0.0550,      0.0790,      0.1400,      0.1900,      0.2210,      0.2510,      0.2740,      0.2470,      0.2110,      0.1630,      0.1110,      0.0700,      0.0560,      0.0460,      0.0410,      0.0440,      0.0450,      0.0430,      0.0400,      0.0380,      0.0380,      0.0350,      0.0320,      0.0300,      0.0270,      0.0240,      0.0210,      0.0220,      0.0230,      0.0250,      0.0260,      0.0290,      0.0330,      0.0330,      0.0370,      0.0420,      0.0450,      0.0480,      0.0500,      0.0530,      0.0550,      0.0540,      0.0540,      0.0540,      0.0540,      0.0540,      0.0590,      0.0660,      0.0760,      0.0920,      0.1100,      0.1320,      0.1730,      0.2450,      0.2910,      0.2840,      0.2320,      0.1610,      0.0940,      0.0500,      0.0330,      0.0290,      0.0260,      0.0180,      0.0090,      0.0050,      0.0060,      0.0070,      0.0040,      0.0030,      0.0030,      0.0030,      0.0030,      0.0030,      0.0030,      0.0030
G factor       ,   -0.0000,   -0.0000,   -0.0000,   -0.0000,    0.0000,    0.0000,    0.0000,    0.0000,    0.0000,    0.0000,    0.0000,    0.0000,   -0.0000,   -0.0000,   -0.0000,   -0.0000,   -0.0000,   -0.0000,   -0.0000,   -0.0000,    0.0000,    0.0000,   -0.0000,   -0.0000,   -0.0000,   -0.0000,   -0.0000,   -0.0000,   -0.0000,   -0.0000,   -0.0000,   -0.0000,   -0.0000,   -0.0000,   -0.0000,   -0.0000,   -0.0000,   -0.0000,   -0.0000,   -0.0000,   -0.0000,   -0.0000,   -0.0000,   -0.0000,   -0.0000,   -0.0000,    0.0000,    0.0000,   -0.0000,   -0.0000,   -0.0000,   -0.0000,   -0.0000,   -0.0000,    0.0000,    0.0000,    0.0000,    0.0000,    0.0000,    0.0000,    0.0000,    0.0000,   -0.0000,   -0.0010,   -0.0020,   -0.0010,   -0.0010,   -0.0010,   -0.0010,   -0.0010,   -0.0010,   -0.0000,   -0.0000,   -0.0010,   -0.0000,   -0.0000,   -0.0000,   -0.0000,   -0.0000,   -0.0000,   -0.0000,   -0.0000,   -0.0000,   -0.0000,   -0.0000,   -0.0000,   -0.0000,   -0.0000,   -0.0010,   -0.0000,   -0.0000,   -0.0010,   -0.0010,   -0.0000,   -0.0000,   -0.0000,   -0.0000,   -0.0000,   -0.0000,   -0.0000,    0.0000,    0.0000,    0.0000,    0.0000,    0.0000,    0.0000,    0.0000,    0.0000,    0.0000,    0.0000,   -0.0000,   -0.0000,   -0.0000,   -0.0000,   -0.0000,   -0.0000,   -0.0000,   -0.0000,   -0.0000,   -0.0000,   -0.0000,   -0.0000,    0.0000,    0.0000,    0.0000,    0.0000,    0.0000,    0.0000,    0.0000,    0.0000,    0.0000,    0.0000,    0.0000,    0.0000,    0.0000,    0.0000,    0.0000,    0.0000,    0.0000,    0.0000,    0.0000,    0.0000,    0.0000,    0.0000,    0.0000,    0.0000,    0.0000,    0.0000,    0.0000,    0.0000,    0.0000,    0.0000,    0.0000,    0.0000,    0.0000,    0.0000,    0.0000,    0.0000,    0.0000,    0.0000,    0.0000,    0.0000,    0.0000,    0.0000,    0.0000,    0.0000,    0.0000,   -0.0000,   -0.0000,   -0.0000,    0.0000,    0.0000,    0.0000,    0.0000,    0.0000,    0.0000,    0.0000,    0.0000,    0.0000,    0.0000
================
P [mbar]       ,    0.1004,    0.1015,    0.1034,    0.1069,    0.1130,    0.1239,    0.1432,    0.1740,    0.2226,    0.3028,    0.4349,    0.6529,    1.0121,    1.6044,    2.4646,    3.4606,    4.3994,    5.2226,    5.8426,    6.2132,    6.3980,    6.4686,    6.5039,    6.5168
Temp initial[K],  163.5827,  163.6723,  163.8293,  164.1029,  164.5732,  165.3648,  166.6602,  168.4872,  170.9519,  174.2721,  178.5564,  183.8814,  190.3071,  197.9049,  205.8548,  212.8059,  218.1105,  222.1140,  224.8330,  226.3589,  227.0949,  227.3721,  227.5098,  227.5598
================
it   ,   tau    ,  Tsfc    ,   alb    ,   OLR    ,    ASR   ,  NET top ,  NET bot , T lev  01, T lev  02, T lev  03, T lev  04, T lev  05, T lev  06, T lev  07, T lev  08, T lev  09, T lev  10, T lev  11, T lev  12, T lev  13, T lev  14, T lev  15, T lev  16, T lev  17, T lev  18, T lev  19, T lev  20, T lev  21, T lev  22, T lev  23, T lev  24, T lev  25,  OLR IR01,  OLR IR02,  OLR IR03,  OLR IR04,  OLR IR05,  OLR IR06,  OLR IR07,  OLR IR08,  OLR IR09,  OLR IR10,  OLR IR11,  OLR IR12,  OLR IR13,  OLR IR14,  OLR IR15,  OLR IR16,  OLR IR17,  OLR IR18,  OLR IR19,  OLR IR20,  OLR IR21,  OLR IR22,  OLR IR23,  OLR IR24,  OLR IR25,  OLR IR26,  OLR IR27,  OLR IR28,  OLR IR29,  OLR IR30,  OLR IR31,  OLR IR32,  OLR IR33,  OLR IR34,  OLR IR35,  OLR IR36,  OLR IR37,  OLR IR38,  OLR IR39,  OLR IR40,  OLR IR41,  OLR IR42,  OLR IR43,  OLR IR44,  OLR IR45,  OLR IR46,  OLR IR47,  OLR IR48,  OLR IR49,  OLR IR50,  OLR IR51,  OLR IR52,  OLR IR53,  OLR IR54,  OLR IR55,  OLR IR56,  OLR IR57,  OLR IR58,  OLR IR59,  OLR IR60,  OLR IR61,  OLR IR62,  OLR IR63,  OLR IR64,  OLR IR65,  OLR IR66,  OLR IR67,  OLR IR68,  OLR IR69,  OLR IR70,  OLR IR71,  OLR IR72,  OLR IR73,  OLR IR74,  OLR IR75,  OLR IR76,  OLR IR77,  OLR IR78,  OLR IR79,  OLR IR80,  OLR IR81,  OLR IR82,  OLR IR83,  OLR IR84,  OLR IR85,  OLR IR86,  OLR IR87,  OLR IR88,  OLR IR89,  OLR IR90,  OLR IR91,  OLR IR92,  OLR IR93,  OLR IR94,  OLR IR95,  OLR IR96, ASR VIS01, ASR VIS02, ASR VIS03, ASR VIS04, ASR VIS05, ASR VIS06, ASR VIS07, ASR VIS08, ASR VIS09, ASR VIS10, ASR VIS11, ASR VIS12, ASR VIS13, ASR VIS14, ASR VIS15, ASR VIS16, ASR VIS17, ASR VIS18, ASR VIS19, ASR VIS20, ASR VIS21, ASR VIS22, ASR VIS23, ASR VIS24, ASR VIS25, ASR VIS26, ASR VIS27, ASR VIS28, ASR VIS29, ASR VIS30, ASR VIS31, ASR VIS32, ASR VIS33, ASR VIS34, ASR VIS35, ASR VIS36, ASR VIS37, ASR VIS38, ASR VIS39, ASR VIS40, ASR VIS41, ASR VIS42, ASR VIS43, ASR VIS44, ASR VIS45, ASR VIS46, ASR VIS47, ASR VIS48, ASR VIS49, ASR VIS50, ASR VIS51, ASR VIS52, ASR VIS53, ASR VIS54, ASR VIS55, ASR VIS56, ASR VIS57, ASR VIS58, ASR VIS59, ASR VIS60, ASR VIS61, ASR VIS62, ASR VIS63, ASR VIS64, ASR VIS65, ASR VIS66, ASR VIS67, ASR VIS68, ASR VIS69, ASR VIS70, ASR VIS71, ASR VIS72, ASR VIS73, ASR VIS74, ASR VIS75, ASR VIS76, ASR VIS77, ASR VIS78, ASR VIS79, ASR VIS80, ASR VIS81, ASR VIS82, ASR VIS83, ASR VIS84, SFC DIR01, SFC DIR02, SFC DIR03, SFC DIR04, SFC DIR05, SFC DIR06, SFC DIR07, SFC DIR08, SFC DIR09, SFC DIR10, SFC DIR11, SFC DIR12, SFC DIR13, SFC DIR14, SFC DIR15, SFC DIR16, SFC DIR17, SFC DIR18, SFC DIR19, SFC DIR20, SFC DIR21, SFC DIR22, SFC DIR23, SFC DIR24, SFC DIR25, SFC DIR26, SFC DIR27, SFC DIR28, SFC DIR29, SFC DIR30, SFC DIR31, SFC DIR32, SFC DIR33, SFC DIR34, SFC DIR35, SFC DIR36, SFC DIR37, SFC DIR38, SFC DIR39, SFC DIR40, SFC DIR41, SFC DIR42, SFC DIR43, SFC DIR44, SFC DIR45, SFC DIR46, SFC DIR47, SFC DIR48, SFC DIR49, SFC DIR50, SFC DIR51, SFC DIR52, SFC DIR53, SFC DIR54, SFC DIR55, SFC DIR56, SFC DIR57, SFC DIR58, SFC DIR59, SFC DIR60, SFC DIR61, SFC DIR62, SFC DIR63, SFC DIR64, SFC DIR65, SFC DIR66, SFC DIR67, SFC DIR68, SFC DIR69, SFC DIR70, SFC DIR71, SFC DIR72, SFC DIR73, SFC DIR74, SFC DIR75, SFC DIR76, SFC DIR77, SFC DIR78, SFC DIR79, SFC DIR80, SFC DIR81, SFC DIR82, SFC DIR83, SFC DIR84, SFC DIR85, SFC DIR86, SFC DIR87, SFC DIR88, SFC DIR89, SFC DIR90, SFC DIR91, SFC DIR92, SFC DIR93, SFC DIR94, SFC DIR95, SFC DIR96,SFC DVIS01,SFC DVIS02,SFC DVIS03,SFC DVIS04,SFC DVIS05,SFC DVIS06,SFC DVIS07,SFC DVIS08,SFC DVIS09,SFC DVIS10,SFC DVIS11,SFC DVIS12,SFC DVIS13,SFC DVIS14,SFC DVIS15,SFC DVIS16,SFC DVIS17,SFC DVIS18,SFC DVIS19,SFC DVIS20,SFC DVIS21,SFC DVIS22,SFC DVIS23,SFC DVIS24,SFC DVIS25,SFC DVIS26,SFC DVIS27,SFC DVIS28,SFC DVIS29,SFC DVIS30,SFC DVIS31,SFC DVIS32,SFC DVIS33,SFC DVIS34,SFC DVIS35,SFC DVIS36,SFC DVIS37,SFC DVIS38,SFC DVIS39,SFC DVIS40,SFC DVIS41,SFC DVIS42,SFC DVIS43,SFC DVIS44,SFC DVIS45,SFC DVIS46,SFC DVIS47,SFC DVIS48,SFC DVIS49,SFC DVIS50,SFC DVIS51,SFC DVIS52,SFC DVIS53,SFC DVIS54,SFC DVIS55,SFC DVIS56,SFC DVIS57,SFC DVIS58,SFC DVIS59,SFC DVIS60,SFC DVIS61,SFC DVIS62,SFC DVIS63,SFC DVIS64,SFC DVIS65,SFC DVIS66,SFC DVIS67,SFC DVIS68,SFC DVIS69,SFC DVIS70,SFC DVIS71,SFC DVIS72,SFC DVIS73,SFC DVIS74,SFC DVIS75,SFC DVIS76,SFC DVIS77,SFC DVIS78,SFC DVIS79,SFC DVIS80,SFC DVIS81,SFC DVIS82,SFC DVIS83,SFC DVIS84
    2,    0.0000,  227.5722,    0.2192,  139.8688,  115.8602,  -23.5218,  -14.0680,  158.4330,  163.5827,  163.6723,  163.8293,  164.1029,  164.5732,  165.3648,  166.6602,  168.4872,  170.9519,  174.2721,  178.5564,  183.8814,  190.3071,  197.9049,  205.8548,  212.8059,  218.1105,  222.1140,  224.8330,  226.3589,  227.0949,  227.3721,  227.5098,  227.5598,    0.0705,    0.2675,    0.5658,    0.9364,    1.3541,    1.7971,    2.2470,    2.6886,    3.1100,    3.5012,    3.8550,    4.1668,    3.7991,    3.9662,    4.1036,    4.2111,    4.2902,    4.3412,    4.3666,    4.3674,    4.3455,    4.3031,    4.2365,    4.1377,    1.4329,    1.4160,    1.3937,    1.3544,    1.3064,    1.2531,    1.1042,    1.0903,    1.0331,    0.8812,    0.8657,    0.6804,    0.4286,    0.3613,    0.2973,    0.2859,    0.2660,    0.2237,    0.2586,    0.2615,    0.2793,    0.3166,    0.3804,    0.4522,    0.5746,    0.6344,    0.5305,    0.6851,    0.6744,    0.6698,    0.6769,    0.7426,    0.7550,    0.7683,    0.7700,    0.7628,    2.0538,    1.9716,    1.9052,    1.8274,    1.7484,    1.6691,    1.5919,    1.5151,    1.4407,    1.3665,    1.2937,    1.2291,    1.8278,    1.6842,    1.5339,    1.3924,    1.2741,    1.1725,    1.0662,    0.9681,    0.8777,    0.7928,    0.7079,    0.6374,    1.5840,    1.1437,    0.8293,    0.5901,    0.4167,    0.2922,    0.2036,    0.1383,    0.0940,    0.0622,    0.0416,    0.0303,    0.0906,    0.0482,    0.0759,    0.0854,    0.0957,    0.0892,    0.0975,    0.1096,    0.0962,    0.1325,    0.1172,    0.1283,    0.1417,    0.1155,    0.1680,    0.1868,    0.1536,    0.1833,    0.2065,    0.2237,    0.2252,    0.1502,    0.2398,    0.2533,    0.3110,    0.3324,    0.3440,    0.3658,    0.3756,    0.3940,    0.4010,    0.4565,    0.4953,    0.4717,    0.4852,    0.4943,    0.8433,    0.9209,    0.9663,    0.9993,    1.0234,    1.1077,    1.0381,    1.1064,    1.0804,    1.1314,    1.0733,    1.1507,    2.4780,    2.4450,    2.4989,    2.5384,    2.5644,    2.4626,    2.5489,    2.6139,    2.6670,    2.4800,    2.4441,    2.5380,    6.4157,    6.1123,    6.0433,    5.8603,    5.4132,    5.0767,    4.4565,    4.0997,    3.9404,    3.4535,    2.6528,    2.4637,    1.8993,    1.7458,    1.3311,    1.2705,    0.8565,    0.6215,    0.5021,    0.2015,    0.1776,    0.1261,    0.0437,    0.0355,    0.0000,    0.0000,    0.0000,    0.0000,    0.0000,    0.0000,    0.0000,    0.0000,    0.0000,    0.0000,    0.0000,    0.0000,    0.0000,    0.0000,    0.0000,    0.0000,    0.0000,    0.0000,    0.0000,    0.0004,    0.0013,    0.0042,    0.0316,    0.1224,    0.0337,    0.0553,    0.0951,    0.1939,    0.3170,    0.4390,    0.7874,    0.8078,    0.8986,    1.0611,    1.1127,    1.2540,    0.9696,    0.9641,    0.9572,    0.9473,    0.9378,    0.9287,    0.9178,    0.9074,    0.8966,    0.8844,    0.8683,    0.8421,    0.8025,    0.6764,    0.7395,    0.4977,    0.5022,    0.4908,    0.4247,    0.2470,    0.1814,    0.1031,    0.0612,    0.0469,    0.0933,    0.0788,    0.0260,    0.0119,    0.0030,    0.0028,    0.0017,    0.0056,    0.0100,    0.0182,    0.0292,    0.0235,    0.0278,    0.0056,    0.0259,    0.0458,    0.0328,    0.0004,    0.0000,    0.0000,    0.0000,    0.0031,    0.0165,    0.0171,    0.0171,    0.0171,    0.0000,    0.0000,    0.0000,    0.0000,    0.0000,    0.0035,    0.0040,    0.0054,    0.0048,    0.0010,    0.0230,    0.0000,    0.0598,    0.1073,    0.1213,    0.1109,    0.1245,    0.1385,    0.1233,    0.1698,    0.1501,    0.1645,    0.1806,    0.1466,    0.2118,    0.2312,    0.1878,    0.1215,    0.0145,    0.0325,    0.1583,    0.1897,    0.3065,    0.3218,    0.3984,    0.4260,    0.4410,    0.4686,    0.4796,    0.4909,    0.4572,    0.4157,    0.3661,    0.4375,    0.6076,    0.6165,    1.0804,    1.1803,    1.2358,    1.2540,    1.2316,    1.3659,    1.3119,    1.3949,    1.2823,    1.4502,    1.3714,    1.4595,    3.1611,    3.0848,    3.2030,    3.2531,    3.2743,    3.1567,    3.2678,    3.3511,    3.4192,    3.1776,    3.1334,    3.2539,    8.2247,    7.8363,    7.7478,    7.5132,    6.9399,    6.5086,    5.7135,    5.2561,    5.0518,    4.4276,    3.4010,    3.1586,    2.4350,    2.2382,    1.7066,    1.6288,    1.0981,    0.7968,    0.6438,    0.2584,    0.2277,    0.1616,    0.0560,    0.0455
    2,    0.0500,  227.5722,    0.1790,  121.6158,  121.8218,    0.6938,   12.6633,  158.4330,  163.5827,  163.6723,  163.8293,  164.1029,  164.5732,  165.3648,  166.6602,  168.4872,  170.9519,  174.2721,  178.5564,  183.8814,  190.3071,  197.9049,  205.8548,  212.8059,  218.1105,  222.1140,  224.8330,  226.3589,  227.0949,  227.3721,  227.5098,  227.5598,    0.0704,    0.2668,    0.5643,    0.9339,    1.3501,    1.7915,    2.2396,    2.6760,    3.0855,    3.4768,    3.8316,    4.1167,    3.7079,    3.8242,    3.9310,    4.0058,    3.9732,    3.7741,    3.4822,    3.2097,    3.0101,    2.9275,    2.9799,    3.1360,    1.1416,    1.1651,    1.1789,    1.1794,    1.1603,    1.1304,    1.0180,    1.0057,    0.9576,    0.8274,    0.8163,    0.6575,    0.4203,    0.3571,    0.2957,    0.2846,    0.2651,    0.2234,    0.2578,    0.2606,    0.2782,    0.3145,    0.3760,    0.4443,    0.5597,    0.6148,    0.5148,    0.6527,    0.6395,    0.6314,    0.6330,    0.6847,    0.6939,    0.6996,    0.6958,    0.6846,    1.8452,    1.7814,    1.6970,    1.5880,    1.4637,    1.2726,    1.0835,    0.9375,    0.8321,    0.7498,    0.7322,    0.7288,    1.1418,    1.1626,    1.2237,    1.1830,    1.1045,    1.0372,    0.9710,    0.9082,    0.8373,    0.7587,    0.6796,    0.6129,    1.5235,    1.0977,    0.7936,    0.5647,    0.3990,    0.2791,    0.1936,    0.1313,    0.0893,    0.0590,    0.0393,    0.0285,    0.0912,    0.0482,    0.0780,    0.0893,    0.1000,    0.0929,    0.1016,    0.1143,    0.1004,    0.1380,    0.1220,    0.1338,    0.1479,    0.1205,    0.1751,    0.1948,    0.1603,    0.1869,    0.2067,    0.2243,    0.2306,    0.1569,    0.2504,    0.2643,    0.3246,    0.3467,    0.3585,    0.3817,    0.3919,    0.4105,    0.4165,    0.4697,    0.5064,    0.4857,    0.5065,    0.5158,    0.8806,    0.9604,    1.0075,    1.0419,    1.0656,    1.1553,    1.0839,    1.1544,    1.1234,    1.1807,    1.1203,    1.2014,    2.5886,    2.5525,    2.6108,    2.6527,    2.6797,    2.5738,    2.6641,    2.7322,    2.7879,    2.5927,    2.5557,    2.6545,    6.7126,    6.3996,    6.3332,    6.1465,    5.6851,    5.3394,    4.6938,    4.3255,    4.1641,    3.6547,    2.8111,    2.6142,    2.0180,    1.8734,    1.4526,    1.4062,    0.9596,    0.7032,    0.5776,    0.2365,    0.2108,    0.1492,    0.0509,    0.0403,    0.0015,    0.0057,    0.0120,    0.0197,    0.0282,    0.0372,    0.0460,    0.0739,    0.1333,    0.1251,    0.1131,    0.2281,    0.3899,    0.5749,    0.6662,    0.7551,    1.0981,    1.8072,    2.5547,    3.0521,    3.2819,    3.2611,    2.9915,    2.4991,    0.7333,    0.6569,    0.6036,    0.5927,    0.6308,    0.6851,    0.9221,    0.9313,    0.9946,    1.1151,    1.1494,    1.2565,    0.9697,    0.9641,    0.9572,    0.9473,    0.9378,    0.9287,    0.9178,    0.9074,    0.8966,    0.8844,    0.8684,    0.8431,    0.8098,    0.6947,    0.7529,    0.5408,    0.5471,    0.5397,    0.4872,    0.3432,    0.2876,    0.2284,    0.1994,    0.1926,    0.4805,    0.4269,    0.4030,    0.4361,    0.4957,    0.6627,    0.8132,    0.8937,    0.9175,    0.9136,    0.8356,    0.7413,    1.0071,    0.7516,    0.4667,    0.3371,    0.2647,    0.1838,    0.1268,    0.0781,    0.0517,    0.0458,    0.0510,    0.0463,    0.0869,    0.0671,    0.0369,    0.0249,    0.0165,    0.0117,    0.0086,    0.0092,    0.0077,    0.0078,    0.0064,    0.0022,    0.0209,    0.0000,    0.0542,    0.0972,    0.1103,    0.1014,    0.1138,    0.1264,    0.1126,    0.1556,    0.1378,    0.1505,    0.1647,    0.1339,    0.1935,    0.2105,    0.1704,    0.1103,    0.0132,    0.0295,    0.1436,    0.1722,    0.2794,    0.2935,    0.3634,    0.3892,    0.4038,    0.4278,    0.4380,    0.4483,    0.4159,    0.3779,    0.3331,    0.3979,    0.5525,    0.5609,    0.9848,    1.0791,    1.1300,    1.1441,    1.1214,    1.2425,    1.1940,    1.2713,    1.1698,    1.3241,    1.2507,    1.3290,    2.8771,    2.8078,    2.9160,    2.9598,    2.9779,    2.8711,    2.9720,    3.0476,    3.1087,    2.8882,    2.8470,    2.9550,    7.4625,    7.0987,    7.0036,    6.7771,    6.2390,    5.8310,    5.1004,    4.6720,    4.4723,    3.9056,    2.9902,    2.7681,    2.1271,    1.9034,    1.3794,    1.2550,    0.8088,    0.5645,    0.4236,    0.1532,    0.1272,    0.0928,    0.0355,    0.0329
    2,    0.1000,  227.5722,    0.1471,  111.4805,  126.5566,   15.5651,   19.0277,  158.4330,  163.5827,  163.6723,  163.8293,  164.1029,  164.5732,  165.3648,  166.6602,  168.4872,  170.9519,  174.2721,  178.5564,  183.8814,  190.3071,  197.9049,  205.8548,  212.8059,  218.1105,  222.1140,  224.8330,  226.3589,  227.0949,  227.3721,  227.5098,  227.5598,    0.0702,    0.2662,    0.5629,    0.9313,    1.3462,    1.7860,    2.2324,    2.6635,    3.0618,    3.4530,    3.8087,    4.0686,    3.6238,    3.6977,    3.7795,    3.8287,    3.7187,    3.3911,    3.0096,    2.7101,    2.5101,    2.4229,    2.4615,    2.6248,    0.9713,    1.0060,    1.0332,    1.0526,    1.0497,    1.0345,    0.9482,    0.9369,    0.8958,    0.7827,    0.7747,    0.6372,    0.4126,    0.3531,    0.2941,    0.2833,    0.2642,    0.2231,    0.2571,    0.2597,    0.2770,    0.3125,    0.3717,    0.4367,    0.5459,    0.5966,    0.5003,    0.6237,    0.6085,    0.5977,    0.5951,    0.6356,    0.6422,    0.6424,    0.6346,    0.6209,    1.6746,    1.6238,    1.5285,    1.4023,    1.2566,    1.0280,    0.8268,    0.6903,    0.6002,    0.5335,    0.5220,    0.5235,    0.8304,    0.8790,    1.0083,    1.0215,    0.9690,    0.9254,    0.8884,    0.8539,    0.7996,    0.7267,    0.6530,    0.5897,    1.4663,    1.0543,    0.7600,    0.5408,    0.3824,    0.2668,    0.1842,    0.1247,    0.0849,    0.0559,    0.0371,    0.0269,    0.0918,    0.0482,    0.0798,    0.0925,    0.1036,    0.0960,    0.1051,    0.1182,    0.1039,    0.1427,    0.1261,    0.1385,    0.1531,    0.1247,    0.1811,    0.2015,    0.1659,    0.1900,    0.2069,    0.2249,    0.2350,    0.1626,    0.2593,    0.2736,    0.3361,    0.3589,    0.3709,    0.3951,    0.4056,    0.4244,    0.4296,    0.4808,    0.5156,    0.4975,    0.5243,    0.5339,    0.9119,    0.9939,    1.0425,    1.0778,    1.1010,    1.1952,    1.1223,    1.1948,    1.1596,    1.2222,    1.1600,    1.2440,    2.6814,    2.6428,    2.7047,    2.7486,    2.7763,    2.6670,    2.7607,    2.8312,    2.8892,    2.6870,    2.6490,    2.7517,    6.9603,    6.6386,    6.5733,    6.3827,    5.9082,    5.5534,    4.8860,    4.5068,    4.3425,    3.8142,    2.9358,    2.7320,    2.1105,    1.9679,    1.5347,    1.4904,    1.0186,    0.7469,    0.6132,    0.2504,    0.2227,    0.1581,    0.0542,    0.0429,    0.0030,    0.0113,    0.0237,    0.0389,    0.0558,    0.0735,    0.0911,    0.1456,    0.2604,    0.2452,    0.2225,    0.4425,    0.7357,    1.0575,    1.2124,    1.3596,    1.8838,    2.7844,    3.4801,    3.8042,    3.9079,    3.8712,    3.6964,    3.3337,    1.0441,    0.9616,    0.8899,    0.8406,    0.8383,    0.8556,    1.0187,    1.0202,    1.0640,    1.1543,    1.1762,    1.2584,    0.9699,    0.9642,    0.9572,    0.9473,    0.9378,    0.9287,    0.9178,    0.9074,    0.8966,    0.8844,    0.8685,    0.8439,    0.8163,    0.7109,    0.7645,    0.5776,    0.5848,    0.5801,    0.5378,    0.4199,    0.3721,    0.3268,    0.3063,    0.3035,    0.7777,    0.6992,    0.6897,    0.7420,    0.8228,    1.0158,    1.1465,    1.1866,    1.1751,    1.1427,    1.0633,    0.9730,    1.3722,    1.1059,    0.7515,    0.5514,    0.4431,    0.3312,    0.2344,    0.1481,    0.0994,    0.0855,    0.0833,    0.0738,    0.1526,    0.1142,    0.0717,    0.0485,    0.0321,    0.0228,    0.0166,    0.0146,    0.0112,    0.0101,    0.0080,    0.0033,    0.0190,    0.0000,    0.0492,    0.0880,    0.1004,    0.0928,    0.1041,    0.1153,    0.1029,    0.1427,    0.1265,    0.1377,    0.1502,    0.1222,    0.1768,    0.1916,    0.1547,    0.1001,    0.0120,    0.0268,    0.1303,    0.1564,    0.2547,    0.2677,    0.3315,    0.3556,    0.3697,    0.3905,    0.3999,    0.4093,    0.3782,    0.3435,    0.3031,    0.3619,    0.5024,    0.5103,    0.8977,    0.9865,    1.0332,    1.0438,    1.0211,    1.1302,    1.0867,    1.1587,    1.0672,    1.2088,    1.1405,    1.2103,    2.6185,    2.5557,    2.6548,    2.6930,    2.7083,    2.6114,    2.7030,    2.7715,    2.8265,    2.6252,    2.5867,    2.6837,    6.7709,    6.4305,    6.3308,    6.1130,    5.6089,    5.2239,    4.5530,    4.1529,    3.9593,    3.4451,    2.6290,    2.4260,    1.8582,    1.6188,    1.1151,    0.9671,    0.5958,    0.4000,    0.2789,    0.0910,    0.0712,    0.0534,    0.0225,    0.0237
    2,    0.1500,  227.5722,    0.1214,  104.7076,  130.3664,   26.1488,   19.6760,  158.4330,  163.5827,  163.6723,  163.8293,  164.1029,  164.5732,  165.3648,  166.6602,  168.4872,  170.9519,  174.2721,  178.5564,  183.8814,  190.3071,  197.9049,  205.8548,  212.8059,  218.1105,  222.1140,  224.8330,  226.3589,  227.0949,  227.3721,  227.5098,  227.5598,    0.0701,    0.2656,    0.5615,    0.9288,    1.3423,    1.7806,    2.2252,    2.6514,    3.0388,    3.4298,    3.7863,    4.0224,    3.5459,    3.5845,    3.6460,    3.6748,    3.5118,    3.1215,    2.7271,    2.4442,    2.2593,    2.1721,    2.1924,    2.3291,    0.8639,    0.8996,    0.9306,    0.9583,    0.9644,    0.9583,    0.8910,    0.8804,    0.8446,    0.7452,    0.7394,    0.6190,    0.4055,    0.3493,    0.2925,    0.2821,    0.2634,    0.2228,    0.2564,    0.2589,    0.2759,    0.3105,    0.3677,    0.4296,    0.5330,    0.5798,    0.4869,    0.5976,    0.5808,    0.5681,    0.5621,    0.5937,    0.5981,    0.5943,    0.5838,    0.5686,    1.5340,    1.4922,    1.3909,    1.2563,    1.1027,    0.8693,    0.6823,    0.5643,    0.4887,    0.4333,    0.4221,    0.4217,    0.6672,    0.7122,    0.8549,    0.8954,    0.8599,    0.8323,    0.8167,    0.8045,    0.7646,    0.6968,    0.6279,    0.5679,    1.4122,    1.0133,    0.7283,    0.5182,    0.3666,    0.2551,    0.1754,    0.1186,    0.0807,    0.0531,    0.0351,    0.0254,    0.0923,    0.0482,    0.0812,    0.0952,    0.1066,    0.0986,    0.1081,    0.1216,    0.1069,    0.1467,    0.1296,    0.1424,    0.1575,    0.1282,    0.1862,    0.2072,    0.1705,    0.1925,    0.2071,    0.2253,    0.2388,    0.1673,    0.2667,    0.2814,    0.3458,    0.3691,    0.3813,    0.4065,    0.4172,    0.4362,    0.4405,    0.4901,    0.5234,    0.5073,    0.5393,    0.5490,    0.9383,    1.0221,    1.0720,    1.1080,    1.1307,    1.2286,    1.1545,    1.2288,    1.1901,    1.2573,    1.1933,    1.2798,    2.7593,    2.7185,    2.7835,    2.8289,    2.8573,    2.7451,    2.8416,    2.9142,    2.9740,    2.7660,    2.7271,    2.8330,    7.1669,    6.8373,    6.7722,    6.5775,    6.0911,    5.7279,    5.0415,    4.6524,    4.4847,    3.9405,    3.0340,    2.8243,    2.1825,    2.0381,    1.5903,    1.5428,    1.0526,    0.7705,    0.6303,    0.2561,    0.2273,    0.1616,    0.0557,    0.0445,    0.0045,    0.0168,    0.0352,    0.0578,    0.0828,    0.1090,    0.1351,    0.2151,    0.3816,    0.3607,    0.3284,    0.6440,    1.0425,    1.4634,    1.6611,    1.8446,    2.4493,    3.3269,    3.8494,    4.0396,    4.0842,    4.0434,    3.9176,    3.6649,    1.1914,    1.1227,    1.0559,    0.9978,    0.9775,    0.9749,    1.0885,    1.0848,    1.1147,    1.1831,    1.1960,    1.2600,    0.9700,    0.9642,    0.9572,    0.9473,    0.9378,    0.9287,    0.9178,    0.9074,    0.8966,    0.8844,    0.8686,    0.8447,    0.8220,    0.7252,    0.7747,    0.6090,    0.6165,    0.6135,    0.5790,    0.4813,    0.4398,    0.4043,    0.3894,    0.3887,    1.0072,    0.9135,    0.9094,    0.9649,    1.0440,    1.2140,    1.2997,    1.3042,    1.2712,    1.2247,    1.1486,    1.0658,    1.5314,    1.2883,    0.9400,    0.7109,    0.5815,    0.4504,    0.3262,    0.2110,    0.1436,    0.1224,    0.1135,    0.0997,    0.2145,    0.1586,    0.1043,    0.0706,    0.0469,    0.0332,    0.0242,    0.0196,    0.0144,    0.0122,    0.0095,    0.0044,    0.0172,    0.0000,    0.0446,    0.0798,    0.0913,    0.0848,    0.0952,    0.1053,    0.0940,    0.1308,    0.1161,    0.1259,    0.1370,    0.1116,    0.1615,    0.1744,    0.1403,    0.0908,    0.0109,    0.0244,    0.1182,    0.1420,    0.2322,    0.2441,    0.3024,    0.3249,    0.3385,    0.3565,    0.3652,    0.3738,    0.3440,    0.3122,    0.2757,    0.3292,    0.4569,    0.4642,    0.8183,    0.9019,    0.9448,    0.9523,    0.9298,    1.0281,    0.9890,    1.0560,    0.9736,    1.1037,    1.0401,    1.1021,    2.3832,    2.3262,    2.4169,    2.4502,    2.4632,    2.3752,    2.4583,    2.5204,    2.5698,    2.3861,    2.3502,    2.4372,    6.1434,    5.8252,    5.7226,    5.5140,    5.0424,    4.6800,    4.0644,    3.6914,    3.5052,    3.0389,    2.3115,    2.1262,    1.6232,    1.3767,    0.9014,    0.7454,    0.4390,    0.2836,    0.1838,    0.0541,    0.0399,    0.0308,    0.0143,    0.0172
    2,    0.2000,  227.5722,    0.1006,   99.6794,  133.4570,   34.2686,   18.3135,  158.4330,  163.5827,  163.6723,  163.8293,  164.1029,  164.5732,  165.3648,  166.6602,  168.4872,  170.9519,  174.2721,  178.5564,  183.8814,  190.3071,  197.9049,  205.8548,  212.8059,  218.1105,  222.1140,  224.8330,  226.3589,  227.0949,  227.3721,  227.5098,  227.5598,    0.0699,    0.2650,    0.5601,    0.9264,    1.3385,    1.7752,    2.2181,    2.6394,    3.0164,    3.4073,    3.7644,    3.9780,    3.4737,    3.4829,    3.5277,    3.5405,    3.3414,    2.9242,    2.5416,    2.2789,    2.1066,    2.0202,    2.0273,    2.1392,    0.7914,    0.8249,    0.8557,    0.8863,    0.8972,    0.8968,    0.8434,    0.8333,    0.8016,    0.7134,    0.7091,    0.6027,    0.3988,    0.3458,    0.2910,    0.2810,    0.2625,    0.2225,    0.2557,    0.2581,    0.2748,    0.3086,    0.3638,    0.4228,    0.5209,    0.5642,    0.4746,    0.5741,    0.5561,    0.5418,    0.5333,    0.5577,    0.5604,    0.5537,    0.5413,    0.5253,    1.4170,    1.3817,    1.2774,    1.1400,    0.9860,    0.7612,    0.5926,    0.4899,    0.4245,    0.3764,    0.3650,    0.3625,    0.5703,    0.6064,    0.7428,    0.7958,    0.7711,    0.7543,    0.7541,    0.7596,    0.7318,    0.6687,    0.6042,    0.5472,    1.3609,    0.9746,    0.6985,    0.4969,    0.3517,    0.2441,    0.1672,    0.1128,    0.0768,    0.0505,    0.0333,    0.0240,    0.0927,    0.0482,    0.0824,    0.0975,    0.1091,    0.1008,    0.1106,    0.1244,    0.1094,    0.1501,    0.1325,    0.1457,    0.1612,    0.1312,    0.1905,    0.2119,    0.1744,    0.1946,    0.2072,    0.2257,    0.2419,    0.1713,    0.2730,    0.2879,    0.3539,    0.3778,    0.3902,    0.4160,    0.4269,    0.4461,    0.4497,    0.4978,    0.5299,    0.5155,    0.5518,    0.5616,    0.9605,    1.0460,    1.0970,    1.1335,    1.1556,    1.2566,    1.1815,    1.2573,    1.2158,    1.2869,    1.2214,    1.3099,    2.8246,    2.7821,    2.8497,    2.8963,    2.9251,    2.8105,    2.9093,    2.9838,    3.0450,    2.8320,    2.7923,    2.9009,    7.3392,    7.0026,    6.9370,    6.7383,    6.2411,    5.8700,    5.1674,    4.7694,    4.5982,    4.0406,    3.1114,    2.8967,    2.2386,    2.0903,    1.6281,    1.5755,    1.0724,    0.7834,    0.6387,    0.2585,    0.2291,    0.1632,    0.0565,    0.0454,    0.0059,    0.0221,    0.0464,    0.0762,    0.1092,    0.1437,    0.1782,    0.2826,    0.4971,    0.4718,    0.4309,    0.8334,    1.3148,    1.8051,    2.0303,    2.2348,    2.8593,    3.6380,    4.0167,    4.1376,    4.1583,    4.1166,    4.0118,    3.8175,    1.2670,    1.2123,    1.1554,    1.0996,    1.0724,    1.0596,    1.1396,    1.1322,    1.1522,    1.2045,    1.2108,    1.2613,    0.9701,    0.9643,    0.9572,    0.9473,    0.9378,    0.9287,    0.9178,    0.9074,    0.8966,    0.8845,    0.8687,    0.8454,    0.8271,    0.7379,    0.7836,    0.6360,    0.6433,    0.6412,    0.6127,    0.5307,    0.4942,    0.4658,    0.4544,    0.4544,    1.1858,    1.0831,    1.0791,    1.1293,    1.1964,    1.3313,    1.3794,    1.3618,    1.3173,    1.2639,    1.1897,    1.1115,    1.6127,    1.3907,    1.0682,    0.8310,    0.6899,    0.5472,    0.4046,    0.2676,    0.1845,    0.1568,    0.1419,    0.1240,    0.2729,    0.2004,    0.1351,    0.0916,    0.0609,    0.0431,    0.0314,    0.0244,    0.0175,    0.0143,    0.0108,    0.0054,    0.0156,    0.0000,    0.0404,    0.0723,    0.0830,    0.0776,    0.0871,    0.0961,    0.0859,    0.1198,    0.1066,    0.1152,    0.1249,    0.1019,    0.1475,    0.1587,    0.1273,    0.0824,    0.0099,    0.0221,    0.1072,    0.1289,    0.2117,    0.2226,    0.2758,    0.2968,    0.3100,    0.3255,    0.3335,    0.3413,    0.3129,    0.2838,    0.2508,    0.2994,    0.4154,    0.4223,    0.7459,    0.8246,    0.8639,    0.8689,    0.8466,    0.9352,    0.9001,    0.9624,    0.8882,    1.0076,    0.9485,    1.0036,    2.1690,    2.1173,    2.2004,    2.2293,    2.2402,    2.1604,    2.2357,    2.2921,    2.3364,    2.1687,    2.1353,    2.2133,    5.5741,    5.2768,    5.1728,    4.9737,    4.5331,    4.1927,    3.6282,    3.2813,    3.1032,    2.6807,    2.0323,    1.8634,    1.4181,    1.1709,    0.7288,    0.5746,    0.3236,    0.2011,    0.1213,    0.0322,    0.0224,    0.0178,    0.0091,    0.0124
    2,    0.3000,  227.5722,    0.0697,   92.4453,  138.0407,   46.0885,   13.7241,  158.4330,  163.5827,  163.6723,  163.8293,  164.1029,  164.5732,  165.3648,  166.6602,  168.4872,  170.9519,  174.2721,  178.5564,  183.8814,  190.3071,  197.9049,  205.8548,  212.8059,  218.1105,  222.1140,  224.8330,  226.3589,  227.0949,  227.3721,  227.5098,  227.5598,    0.0696,    0.2638,    0.5573,    0.9215,    1.3311,    1.7648,    2.2042,    2.6162,    2.9738,    3.3638,    3.7219,    3.8944,    3.3443,    3.3085,    3.3287,    3.3185,    3.0800,    2.6582,    2.3119,    2.0801,    1.9249,    1.8400,    1.8310,    1.9085,    0.7005,    0.7281,    0.7552,    0.7853,    0.7997,    0.8048,    0.7695,    0.7599,    0.7341,    0.6624,    0.6598,    0.5745,    0.3868,    0.3391,    0.2882,    0.2787,    0.2609,    0.2219,    0.2544,    0.2565,    0.2727,    0.3048,    0.3564,    0.4102,    0.4990,    0.5360,    0.4525,    0.5334,    0.5140,    0.4977,    0.4857,    0.4995,    0.4998,    0.4893,    0.4750,    0.4584,    1.2360,    1.2083,    1.1038,    0.9695,    0.8245,    0.6267,    0.4887,    0.4061,    0.3529,    0.3133,    0.3016,    0.2968,    0.4616,    0.4833,    0.5946,    0.6515,    0.6379,    0.6330,    0.6511,    0.6811,    0.6726,    0.6176,    0.5609,    0.5091,    1.2665,    0.9034,    0.6439,    0.4579,    0.3244,    0.2240,    0.1522,    0.1024,    0.0698,    0.0457,    0.0299,    0.0214,    0.0933,    0.0481,    0.0843,    0.1009,    0.1129,    0.1043,    0.1146,    0.1288,    0.1133,    0.1555,    0.1372,    0.1509,    0.1669,    0.1358,    0.1971,    0.2192,    0.1803,    0.1979,    0.2075,    0.2263,    0.2466,    0.1773,    0.2828,    0.2981,    0.3666,    0.3913,    0.4041,    0.4309,    0.4421,    0.4616,    0.4638,    0.5098,    0.5399,    0.5282,    0.5710,    0.5812,    0.9949,    1.0834,    1.1360,    1.1731,    1.1942,    1.2997,    1.2232,    1.3015,    1.2557,    1.3329,    1.2650,    1.3563,    2.9253,    2.8801,    2.9519,    3.0001,    3.0294,    2.9112,    3.0136,    3.0908,    3.1542,    2.9335,    2.8926,    3.0051,    7.6028,    7.2544,    7.1866,    6.9805,    6.4650,    6.0803,    5.3520,    4.9390,    4.7609,    4.1828,    3.2205,    2.9979,    2.3166,    2.1579,    1.6712,    1.6091,    1.0908,    0.7947,    0.6453,    0.2603,    0.2305,    0.1643,    0.0571,    0.0463,    0.0086,    0.0324,    0.0680,    0.1117,    0.1603,    0.2109,    0.2615,    0.4117,    0.7124,    0.6810,    0.6261,    1.1788,    1.7717,    2.3368,    2.5867,    2.8047,    3.3799,    3.9394,    4.1557,    4.2219,    4.2250,    4.1830,    4.0952,    3.9498,    1.3354,    1.2984,    1.2578,    1.2134,    1.1850,    1.1651,    1.2060,    1.1943,    1.2017,    1.2330,    1.2310,    1.2634,    0.9704,    0.9643,    0.9572,    0.9473,    0.9378,    0.9287,    0.9178,    0.9074,    0.8966,    0.8845,    0.8689,    0.8466,    0.8357,    0.7593,    0.7982,    0.6790,    0.6852,    0.6838,    0.6632,    0.6033,    0.5740,    0.5543,    0.5463,    0.5459,    1.4363,    1.3266,    1.3148,    1.3448,    1.3811,    1.4535,    1.4557,    1.4163,    1.3612,    1.3014,    1.2292,    1.1554,    1.6914,    1.4944,    1.2219,    0.9935,    0.8436,    0.6918,    0.5298,    0.3645,    0.2575,    0.2188,    0.1934,    0.1684,    0.3800,    0.2771,    0.1914,    0.1300,    0.0868,    0.0614,    0.0445,    0.0332,    0.0232,    0.0180,    0.0134,    0.0073,    0.0129,    0.0000,    0.0332,    0.0593,    0.0687,    0.0649,    0.0728,    0.0800,    0.0716,    0.1007,    0.0898,    0.0964,    0.1039,    0.0849,    0.1231,    0.1315,    0.1048,    0.0679,    0.0082,    0.0183,    0.0882,    0.1062,    0.1759,    0.1852,    0.2295,    0.2477,    0.2599,    0.2712,    0.2780,    0.2846,    0.2589,    0.2345,    0.2076,    0.2476,    0.3435,    0.3496,    0.6197,    0.6892,    0.7223,    0.7232,    0.7019,    0.7738,    0.7456,    0.7994,    0.7392,    0.8399,    0.7888,    0.8322,    1.7966,    1.7541,    1.8238,    1.8455,    1.8529,    1.7872,    1.8493,    1.8956,    1.9314,    1.7916,    1.7627,    1.8254,    4.5887,    4.3302,    4.2267,    4.0468,    3.6636,    3.3651,    2.8913,    2.5926,    2.4322,    2.0860,    1.5712,    1.4314,    1.0823,    0.8471,    0.4766,    0.3417,    0.1760,    0.1014,    0.0529,    0.0115,    0.0071,    0.0060,    0.0037,    0.0065
    2,    0.4000,  227.5722,    0.0489,   87.3208,  141.1268,   54.3012,    8.8130,  158.4330,  163.5827,  163.6723,  163.8293,  164.1029,  164.5732,  165.3648,  166.6602,  168.4872,  170.9519,  174.2721,  178.5564,  183.8814,  190.3071,  197.9049,  205.8548,  212.8059,  218.1105,  222.1140,  224.8330,  226.3589,  227.0949,  227.3721,  227.5098,  227.5598,    0.0693,    0.2626,    0.5547,    0.9168,    1.3239,    1.7546,    2.1908,    2.5938,    2.9336,    3.3226,    3.6812,    3.8170,    3.2320,    3.1652,    3.1688,    3.1440,    2.8911,    2.4875,    2.1723,    1.9612,    1.8170,    1.7334,    1.7147,    1.7706,    0.6453,    0.6683,    0.6913,    0.7186,    0.7330,    0.7399,    0.7152,    0.7058,    0.6838,    0.6234,    0.6216,    0.5511,    0.3762,    0.3330,    0.2855,    0.2765,    0.2593,    0.2213,    0.2531,    0.2550,    0.2706,    0.3013,    0.3496,    0.3988,    0.4796,    0.5115,    0.4335,    0.4997,    0.4797,    0.4622,    0.4484,    0.4551,    0.4538,    0.4414,    0.4264,    0.4101,    1.1047,    1.0805,    0.9796,    0.8530,    0.7204,    0.5475,    0.4299,    0.3592,    0.3131,    0.2784,    0.2665,    0.2604,    0.4016,    0.4144,    0.5036,    0.5547,    0.5451,    0.5447,    0.5711,    0.6154,    0.6208,    0.5724,    0.5222,    0.4750,    1.1816,    0.8396,    0.5952,    0.4230,    0.2999,    0.2061,    0.1389,    0.0932,    0.0635,    0.0414,    0.0269,    0.0192,    0.0937,    0.0481,    0.0856,    0.1033,    0.1156,    0.1068,    0.1174,    0.1319,    0.1161,    0.1593,    0.1407,    0.1546,    0.1710,    0.1391,    0.2019,    0.2243,    0.1844,    0.2001,    0.2076,    0.2267,    0.2499,    0.1815,    0.2897,    0.3054,    0.3756,    0.4009,    0.4141,    0.4415,    0.4529,    0.4726,    0.4737,    0.5181,    0.5470,    0.5370,    0.5845,    0.5949,    1.0192,    1.1101,    1.1640,    1.2012,    1.2213,    1.3300,    1.2525,    1.3328,    1.2840,    1.3657,    1.2959,    1.3890,    2.9962,    2.9491,    3.0238,    3.0731,    3.1027,    2.9820,    3.0868,    3.1658,    3.2308,    3.0046,    2.9626,    3.0778,    7.7863,    7.4285,    7.3579,    7.1455,    6.6157,    6.2200,    5.4730,    5.0486,    4.8645,    4.2723,    3.2884,    3.0602,    2.3640,    2.1954,    1.6915,    1.6227,    1.0975,    0.7986,    0.6474,    0.2609,    0.2310,    0.1647,    0.0574,    0.0467,    0.0112,    0.0423,    0.0887,    0.1457,    0.2091,    0.2752,    0.3411,    0.5332,    0.9082,    0.8743,    0.8091,    1.4843,    2.1333,    2.7174,    2.9688,    3.1805,    3.6684,    4.0674,    4.2144,    4.2604,    4.2564,    4.2144,    4.1340,    4.0082,    1.3650,    1.3362,    1.3047,    1.2694,    1.2438,    1.2232,    1.2445,    1.2307,    1.2311,    1.2502,    1.2435,    1.2650,    0.9706,    0.9644,    0.9572,    0.9473,    0.9379,    0.9287,    0.9178,    0.9074,    0.8966,    0.8845,    0.8690,    0.8476,    0.8426,    0.7764,    0.8095,    0.7112,    0.7158,    0.7141,    0.6980,    0.6519,    0.6273,    0.6121,    0.6051,    0.6033,    1.5951,    1.4853,    1.4627,    1.4715,    1.4811,    1.5123,    1.4917,    1.4423,    1.3824,    1.3196,    1.2484,    1.1766,    1.7292,    1.5446,    1.3053,    1.0931,    0.9431,    0.7909,    0.6232,    0.4437,    0.3203,    0.2728,    0.2387,    0.2078,    0.4754,    0.3454,    0.2414,    0.1644,    0.1100,    0.0777,    0.0562,    0.0410,    0.0284,    0.0213,    0.0156,    0.0090,    0.0106,    0.0000,    0.0273,    0.0487,    0.0568,    0.0542,    0.0609,    0.0666,    0.0598,    0.0846,    0.0757,    0.0806,    0.0864,    0.0707,    0.1028,    0.1089,    0.0863,    0.0559,    0.0068,    0.0151,    0.0726,    0.0876,    0.1462,    0.1540,    0.1910,    0.2068,    0.2179,    0.2261,    0.2318,    0.2373,    0.2141,    0.1938,    0.1719,    0.2048,    0.2841,    0.2893,    0.5149,    0.5760,    0.6039,    0.6020,    0.5819,    0.6403,    0.6176,    0.6640,    0.6152,    0.7001,    0.6560,    0.6900,    1.4882,    1.4532,    1.5116,    1.5278,    1.5326,    1.4785,    1.5296,    1.5676,    1.5965,    1.4801,    1.4551,    1.5055,    3.7776,    3.5533,    3.4537,    3.2926,    2.9610,    2.7010,    2.3042,    2.0486,    1.9065,    1.6233,    1.2147,    1.0997,    0.8261,    0.6130,    0.3118,    0.2034,    0.0959,    0.0512,    0.0232,    0.0041,    0.0023,    0.0020,    0.0015,    0.0034
    2,    0.5000,  227.5722,    0.0348,   83.4144,  143.2204,   60.3032,    4.3951,  158.4330,  163.5827,  163.6723,  163.8293,  164.1029,  164.5732,  165.3648,  166.6602,  168.4872,  170.9519,  174.2721,  178.5564,  183.8814,  190.3071,  197.9049,  205.8548,  212.8059,  218.1105,  222.1140,  224.8330,  226.3589,  227.0949,  227.3721,  227.5098,  227.5598,    0.0690,    0.2614,    0.5521,    0.9123,    1.3169,    1.7447,    2.1777,    2.5723,    2.8957,    3.2833,    3.6422,    3.7453,    3.1340,    3.0460,    3.0383,    3.0043,    2.7492,    2.3679,    2.0765,    1.8802,    1.7440,    1.6613,    1.6361,    1.6771,    0.6078,    0.6272,    0.6470,    0.6714,    0.6848,    0.6920,    0.6736,    0.6643,    0.6449,    0.5928,    0.5911,    0.5313,    0.3669,    0.3275,    0.2830,    0.2745,    0.2578,    0.2208,    0.2519,    0.2535,    0.2686,    0.2980,    0.3432,    0.3884,    0.4624,    0.4900,    0.4169,    0.4715,    0.4513,    0.4334,    0.4184,    0.4205,    0.4180,    0.4047,    0.3898,    0.3741,    1.0064,    0.9839,    0.8878,    0.7697,    0.6487,    0.4952,    0.3917,    0.3289,    0.2873,    0.2558,    0.2439,    0.2371,    0.3631,    0.3703,    0.4432,    0.4867,    0.4782,    0.4789,    0.5082,    0.5602,    0.5754,    0.5324,    0.4877,    0.4444,    1.1053,    0.7824,    0.5518,    0.3919,    0.2779,    0.1901,    0.1272,    0.0851,    0.0580,    0.0377,    0.0243,    0.0173,    0.0940,    0.0481,    0.0864,    0.1049,    0.1175,    0.1086,    0.1194,    0.1341,    0.1181,    0.1621,    0.1432,    0.1573,    0.1739,    0.1415,    0.2053,    0.2279,    0.1873,    0.2017,    0.2077,    0.2270,    0.2522,    0.1845,    0.2945,    0.3105,    0.3819,    0.4078,    0.4213,    0.4490,    0.4606,    0.4804,    0.4807,    0.5239,    0.5519,    0.5433,    0.5940,    0.6045,    1.0364,    1.1292,    1.1840,    1.2211,    1.2405,    1.3513,    1.2731,    1.3549,    1.3041,    1.3890,    1.3177,    1.4120,    3.0460,    2.9976,    3.0745,    3.1244,    3.1540,    3.0316,    3.1382,    3.2185,    3.2845,    3.0544,    3.0116,    3.1285,    7.9139,    7.5490,    7.4755,    7.2578,    6.7170,    6.3128,    5.5524,    5.1194,    4.9306,    4.3286,    3.3307,    3.0986,    2.3931,    2.2164,    1.7012,    1.6286,    1.1002,    0.8001,    0.6483,    0.2612,    0.2312,    0.1650,    0.0575,    0.0469,    0.0137,    0.0517,    0.1085,    0.1782,    0.2557,    0.3366,    0.4174,    0.6476,    1.0864,    1.0530,    0.9806,    1.7547,    2.4203,    2.9921,    3.2341,    3.4323,    3.8358,    4.1332,    4.2471,    4.2827,    4.2749,    4.2328,    4.1566,    4.0415,    1.3813,    1.3567,    1.3301,    1.3004,    1.2774,    1.2576,    1.2682,    1.2535,    1.2498,    1.2613,    1.2517,    1.2662,    0.9708,    0.9644,    0.9572,    0.9473,    0.9379,    0.9287,    0.9178,    0.9075,    0.8966,    0.8845,    0.8692,    0.8485,    0.8483,    0.7901,    0.8183,    0.7356,    0.7384,    0.7359,    0.7226,    0.6853,    0.6640,    0.6510,    0.6440,    0.6407,    1.6994,    1.5919,    1.5591,    1.5503,    1.5403,    1.5460,    1.5126,    1.4576,    1.3949,    1.3305,    1.2597,    1.1891,    1.7515,    1.5740,    1.3555,    1.1574,    1.0101,    0.8609,    0.6939,    0.5086,    0.3745,    0.3200,    0.2788,    0.2428,    0.5607,    0.4065,    0.2861,    0.1952,    0.1309,    0.0925,    0.0667,    0.0480,    0.0330,    0.0243,    0.0176,    0.0105,    0.0087,    0.0000,    0.0224,    0.0400,    0.0470,    0.0454,    0.0509,    0.0555,    0.0499,    0.0711,    0.0638,    0.0675,    0.0718,    0.0590,    0.0858,    0.0902,    0.0711,    0.0460,    0.0056,    0.0125,    0.0598,    0.0722,    0.1215,    0.1281,    0.1589,    0.1726,    0.1827,    0.1884,    0.1933,    0.1978,    0.1772,    0.1601,    0.1422,    0.1694,    0.2349,    0.2395,    0.4278,    0.4815,    0.5049,    0.5011,    0.4825,    0.5298,    0.5116,    0.5515,    0.5120,    0.5835,    0.5455,    0.5722,    1.2327,    1.2039,    1.2529,    1.2647,    1.2677,    1.2231,    1.2652,    1.2965,    1.3198,    1.2228,    1.2012,    1.2417,    3.1099,    2.9159,    2.8221,    2.6791,    2.3932,    2.1680,    1.8363,    1.6188,    1.4944,    1.2634,    0.9392,    0.8449,    0.6307,    0.4437,    0.2041,    0.1212,    0.0524,    0.0259,    0.0102,    0.0015,    0.0007,    0.0007,    0.0006,    0.0018
    2,    0.7500,  227.5722,    0.0161,   76.6048,  145.9911,   69.8887,   -3.6549,  158.4330,  163.5827,  163.6723,  163.8293,  164.1029,  164.5732,  165.3648,  166.6602,  168.4872,  170.9519,  174.2721,  178.5564,  183.8814,  190.3071,  197.9049,  205.8548,  212.8059,  218.1105,  222.1140,  224.8330,  226.3589,  227.0949,  227.3721,  227.5098,  227.5598,    0.0684,    0.2587,    0.5460,    0.9014,    1.3002,    1.7212,    2.1465,    2.5219,    2.8099,    3.1930,    3.5513,    3.5873,    2.9372,    2.8222,    2.7997,    2.7547,    2.5127,    2.1790,    1.9276,    1.7556,    1.6323,    1.5515,    1.5160,    1.5335,    0.5499,    0.5638,    0.5782,    0.5968,    0.6073,    0.6134,    0.6028,    0.5935,    0.5777,    0.5384,    0.5362,    0.4930,    0.3477,    0.3155,    0.2772,    0.2697,    0.2543,    0.2195,    0.2489,    0.2500,    0.2640,    0.2903,    0.3292,    0.3661,    0.4268,    0.4465,    0.3835,    0.4181,    0.3984,    0.3805,    0.3649,    0.3607,    0.3567,    0.3432,    0.3292,    0.3153,    0.8457,    0.8239,    0.7396,    0.6397,    0.5402,    0.4182,    0.3356,    0.2845,    0.2499,    0.2231,    0.2112,    0.2033,    0.3075,    0.3067,    0.3550,    0.3835,    0.3740,    0.3730,    0.3997,    0.4557,    0.4838,    0.4507,    0.4161,    0.3806,    0.9454,    0.6632,    0.4621,    0.3274,    0.2321,    0.1571,    0.1033,    0.0686,    0.0468,    0.0302,    0.0192,    0.0135,    0.0944,    0.0481,    0.0876,    0.1071,    0.1202,    0.1111,    0.1223,    0.1372,    0.1209,    0.1662,    0.1468,    0.1611,    0.1779,    0.1448,    0.2101,    0.2330,    0.1912,    0.2038,    0.2078,    0.2273,    0.2553,    0.1885,    0.3014,    0.3177,    0.3909,    0.4175,    0.4317,    0.4596,    0.4716,    0.4915,    0.4903,    0.5319,    0.5587,    0.5518,    0.6071,    0.6178,    1.0605,    1.1565,    1.2126,    1.2492,    1.2671,    1.3807,    1.3017,    1.3859,    1.3324,    1.4220,    1.3485,    1.4441,    3.1153,    3.0650,    3.1450,    3.1955,    3.2251,    3.1002,    3.2092,    3.2913,    3.3585,    3.1230,    3.0790,    3.1981,    8.0879,    7.7118,    7.6325,    7.4061,    6.8483,    6.4308,    5.6514,    5.2056,    5.0094,    4.3947,    3.3795,    3.1424,    2.4257,    2.2373,    1.7092,    1.6332,    1.1025,    0.8016,    0.6493,    0.2615,    0.2316,    0.1653,    0.0576,    0.0471,    0.0195,    0.0734,    0.1542,    0.2534,    0.3636,    0.4787,    0.5937,    0.9055,    1.4652,    1.4430,    1.3637,    2.3031,    2.9089,    3.3978,    3.6062,    3.7693,    4.0289,    4.2096,    4.2886,    4.3117,    4.2990,    4.2569,    4.1861,    4.0844,    1.4019,    1.3820,    1.3609,    1.3377,    1.3182,    1.3001,    1.2990,    1.2835,    1.2749,    1.2768,    1.2638,    1.2687,    0.9713,    0.9646,    0.9572,    0.9473,    0.9379,    0.9287,    0.9178,    0.9075,    0.8967,    0.8846,    0.8696,    0.8502,    0.8585,    0.8143,    0.8334,    0.7749,    0.7739,    0.7693,    0.7588,    0.7329,    0.7160,    0.7049,    0.6969,    0.6908,    1.8405,    1.7397,    1.6889,    1.6525,    1.6152,    1.5889,    1.5398,    1.4777,    1.4114,    1.3447,    1.2747,    1.2056,    1.7807,    1.6122,    1.4206,    1.2450,    1.1045,    0.9645,    0.8082,    0.6264,    0.4807,    0.4140,    0.3601,    0.3146,    0.7369,    0.5326,    0.3780,    0.2592,    0.1748,    0.1233,    0.0885,    0.0625,    0.0426,    0.0306,    0.0218,    0.0136,    0.0054,    0.0000,    0.0137,    0.0244,    0.0292,    0.0290,    0.0326,    0.0351,    0.0318,    0.0460,    0.0416,    0.0432,    0.0453,    0.0374,    0.0546,    0.0564,    0.0437,    0.0283,    0.0035,    0.0077,    0.0367,    0.0445,    0.0765,    0.0808,    0.1004,    0.1099,    0.1176,    0.1195,    0.1227,    0.1256,    0.1103,    0.0994,    0.0887,    0.1054,    0.1461,    0.1493,    0.2692,    0.3075,    0.3227,    0.3168,    0.3020,    0.3300,    0.3195,    0.3468,    0.3236,    0.3702,    0.3441,    0.3583,    0.7699,    0.7522,    0.7837,    0.7887,    0.7889,    0.7614,    0.7873,    0.8065,    0.8200,    0.7586,    0.7438,    0.7671,    1.9126,    1.7790,    1.7034,    1.6001,    1.4057,    1.2516,    1.0414,    0.8988,    0.8133,    0.6753,    0.4940,    0.4374,    0.3213,    0.1979,    0.0709,    0.0334,    0.0116,    0.0048,    0.0013,    0.0001,    0.0000,    0.0000,    0.0001,    0.0004
    2,    1.0000,  227.5722,    0.0088,   72.0863,  147.0754,   75.4967,   -8.1059,  158.4330,  163.5827,  163.6723,  163.8293,  164.1029,  164.5732,  165.3648,  166.6602,  168.4872,  170.9519,  174.2721,  178.5564,  183.8814,  190.3071,  197.9049,  205.8548,  212.8059,  218.1105,  222.1140,  224.8330,  226.3589,  227.0949,  227.3721,  227.5098,  227.5598,    0.0677,    0.2562,    0.5402,    0.8913,    1.2846,    1.6992,    2.1173,    2.4758,    2.7351,    3.1127,    3.4689,    3.4547,    2.7902,    2.6675,    2.6390,    2.5905,    2.3658,    2.0654,    1.8395,    1.6827,    1.5675,    1.4880,    1.4464,    1.4497,    0.5160,    0.5265,    0.5375,    0.5524,    0.5606,    0.5654,    0.5577,    0.5484,    0.5344,    0.5024,    0.4993,    0.4653,    0.3327,    0.3057,    0.2722,    0.2655,    0.2511,    0.2182,    0.2462,    0.2468,    0.2598,    0.2835,    0.3172,    0.3479,    0.3992,    0.4136,    0.3583,    0.3808,    0.3621,    0.3450,    0.3297,    0.3229,    0.3183,    0.3054,    0.2926,    0.2802,    0.7496,    0.7274,    0.6520,    0.5648,    0.4788,    0.3751,    0.3045,    0.2600,    0.2293,    0.2052,    0.1933,    0.1848,    0.2772,    0.2720,    0.3068,    0.3262,    0.3153,    0.3118,    0.3329,    0.3840,    0.4158,    0.3890,    0.3611,    0.3309,    0.8206,    0.5708,    0.3934,    0.2778,    0.1967,    0.1318,    0.0854,    0.0563,    0.0384,    0.0246,    0.0154,    0.0107,    0.0945,    0.0481,    0.0881,    0.1080,    0.1212,    0.1122,    0.1235,    0.1385,    0.1221,    0.1679,    0.1484,    0.1628,    0.1796,    0.1462,    0.2122,    0.2350,    0.1928,    0.2047,    0.2078,    0.2274,    0.2566,    0.1901,    0.3043,    0.3207,    0.3947,    0.4217,    0.4362,    0.4642,    0.4762,    0.4962,    0.4942,    0.5352,    0.5615,    0.5554,    0.6125,    0.6234,    1.0707,    1.1683,    1.2250,    1.2612,    1.2782,    1.3928,    1.3136,    1.3989,    1.3444,    1.4361,    1.3615,    1.4575,    3.1440,    3.0931,    3.1743,    3.2249,    3.2544,    3.1286,    3.2385,    3.3213,    3.3890,    3.1512,    3.1066,    3.2265,    8.1583,    7.7767,    7.6940,    7.4630,    6.8973,    6.4736,    5.6863,    5.2350,    5.0354,    4.4160,    3.3950,    3.1561,    2.4358,    2.2428,    1.7112,    1.6345,    1.1033,    0.8022,    0.6498,    0.2617,    0.2317,    0.1654,    0.0577,    0.0472,    0.0246,    0.0928,    0.1951,    0.3205,    0.4600,    0.6059,    0.7516,    1.1276,    1.7652,    1.7638,    1.6899,    2.7097,    3.1921,    3.5937,    3.7758,    3.9164,    4.1066,    4.2445,    4.3087,    4.3260,    4.3109,    4.2689,    4.2006,    4.1053,    1.4118,    1.3941,    1.3753,    1.3548,    1.3367,    1.3196,    1.3138,    1.2982,    1.2875,    1.2849,    1.2705,    1.2704,    0.9716,    0.9647,    0.9573,    0.9473,    0.9379,    0.9287,    0.9179,    0.9075,    0.8967,    0.8847,    0.8699,    0.8515,    0.8651,    0.8294,    0.8425,    0.7970,    0.7933,    0.7872,    0.7774,    0.7565,    0.7415,    0.7309,    0.7221,    0.7144,    1.9072,    1.8107,    1.7503,    1.7003,    1.6504,    1.6097,    1.5531,    1.4876,    1.4196,    1.3519,    1.2821,    1.2138,    1.7952,    1.6310,    1.4522,    1.2879,    1.1518,    1.0183,    0.8727,    0.7025,    0.5563,    0.4827,    0.4209,    0.3690,    0.8720,    0.6294,    0.4483,    0.3086,    0.2092,    0.1473,    0.1053,    0.0738,    0.0501,    0.0355,    0.0251,    0.0160,    0.0033,    0.0000,    0.0084,    0.0149,    0.0182,    0.0185,    0.0208,    0.0222,    0.0202,    0.0297,    0.0271,    0.0277,    0.0286,    0.0237,    0.0348,    0.0352,    0.0269,    0.0174,    0.0022,    0.0048,    0.0226,    0.0275,    0.0482,    0.0510,    0.0634,    0.0699,    0.0757,    0.0758,    0.0779,    0.0797,    0.0687,    0.0617,    0.0553,    0.0656,    0.0908,    0.0931,    0.1695,    0.1965,    0.2063,    0.2003,    0.1891,    0.2056,    0.1996,    0.2181,    0.2045,    0.2349,    0.2171,    0.2244,    0.4809,    0.4700,    0.4902,    0.4919,    0.4910,    0.4741,    0.4900,    0.5018,    0.5096,    0.4707,    0.4607,    0.4740,    1.1764,    1.0855,    1.0284,    0.9559,    0.8259,    0.7228,    0.5908,    0.4992,    0.4428,    0.3612,    0.2600,    0.2266,    0.1638,    0.0884,    0.0247,    0.0093,    0.0026,    0.0009,    0.0002,    0.0000,    0.0000,    0.0000,    0.0000,    0.0001
    2,    1.2500,  227.5722,    0.0059,   68.7988,  147.5072,   79.2213,  -10.2135,  158.4330,  163.5827,  163.6723,  163.8293,  164.1029,  164.5732,  165.3648,  166.6602,  168.4872,  170.9519,  174.2721,  178.5564,  183.8814,  190.3071,  197.9049,  205.8548,  212.8059,  218.1105,  222.1140,  224.8330,  226.3589,  227.0949,  227.3721,  227.5098,  227.5598,    0.0672,    0.2538,    0.5349,    0.8819,    1.2700,    1.6787,    2.0901,    2.4336,    2.6695,    3.0411,    3.3942,    3.3423,    2.6771,    2.5544,    2.5235,    2.4738,    2.2639,    1.9879,    1.7800,    1.6340,    1.5245,    1.4459,    1.4001,    1.3937,    0.4933,    0.5015,    0.5101,    0.5224,    0.5288,    0.5324,    0.5262,    0.5168,    0.5039,    0.4764,    0.4725,    0.4442,    0.3207,    0.2974,    0.2678,    0.2616,    0.2481,    0.2171,    0.2436,    0.2439,    0.2559,    0.2774,    0.3069,    0.3328,    0.3771,    0.3878,    0.3387,    0.3533,    0.3356,    0.3194,    0.3049,    0.2969,    0.2920,    0.2799,    0.2680,    0.2567,    0.6853,    0.6628,    0.5940,    0.5155,    0.4387,    0.3470,    0.2843,    0.2443,    0.2161,    0.1937,    0.1818,    0.1729,    0.2577,    0.2499,    0.2761,    0.2895,    0.2778,    0.2725,    0.2886,    0.3331,    0.3643,    0.3415,    0.3181,    0.2919,    0.7219,    0.4983,    0.3401,    0.2392,    0.1690,    0.1122,    0.0718,    0.0471,    0.0320,    0.0203,    0.0126,    0.0087,    0.0946,    0.0481,    0.0883,    0.1083,    0.1217,    0.1127,    0.1241,    0.1391,    0.1226,    0.1687,    0.1492,    0.1635,    0.1804,    0.1468,    0.2131,    0.2359,    0.1934,    0.2050,    0.2078,    0.2275,    0.2571,    0.1908,    0.3055,    0.3220,    0.3963,    0.4235,    0.4382,    0.4661,    0.4782,    0.4983,    0.4959,    0.5366,    0.5627,    0.5568,    0.6147,    0.6256,    1.0750,    1.1734,    1.2303,    1.2662,    1.2829,    1.3978,    1.3186,    1.4044,    1.3494,    1.4421,    1.3670,    1.4631,    3.1559,    3.1047,    3.1866,    3.2371,    3.2665,    3.1403,    3.2507,    3.3337,    3.4016,    3.1627,    3.1179,    3.2381,    8.1868,    7.8027,    7.7181,    7.4850,    6.9158,    6.4893,    5.6988,    5.2453,    5.0443,    4.4232,    3.4002,    3.1607,    2.4393,    2.2447,    1.7120,    1.6352,    1.1038,    0.8026,    0.6501,    0.2618,    0.2318,    0.1655,    0.0577,    0.0473,    0.0292,    0.1102,    0.2315,    0.3806,    0.5463,    0.7197,    0.8930,    1.3192,    2.0035,    2.0283,    1.9680,    3.0128,    3.3614,    3.6967,    3.8627,    3.9912,    4.1477,    4.2646,    4.3205,    4.3344,    4.3180,    4.2761,    4.2093,    4.1177,    1.4176,    1.4011,    1.3837,    1.3647,    1.3475,    1.3309,    1.3226,    1.3070,    1.2953,    1.2900,    1.2750,    1.2718,    0.9720,    0.9649,    0.9573,    0.9474,    0.9379,    0.9287,    0.9179,    0.9075,    0.8967,    0.8847,    0.8702,    0.8526,    0.8698,    0.8394,    0.8484,    0.8105,    0.8052,    0.7980,    0.7884,    0.7702,    0.7562,    0.7456,    0.7363,    0.7278,    1.9450,    1.8511,    1.7852,    1.7277,    1.6709,    1.6219,    1.5611,    1.4935,    1.4245,    1.3562,    1.2866,    1.2187,    1.8039,    1.6422,    1.4709,    1.3131,    1.1797,    1.0503,    0.9126,    0.7537,    0.6114,    0.5337,    0.4670,    0.4109,    0.9769,    0.7046,    0.5027,    0.3473,    0.2365,    0.1664,    0.1184,    0.0826,    0.0561,    0.0394,    0.0277,    0.0179,    0.0020,    0.0000,    0.0052,    0.0091,    0.0113,    0.0119,    0.0133,    0.0141,    0.0129,    0.0192,    0.0177,    0.0177,    0.0180,    0.0150,    0.0221,    0.0220,    0.0166,    0.0107,    0.0014,    0.0030,    0.0139,    0.0169,    0.0303,    0.0322,    0.0401,    0.0445,    0.0487,    0.0481,    0.0495,    0.0506,    0.0428,    0.0383,    0.0345,    0.0409,    0.0565,    0.0580,    0.1067,    0.1255,    0.1319,    0.1267,    0.1184,    0.1281,    0.1247,    0.1372,    0.1293,    0.1490,    0.1370,    0.1406,    0.3004,    0.2937,    0.3067,    0.3068,    0.3057,    0.2952,    0.3051,    0.3122,    0.3168,    0.2921,    0.2854,    0.2930,    0.7237,    0.6625,    0.6210,    0.5712,    0.4854,    0.4175,    0.3353,    0.2774,    0.2412,    0.1933,    0.1369,    0.1175,    0.0836,    0.0396,    0.0087,    0.0026,    0.0006,    0.0002,    0.0000,    0.0000,    0.0000,    0.0000,    0.0000,    0.0000
    2,    1.5000,  227.5722,    0.0047,   66.2676,  147.6826,   81.9330,  -10.9345,  158.4330,  163.5827,  163.6723,  163.8293,  164.1029,  164.5732,  165.3648,  166.6602,  168.4872,  170.9519,  174.2721,  178.5564,  183.8814,  190.3071,  197.9049,  205.8548,  212.8059,  218.1105,  222.1140,  224.8330,  226.3589,  227.0949,  227.3721,  227.5098,  227.5598,    0.0666,    0.2516,    0.5299,    0.8730,    1.2564,    1.6594,    2.0646,    2.3949,    2.6117,    2.9769,    3.3261,    3.2462,    2.5875,    2.4679,    2.4360,    2.3860,    2.1882,    1.9308,    1.7366,    1.5988,    1.4935,    1.4156,    1.3668,    1.3532,    0.4768,    0.4832,    0.4901,    0.5004,    0.5055,    0.5081,    0.5026,    0.4932,    0.4810,    0.4567,    0.4521,    0.4276,    0.3109,    0.2904,    0.2638,    0.2582,    0.2455,    0.2160,    0.2412,    0.2411,    0.2524,    0.2719,    0.2980,    0.3201,    0.3591,    0.3672,    0.3229,    0.3323,    0.3155,    0.3001,    0.2862,    0.2778,    0.2728,    0.2613,    0.2503,    0.2397,    0.6390,    0.6162,    0.5524,    0.4803,    0.4101,    0.3272,    0.2701,    0.2331,    0.2068,    0.1856,    0.1738,    0.1646,    0.2441,    0.2344,    0.2546,    0.2640,    0.2516,    0.2450,    0.2573,    0.2957,    0.3246,    0.3044,    0.2841,    0.2607,    0.6430,    0.4407,    0.2982,    0.2088,    0.1471,    0.0969,    0.0613,    0.0400,    0.0271,    0.0171,    0.0105,    0.0072,    0.0946,    0.0481,    0.0884,    0.1085,    0.1219,    0.1129,    0.1243,    0.1394,    0.1228,    0.1691,    0.1495,    0.1638,    0.1807,    0.1471,    0.2135,    0.2363,    0.1937,    0.2052,    0.2078,    0.2275,    0.2573,    0.1910,    0.3060,    0.3226,    0.3970,    0.4243,    0.4391,    0.4669,    0.4791,    0.4991,    0.4966,    0.5371,    0.5631,    0.5574,    0.6156,    0.6266,    1.0768,    1.1756,    1.2327,    1.2684,    1.2848,    1.3999,    1.3206,    1.4067,    1.3516,    1.4447,    1.3693,    1.4655,    3.1609,    3.1095,    3.1917,    3.2422,    3.2715,    3.1452,    3.2557,    3.3388,    3.4068,    3.1675,    3.1225,    3.2428,    8.1984,    7.8131,    7.7277,    7.4936,    6.9228,    6.4952,    5.7034,    5.2490,    5.0476,    4.4259,    3.4022,    3.1624,    2.4407,    2.2456,    1.7125,    1.6356,    1.1041,    0.8028,    0.6502,    0.2619,    0.2319,    0.1656,    0.0578,    0.0473,    0.0333,    0.1257,    0.2642,    0.4343,    0.6236,    0.8216,    1.0197,    1.4845,    2.1932,    2.2467,    2.2054,    3.2401,    3.4663,    3.7560,    3.9129,    4.0349,    4.1735,    4.2778,    4.3284,    4.3401,    4.3228,    4.2809,    4.2151,    4.1259,    1.4215,    1.4058,    1.3892,    1.3712,    1.3546,    1.3383,    1.3285,    1.3130,    1.3006,    1.2936,    1.2782,    1.2729,    0.9723,    0.9650,    0.9573,    0.9474,    0.9379,    0.9287,    0.9179,    0.9075,    0.8967,    0.8848,    0.8704,    0.8534,    0.8732,    0.8464,    0.8525,    0.8196,    0.8131,    0.8053,    0.7957,    0.7790,    0.7657,    0.7551,    0.7454,    0.7364,    1.9693,    1.8770,    1.8077,    1.7455,    1.6843,    1.6300,    1.5664,    1.4975,    1.4278,    1.3590,    1.2896,    1.2220,    1.8097,    1.6496,    1.4832,    1.3297,    1.1981,    1.0713,    0.9391,    0.7895,    0.6524,    0.5723,    0.5026,    0.4435,    1.0594,    0.7638,    0.5455,    0.3781,    0.2584,    0.1816,    0.1289,    0.0897,    0.0609,    0.0425,    0.0297,    0.0194,    0.0012,    0.0000,    0.0032,    0.0056,    0.0071,    0.0076,    0.0085,    0.0089,    0.0082,    0.0125,    0.0115,    0.0114,    0.0114,    0.0095,    0.0141,    0.0138,    0.0102,    0.0066,    0.0009,    0.0018,    0.0085,    0.0105,    0.0191,    0.0203,    0.0253,    0.0284,    0.0314,    0.0305,    0.0314,    0.0322,    0.0266,    0.0238,    0.0215,    0.0254,    0.0352,    0.0362,    0.0672,    0.0802,    0.0844,    0.0801,    0.0741,    0.0798,    0.0779,    0.0863,    0.0817,    0.0946,    0.0864,    0.0881,    0.1877,    0.1836,    0.1920,    0.1914,    0.1903,    0.1839,    0.1899,    0.1943,    0.1969,    0.1814,    0.1768,    0.1811,    0.4454,    0.4044,    0.3751,    0.3414,    0.2854,    0.2413,    0.1904,    0.1543,    0.1315,    0.1035,    0.0722,    0.0610,    0.0427,    0.0177,    0.0030,    0.0007,    0.0001,    0.0000,    0.0000,    0.0000,    0.0000,    0.0000,    0.0000,    0.0000
    2,    1.7500,  227.5722,    0.0042,   64.2423,  147.7558,   84.0367,  -10.8824,  158.4330,  163.5827,  163.6723,  163.8293,  164.1029,  164.5732,  165.3648,  166.6602,  168.4872,  170.9519,  174.2721,  178.5564,  183.8814,  190.3071,  197.9049,  205.8548,  212.8059,  218.1105,  222.1140,  224.8330,  226.3589,  227.0949,  227.3721,  227.5098,  227.5598,    0.0661,    0.2495,    0.5252,    0.8647,    1.2436,    1.6413,    2.0406,    2.3592,    2.5603,    2.9191,    3.2638,    3.1633,    2.5148,    2.3993,    2.3669,    2.3170,    2.1290,    1.8866,    1.7034,    1.5720,    1.4701,    1.3927,    1.3415,    1.3223,    0.4642,    0.4693,    0.4748,    0.4835,    0.4875,    0.4893,    0.4841,    0.4748,    0.4631,    0.4411,    0.4360,    0.4141,    0.3026,    0.2844,    0.2603,    0.2550,    0.2430,    0.2149,    0.2390,    0.2386,    0.2491,    0.2669,    0.2901,    0.3092,    0.3441,    0.3503,    0.3099,    0.3156,    0.2996,    0.2849,    0.2717,    0.2630,    0.2580,    0.2471,    0.2367,    0.2268,    0.6038,    0.5809,    0.5209,    0.4538,    0.3885,    0.3122,    0.2594,    0.2249,    0.1999,    0.1797,    0.1678,    0.1585,    0.2340,    0.2229,    0.2387,    0.2450,    0.2323,    0.2247,    0.2341,    0.2672,    0.2933,    0.2750,    0.2567,    0.2355,    0.5791,    0.3944,    0.2648,    0.1846,    0.1296,    0.0847,    0.0531,    0.0344,    0.0233,    0.0146,    0.0089,    0.0060,    0.0946,    0.0481,    0.0884,    0.1085,    0.1220,    0.1130,    0.1244,    0.1395,    0.1229,    0.1692,    0.1496,    0.1640,    0.1808,    0.1472,    0.2136,    0.2364,    0.1938,    0.2052,    0.2078,    0.2275,    0.2574,    0.1911,    0.3062,    0.3228,    0.3973,    0.4247,    0.4395,    0.4673,    0.4794,    0.4995,    0.4968,    0.5373,    0.5633,    0.5576,    0.6160,    0.6270,    1.0775,    1.1766,    1.2337,    1.2693,    1.2856,    1.4008,    1.3215,    1.4076,    1.3525,    1.4458,    1.3703,    1.4665,    3.1630,    3.1116,    3.1938,    3.2443,    3.2736,    3.1472,    3.2577,    3.3409,    3.4090,    3.1695,    3.1244,    3.2447,    8.2032,    7.8173,    7.7315,    7.4971,    6.9256,    6.4975,    5.7052,    5.2505,    5.0489,    4.4270,    3.4030,    3.1633,    2.4413,    2.2461,    1.7129,    1.6359,    1.1043,    0.8030,    0.6504,    0.2619,    0.2319,    0.1656,    0.0578,    0.0473,    0.0370,    0.1395,    0.2933,    0.4823,    0.6927,    0.9129,    1.1332,    1.6273,    2.3448,    2.4274,    2.4083,    3.4118,    3.5340,    3.7936,    3.9452,    4.0637,    4.1912,    4.2871,    4.3340,    4.3442,    4.3263,    4.2844,    4.2192,    4.1318,    1.4242,    1.4091,    1.3931,    1.3758,    1.3596,    1.3436,    1.3328,    1.3174,    1.3046,    1.2963,    1.2807,    1.2738,    0.9725,    0.9651,    0.9573,    0.9474,    0.9379,    0.9287,    0.9179,    0.9075,    0.8967,    0.8849,    0.8707,    0.8542,    0.8759,    0.8516,    0.8555,    0.8261,    0.8188,    0.8105,    0.8008,    0.7852,    0.7723,    0.7617,    0.7518,    0.7424,    1.9863,    1.8950,    1.8234,    1.7580,    1.6938,    1.6358,    1.5701,    1.5004,    1.4302,    1.3611,    1.2918,    1.2243,    1.8139,    1.6549,    1.4920,    1.3415,    1.2110,    1.0861,    0.9578,    0.8156,    0.6835,    0.6021,    0.5304,    0.4692,    1.1251,    0.8111,    0.5796,    0.4027,    0.2761,    0.1939,    0.1373,    0.0954,    0.0648,    0.0451,    0.0314,    0.0206,    0.0008,    0.0000,    0.0019,    0.0034,    0.0044,    0.0049,    0.0055,    0.0056,    0.0052,    0.0081,    0.0075,    0.0073,    0.0072,    0.0061,    0.0090,    0.0086,    0.0063,    0.0041,    0.0005,    0.0011,    0.0052,    0.0065,    0.0120,    0.0128,    0.0160,    0.0181,    0.0202,    0.0193,    0.0200,    0.0204,    0.0166,    0.0148,    0.0134,    0.0158,    0.0219,    0.0226,    0.0423,    0.0513,    0.0540,    0.0507,    0.0464,    0.0498,    0.0487,    0.0543,    0.0517,    0.0600,    0.0546,    0.0552,    0.1173,    0.1148,    0.1201,    0.1194,    0.1185,    0.1146,    0.1183,    0.1210,    0.1225,    0.1126,    0.1096,    0.1120,    0.2741,    0.2470,    0.2266,    0.2041,    0.1678,    0.1395,    0.1082,    0.0858,    0.0717,    0.0555,    0.0381,    0.0317,    0.0218,    0.0080,    0.0011,    0.0002,    0.0000,    0.0000,    0.0000,    0.0000,    0.0000,    0.0000,    0.0000,    0.0000
    2,    2.0000,  227.5722,    0.0040,   62.5757,  147.7876,   85.7404,  -10.4279,  158.4330,  163.5827,  163.6723,  163.8293,  164.1029,  164.5732,  165.3648,  166.6602,  168.4872,  170.9519,  174.2721,  178.5564,  183.8814,  190.3071,  197.9049,  205.8548,  212.8059,  218.1105,  222.1140,  224.8330,  226.3589,  227.0949,  227.3721,  227.5098,  227.5598,    0.0656,    0.2476,    0.5207,    0.8569,    1.2316,    1.6244,    2.0181,    2.3264,    2.5146,    2.8668,    3.2069,    3.0911,    2.4546,    2.3432,    2.3106,    2.2610,    2.0813,    1.8512,    1.6770,    1.5508,    1.4516,    1.3747,    1.3216,    1.2979,    0.4542,    0.4582,    0.4626,    0.4700,    0.4731,    0.4742,    0.4692,    0.4599,    0.4486,    0.4283,    0.4228,    0.4028,    0.2956,    0.2791,    0.2571,    0.2522,    0.2408,    0.2140,    0.2370,    0.2363,    0.2461,    0.2624,    0.2832,    0.2997,    0.3314,    0.3362,    0.2989,    0.3020,    0.2867,    0.2727,    0.2600,    0.2513,    0.2463,    0.2359,    0.2260,    0.2166,    0.5759,    0.5529,    0.4961,    0.4328,    0.3716,    0.3006,    0.2511,    0.2184,    0.1945,    0.1750,    0.1632,    0.1537,    0.2262,    0.2140,    0.2263,    0.2303,    0.2173,    0.2091,    0.2163,    0.2450,    0.2682,    0.2512,    0.2345,    0.2149,    0.5268,    0.3567,    0.2378,    0.1651,    0.1155,    0.0750,    0.0466,    0.0301,    0.0203,    0.0127,    0.0077,    0.0051,    0.0946,    0.0481,    0.0884,    0.1085,    0.1220,    0.1130,    0.1245,    0.1395,    0.1230,    0.1693,    0.1497,    0.1640,    0.1809,    0.1472,    0.2137,    0.2365,    0.1938,    0.2052,    0.2078,    0.2275,    0.2574,    0.1912,    0.3063,    0.3229,    0.3974,    0.4248,    0.4397,    0.4675,    0.4796,    0.4997,    0.4969,    0.5374,    0.5634,    0.5577,    0.6161,    0.6271,    1.0778,    1.1770,    1.2341,    1.2697,    1.2859,    1.4011,    1.3218,    1.4081,    1.3529,    1.4463,    1.3707,    1.4669,    3.1638,    3.1124,    3.1947,    3.2452,    3.2744,    3.1480,    3.2586,    3.3418,    3.4098,    3.1703,    3.1252,    3.2456,    8.2051,    7.8191,    7.7331,    7.4985,    6.9268,    6.4985,    5.7060,    5.2512,    5.0496,    4.4276,    3.4035,    3.1638,    2.4418,    2.2465,    1.7131,    1.6362,    1.1044,    0.8031,    0.6504,    0.2620,    0.2320,    0.1656,    0.0578,    0.0474,    0.0403,    0.1519,    0.3194,    0.5253,    0.7546,    0.9947,    1.2350,    1.7507,    2.4662,    2.5773,    2.5818,    3.5424,    3.5797,    3.8192,    3.9678,    4.0841,    4.2042,    4.2941,    4.3382,    4.3473,    4.3289,    4.2870,    4.2224,    4.1363,    1.4263,    1.4115,    1.3960,    1.3793,    1.3634,    1.3476,    1.3361,    1.3208,    1.3076,    1.2984,    1.2826,    1.2746,    0.9728,    0.9652,    0.9574,    0.9474,    0.9379,    0.9287,    0.9179,    0.9075,    0.8968,    0.8849,    0.8709,    0.8548,    0.8781,    0.8556,    0.8579,    0.8310,    0.8232,    0.8144,    0.8047,    0.7899,    0.7772,    0.7665,    0.7565,    0.7468,    1.9989,    1.9083,    1.8351,    1.7673,    1.7008,    1.6401,    1.5730,    1.5025,    1.4320,    1.3627,    1.2934,    1.2261,    1.8170,    1.6589,    1.4986,    1.3503,    1.2207,    1.0972,    0.9717,    0.8352,    0.7077,    0.6255,    0.5525,    0.4899,    1.1781,    0.8493,    0.6072,    0.4228,    0.2907,    0.2041,    0.1442,    0.1000,    0.0680,    0.0472,    0.0328,    0.0216,    0.0005,    0.0000,    0.0012,    0.0021,    0.0027,    0.0031,    0.0035,    0.0036,    0.0033,    0.0052,    0.0049,    0.0047,    0.0045,    0.0038,    0.0057,    0.0054,    0.0039,    0.0025,    0.0003,    0.0007,    0.0032,    0.0040,    0.0076,    0.0081,    0.0101,    0.0115,    0.0130,    0.0123,    0.0127,    0.0130,    0.0103,    0.0092,    0.0084,    0.0099,    0.0136,    0.0141,    0.0266,    0.0328,    0.0345,    0.0321,    0.0291,    0.0310,    0.0304,    0.0342,    0.0327,    0.0381,    0.0344,    0.0346,    0.0733,    0.0718,    0.0752,    0.0746,    0.0738,    0.0714,    0.0737,    0.0753,    0.0762,    0.0699,    0.0679,    0.0692,    0.1688,    0.1508,    0.1369,    0.1221,    0.0987,    0.0807,    0.0615,    0.0478,    0.0391,    0.0298,    0.0201,    0.0165,    0.0112,    0.0036,    0.0004,    0.0001,    0.0000,    0.0000,    0.0000,    0.0000,    0.0000,    0.0000,    0.0000,    0.0000
