Particle       ,data/QEXT_96IR_84_VIS_fosterite_1um
Ncase          ,  14
dt (sols)      ,  0.020833
Qext 0.67um    ,  1.575000
Alb sfc        ,  0.220000
Conrath nu     ,  0.002000
Sun Flux (W/m2),148.389262
BWN IR (cm-1)  ,     10.0000,     58.3330,     82.5000,    106.6670,    130.8330,    155.0000,    179.1670,    203.3330,    227.5000,    251.6670,    275.8330,    300.0000,    320.7880,    341.5750,    362.3630,    383.1500,    403.9380,    424.7250,    445.5130,    466.3010,    487.0880,    507.8760,    528.6630,    549.4510,    556.7420,    564.0330,    571.3240,    578.6150,    585.9060,    593.1970,    600.4880,    607.7790,    615.0700,    622.3610,    629.6520,    636.9430,    642.5500,    648.1570,    653.7640,    659.3700,    664.9770,    670.5840,    676.1910,    681.7980,    687.4050,    693.0110,    698.6180,    704.2250,    710.1390,    716.0530,    721.9670,    727.8810,    733.7950,    739.7090,    745.6240,    751.5380,    757.4520,    763.3660,    769.2800,    775.1940,    791.5010,    807.8070,    824.1140,    840.4210,    856.7270,    873.0340,    889.3410,    905.6470,    921.9540,    938.2610,    954.5670,    970.8740,    996.8050,   1022.7370,   1048.6680,   1074.6000,   1100.5310,   1126.4630,   1152.3940,   1178.3250,   1204.2570,   1230.1880,   1256.1200,   1282.0510,   1360.3990,   1438.7460,   1517.0940,   1595.4410,   1673.7890,   1752.1370,   1830.4840,   1908.8320,   1987.1790,   2065.5270,   2143.8740,   2222.2220
BWN VIS (cm-1) ,   2222.2200,   2366.4120,   2438.5080,   2510.6030,   2582.6990,   2654.7950,   2726.8910,   2798.9870,   2871.0820,   2943.1780,   3015.2740,   3087.3700,   3165.9750,   3244.5800,   3323.1850,   3401.7900,   3480.3950,   3559.0000,   3637.6050,   3716.2100,   3794.8150,   3873.4200,   3952.0250,   4030.6300,   4142.2920,   4253.9530,   4365.6150,   4477.2770,   4588.9380,   4700.6000,   4812.2620,   4923.9230,   5035.5850,   5147.2470,   5258.9080,   5370.5700,   5560.6150,   5750.6600,   5940.7050,   6130.7500,   6320.7950,   6510.8400,   6700.8850,   6890.9300,   7080.9750,   7271.0200,   7461.0650,   7651.1100,   8055.1840,   8459.2580,   8863.3330,   9267.4070,   9671.4810,  10075.5550,  10479.6290,  10883.7030,  11287.7780,  11691.8520,  12095.9260,  12500.0000,  13541.6670,  14583.3330,  15625.0000,  16666.6670,  17708.3330,  18750.0000,  19791.6670,  20833.3330,  21875.0000,  22916.6670,  23958.3330,  25000.0000,  26388.8890,  27777.7780,  29166.6670,  30555.5570,  31944.4460,  33333.3350,  34722.2240,  36111.1130,  37500.0030,  38888.8920,  40277.7810,  41666.6700
================
wavelenght [um],    0.244068,    0.252632,    0.261818,    0.271698,    0.282353,    0.293878,    0.306383,    0.320000,    0.334884,    0.351220,    0.369231,    0.389189,    0.408511,    0.426667,    0.446512,    0.468293,    0.492308,    0.518919,    0.548571,    0.581818,    0.619355,    0.662069,    0.711111,    0.768000,    0.813143,    0.840768,    0.870336,    0.902060,    0.936184,    0.972991,    1.012810,    1.056028,    1.103099,    1.154562,    1.211061,    1.273375,    1.323436,    1.357581,    1.393534,    1.431444,    1.471474,    1.513807,    1.558648,    1.606226,    1.656801,    1.710664,    1.768147,    1.829628,    1.881560,    1.921939,    1.964090,    2.008131,    2.054193,    2.102417,    2.152960,    2.205992,    2.261704,    2.320302,    2.382017,    2.447105,    2.505432,    2.555765,    2.608162,    2.662752,    2.719677,    2.779088,    2.841153,    2.906054,    2.973989,    3.045176,    3.119855,    3.198288,    3.277268,    3.356577,    3.439819,    3.527294,    3.619334,    3.716307,    3.818620,    3.926726,    4.041130,    4.162400,    4.291175,    4.428172,    4.580751,    4.751270,    4.934974,    5.133456,    5.348572,    5.582505,    5.837838,    6.117648,    6.425631,    6.766266,    7.145039,    7.568734,    7.879690,    8.044056,    8.215425,    8.394255,    8.581043,    8.776330,    8.980716,    9.194848,    9.419442,    9.655282,    9.903235,   10.164260,   10.387231,   10.566200,   10.751445,   10.943308,   11.142136,   11.348323,   11.562291,   11.784476,   12.015368,   12.255495,   12.505409,   12.765727,   12.949392,   13.049328,   13.150818,   13.253898,   13.358608,   13.464994,   13.573088,   13.682923,   13.794549,   13.908012,   14.023357,   14.140631,   14.256763,   14.371646,   14.488386,   14.607038,   14.727660,   14.850291,   14.974981,   15.101782,   15.230738,   15.361915,   15.495384,   15.631191,   15.790367,   15.974275,   16.162517,   16.355249,   16.552633,   16.754839,   16.962047,   17.174443,   17.392227,   17.615605,   17.844795,   18.080028,   18.550914,   19.294981,   20.101230,   20.977796,   21.934298,   22.982219,   24.135264,   25.410119,   26.827165,   28.411593,   30.194923,   32.217118,   34.732292,   37.914692,   41.739101,   46.421699,   52.287582,   59.850314,   69.970927,   84.210526,  105.726686,  142.012170,  216.216216,  452.826771
Qext           ,      1.4560,      1.4580,      1.4600,      1.4640,      1.4680,      1.4710,      1.4750,      1.4800,      1.4850,      1.4890,      1.4940,      1.5010,      1.5060,      1.5110,      1.5170,      1.5230,      1.5310,      1.5380,      1.5450,      1.5550,      1.5650,      1.5750,      1.5860,      1.6010,      1.6120,      1.6190,      1.6250,      1.6300,      1.6370,      1.6450,      1.6540,      1.6620,      1.6740,      1.6870,      1.7030,      1.7220,      1.7390,      1.7540,      1.7660,      1.7840,      1.8040,      1.8190,      1.8430,      1.8790,      1.9080,      1.9390,      1.9830,      2.0170,      2.0410,      2.0650,      2.1000,      2.1360,      2.1590,      2.1810,      2.2030,      2.2330,      2.2610,      2.2780,      2.2990,      2.3170,      2.3250,      2.3320,      2.3360,      2.3370,      2.3360,      2.3320,      2.3250,      2.3090,      2.2880,      2.2700,      2.2490,      2.2120,      2.1710,      2.1390,      2.1060,      2.0510,      1.9910,      1.9490,      1.8820,      1.8130,      1.7390,      1.6640,      1.5870,      1.5080,      1.4280,      1.3210,      1.2140,      1.1090,      1.0070,      0.9080,      0.7910,      0.6820,      0.5840,      0.4980,      0.4280,      0.3670,      0.3450,      0.3420,      0.3520,      0.3800,      0.4140,      0.4620,      0.5290,      0.6150,      0.8120,      0.9990,      1.0610,      1.0740,      1.0680,      1.0330,      0.9790,      0.9120,      0.8420,      0.7790,      0.7230,      0.6530,      0.5720,      0.4710,      0.3920,      0.3390,      0.3130,      0.3130,      0.3130,      0.3010,      0.3010,      0.2970,      0.2970,      0.2970,      0.2930,      0.2930,      0.2870,      0.2870,      0.2800,      0.2800,      0.2800,      0.2780,      0.2780,      0.2850,      0.2850,      0.3090,      0.3090,      0.3090,      0.3470,      0.3470,      0.3920,      0.3920,      0.4320,      0.4680,      0.4680,      0.4980,      0.4980,      0.5200,      0.5310,      0.5310,      0.5300,      0.5170,      0.4880,      0.4450,      0.4140,      0.3980,      0.3840,      0.3540,      0.3150,      0.2720,      0.2240,      0.1840,      0.1520,      0.1270,      0.1010,      0.0800,      0.0620,      0.0470,      0.0360,      0.0260,      0.0190,      0.0130,      0.0080,      0.0040,      0.0020,      0.0010
Qscat          ,      1.3670,      1.3790,      1.3910,      1.4040,      1.4170,      1.4260,      1.4360,      1.4450,      1.4550,      1.4620,      1.4710,      1.4810,      1.4890,      1.4950,      1.5030,      1.5100,      1.5180,      1.5270,      1.5360,      1.5460,      1.5570,      1.5680,      1.5800,      1.5950,      1.6070,      1.6140,      1.6190,      1.6250,      1.6330,      1.6410,      1.6490,      1.6580,      1.6700,      1.6830,      1.6980,      1.7170,      1.7340,      1.7490,      1.7600,      1.7790,      1.7990,      1.8140,      1.8380,      1.8730,      1.9020,      1.9320,      1.9760,      2.0100,      2.0330,      2.0570,      2.0920,      2.1270,      2.1500,      2.1720,      2.1940,      2.2240,      2.2510,      2.2670,      2.2880,      2.3050,      2.3130,      2.3190,      2.3230,      2.3230,      2.3220,      2.3170,      2.3100,      2.2930,      2.2710,      2.2520,      2.2310,      2.1930,      2.1500,      2.1180,      2.0840,      2.0280,      1.9670,      1.9240,      1.8550,      1.7840,      1.7090,      1.6320,      1.5520,      1.4710,      1.3890,      1.2790,      1.1690,      1.0590,      0.9520,      0.8480,      0.7230,      0.6050,      0.4960,      0.3950,      0.3060,      0.2120,      0.1590,      0.1360,      0.1070,      0.0850,      0.0750,      0.0720,      0.0750,      0.0870,      0.1340,      0.1990,      0.2340,      0.2670,      0.2760,      0.2850,      0.2870,      0.2810,      0.2700,      0.2580,      0.2480,      0.2390,      0.2260,      0.2040,      0.1740,      0.1450,      0.1210,      0.1210,      0.1210,      0.1040,      0.1040,      0.0910,      0.0910,      0.0910,      0.0810,      0.0810,      0.0720,      0.0720,      0.0630,      0.0630,      0.0630,      0.0540,      0.0540,      0.0460,      0.0460,      0.0410,      0.0410,      0.0410,      0.0380,      0.0380,      0.0390,      0.0390,      0.0410,      0.0440,      0.0440,      0.0480,      0.0480,      0.0510,      0.0540,      0.0540,      0.0560,      0.0560,      0.0550,      0.0490,      0.0440,      0.0400,      0.0370,      0.0340,      0.0300,      0.0260,      0.0210,      0.0160,      0.0130,      0.0100,      0.0070,      0.0050,      0.0030,      0.0020,      0.0010,      0.0010,      0.0000,      0.0000,      0.0000,      0.0000,      0.0000,      0.0000
G factor       ,    0.7660,    0.7630,    0.7610,    0.7580,    0.7550,    0.7520,    0.7500,    0.7470,    0.7440,    0.7420,    0.7400,    0.7360,    0.7330,    0.7310,    0.7280,    0.7250,    0.7210,    0.7180,    0.7140,    0.7100,    0.7040,    0.7000,    0.6940,    0.6860,    0.6790,    0.6750,    0.6710,    0.6670,    0.6620,    0.6560,    0.6490,    0.6430,    0.6350,    0.6260,    0.6180,    0.6100,    0.6040,    0.6010,    0.5990,    0.5960,    0.5940,    0.5930,    0.5920,    0.5920,    0.5930,    0.5940,    0.5980,    0.6010,    0.6030,    0.6060,    0.6100,    0.6140,    0.6180,    0.6210,    0.6240,    0.6290,    0.6340,    0.6370,    0.6410,    0.6460,    0.6480,    0.6510,    0.6530,    0.6560,    0.6580,    0.6600,    0.6610,    0.6640,    0.6660,    0.6670,    0.6670,    0.6680,    0.6690,    0.6690,    0.6690,    0.6690,    0.6680,    0.6670,    0.6650,    0.6640,    0.6610,    0.6590,    0.6560,    0.6520,    0.6490,    0.6430,    0.6370,    0.6300,    0.6220,    0.6130,    0.6010,    0.5870,    0.5700,    0.5500,    0.5260,    0.4930,    0.4670,    0.4530,    0.4300,    0.4070,    0.3910,    0.3740,    0.3580,    0.3420,    0.3190,    0.3020,    0.2960,    0.2930,    0.2930,    0.2960,    0.3000,    0.3040,    0.3050,    0.3040,    0.3030,    0.3030,    0.3010,    0.2960,    0.2830,    0.2660,    0.2500,    0.2500,    0.2500,    0.2360,    0.2360,    0.2240,    0.2240,    0.2240,    0.2130,    0.2130,    0.2030,    0.2030,    0.1920,    0.1920,    0.1920,    0.1820,    0.1820,    0.1710,    0.1710,    0.1610,    0.1610,    0.1610,    0.1520,    0.1520,    0.1440,    0.1440,    0.1370,    0.1320,    0.1320,    0.1270,    0.1270,    0.1220,    0.1190,    0.1190,    0.1160,    0.1140,    0.1120,    0.1070,    0.1010,    0.0940,    0.0890,    0.0840,    0.0800,    0.0770,    0.0730,    0.0680,    0.0620,    0.0560,    0.0490,    0.0410,    0.0340,    0.0280,    0.0220,    0.0170,    0.0120,    0.0080,    0.0050,    0.0030,    0.0010,    0.0000
================
P [mbar]       ,    0.1004,    0.1015,    0.1034,    0.1069,    0.1130,    0.1239,    0.1432,    0.1740,    0.2226,    0.3028,    0.4349,    0.6529,    1.0121,    1.6044,    2.4646,    3.4606,    4.3994,    5.2226,    5.8426,    6.2132,    6.3980,    6.4686,    6.5039,    6.5168
Temp initial[K],  163.5827,  163.6723,  163.8293,  164.1029,  164.5732,  165.3648,  166.6602,  168.4872,  170.9519,  174.2721,  178.5564,  183.8814,  190.3071,  197.9049,  205.8548,  212.8059,  218.1105,  222.1140,  224.8330,  226.3589,  227.0949,  227.3721,  227.5098,  227.5598
================
it   ,   tau    ,  Tsfc    ,   alb    ,   OLR    ,    ASR   ,  NET top ,  NET bot , T lev  01, T lev  02, T lev  03, T lev  04, T lev  05, T lev  06, T lev  07, T lev  08, T lev  09, T lev  10, T lev  11, T lev  12, T lev  13, T lev  14, T lev  15, T lev  16, T lev  17, T lev  18, T lev  19, T lev  20, T lev  21, T lev  22, T lev  23, T lev  24, T lev  25,  OLR IR01,  OLR IR02,  OLR IR03,  OLR IR04,  OLR IR05,  OLR IR06,  OLR IR07,  OLR IR08,  OLR IR09,  OLR IR10,  OLR IR11,  OLR IR12,  OLR IR13,  OLR IR14,  OLR IR15,  OLR IR16,  OLR IR17,  OLR IR18,  OLR IR19,  OLR IR20,  OLR IR21,  OLR IR22,  OLR IR23,  OLR IR24,  OLR IR25,  OLR IR26,  OLR IR27,  OLR IR28,  OLR IR29,  OLR IR30,  OLR IR31,  OLR IR32,  OLR IR33,  OLR IR34,  OLR IR35,  OLR IR36,  OLR IR37,  OLR IR38,  OLR IR39,  OLR IR40,  OLR IR41,  OLR IR42,  OLR IR43,  OLR IR44,  OLR IR45,  OLR IR46,  OLR IR47,  OLR IR48,  OLR IR49,  OLR IR50,  OLR IR51,  OLR IR52,  OLR IR53,  OLR IR54,  OLR IR55,  OLR IR56,  OLR IR57,  OLR IR58,  OLR IR59,  OLR IR60,  OLR IR61,  OLR IR62,  OLR IR63,  OLR IR64,  OLR IR65,  OLR IR66,  OLR IR67,  OLR IR68,  OLR IR69,  OLR IR70,  OLR IR71,  OLR IR72,  OLR IR73,  OLR IR74,  OLR IR75,  OLR IR76,  OLR IR77,  OLR IR78,  OLR IR79,  OLR IR80,  OLR IR81,  OLR IR82,  OLR IR83,  OLR IR84,  OLR IR85,  OLR IR86,  OLR IR87,  OLR IR88,  OLR IR89,  OLR IR90,  OLR IR91,  OLR IR92,  OLR IR93,  OLR IR94,  OLR IR95,  OLR IR96, ASR VIS01, ASR VIS02, ASR VIS03, ASR VIS04, ASR VIS05, ASR VIS06, ASR VIS07, ASR VIS08, ASR VIS09, ASR VIS10, ASR VIS11, ASR VIS12, ASR VIS13, ASR VIS14, ASR VIS15, ASR VIS16, ASR VIS17, ASR VIS18, ASR VIS19, ASR VIS20, ASR VIS21, ASR VIS22, ASR VIS23, ASR VIS24, ASR VIS25, ASR VIS26, ASR VIS27, ASR VIS28, ASR VIS29, ASR VIS30, ASR VIS31, ASR VIS32, ASR VIS33, ASR VIS34, ASR VIS35, ASR VIS36, ASR VIS37, ASR VIS38, ASR VIS39, ASR VIS40, ASR VIS41, ASR VIS42, ASR VIS43, ASR VIS44, ASR VIS45, ASR VIS46, ASR VIS47, ASR VIS48, ASR VIS49, ASR VIS50, ASR VIS51, ASR VIS52, ASR VIS53, ASR VIS54, ASR VIS55, ASR VIS56, ASR VIS57, ASR VIS58, ASR VIS59, ASR VIS60, ASR VIS61, ASR VIS62, ASR VIS63, ASR VIS64, ASR VIS65, ASR VIS66, ASR VIS67, ASR VIS68, ASR VIS69, ASR VIS70, ASR VIS71, ASR VIS72, ASR VIS73, ASR VIS74, ASR VIS75, ASR VIS76, ASR VIS77, ASR VIS78, ASR VIS79, ASR VIS80, ASR VIS81, ASR VIS82, ASR VIS83, ASR VIS84, SFC DIR01, SFC DIR02, SFC DIR03, SFC DIR04, SFC DIR05, SFC DIR06, SFC DIR07, SFC DIR08, SFC DIR09, SFC DIR10, SFC DIR11, SFC DIR12, SFC DIR13, SFC DIR14, SFC DIR15, SFC DIR16, SFC DIR17, SFC DIR18, SFC DIR19, SFC DIR20, SFC DIR21, SFC DIR22, SFC DIR23, SFC DIR24, SFC DIR25, SFC DIR26, SFC DIR27, SFC DIR28, SFC DIR29, SFC DIR30, SFC DIR31, SFC DIR32, SFC DIR33, SFC DIR34, SFC DIR35, SFC DIR36, SFC DIR37, SFC DIR38, SFC DIR39, SFC DIR40, SFC DIR41, SFC DIR42, SFC DIR43, SFC DIR44, SFC DIR45, SFC DIR46, SFC DIR47, SFC DIR48, SFC DIR49, SFC DIR50, SFC DIR51, SFC DIR52, SFC DIR53, SFC DIR54, SFC DIR55, SFC DIR56, SFC DIR57, SFC DIR58, SFC DIR59, SFC DIR60, SFC DIR61, SFC DIR62, SFC DIR63, SFC DIR64, SFC DIR65, SFC DIR66, SFC DIR67, SFC DIR68, SFC DIR69, SFC DIR70, SFC DIR71, SFC DIR72, SFC DIR73, SFC DIR74, SFC DIR75, SFC DIR76, SFC DIR77, SFC DIR78, SFC DIR79, SFC DIR80, SFC DIR81, SFC DIR82, SFC DIR83, SFC DIR84, SFC DIR85, SFC DIR86, SFC DIR87, SFC DIR88, SFC DIR89, SFC DIR90, SFC DIR91, SFC DIR92, SFC DIR93, SFC DIR94, SFC DIR95, SFC DIR96,SFC DVIS01,SFC DVIS02,SFC DVIS03,SFC DVIS04,SFC DVIS05,SFC DVIS06,SFC DVIS07,SFC DVIS08,SFC DVIS09,SFC DVIS10,SFC DVIS11,SFC DVIS12,SFC DVIS13,SFC DVIS14,SFC DVIS15,SFC DVIS16,SFC DVIS17,SFC DVIS18,SFC DVIS19,SFC DVIS20,SFC DVIS21,SFC DVIS22,SFC DVIS23,SFC DVIS24,SFC DVIS25,SFC DVIS26,SFC DVIS27,SFC DVIS28,SFC DVIS29,SFC DVIS30,SFC DVIS31,SFC DVIS32,SFC DVIS33,SFC DVIS34,SFC DVIS35,SFC DVIS36,SFC DVIS37,SFC DVIS38,SFC DVIS39,SFC DVIS40,SFC DVIS41,SFC DVIS42,SFC DVIS43,SFC DVIS44,SFC DVIS45,SFC DVIS46,SFC DVIS47,SFC DVIS48,SFC DVIS49,SFC DVIS50,SFC DVIS51,SFC DVIS52,SFC DVIS53,SFC DVIS54,SFC DVIS55,SFC DVIS56,SFC DVIS57,SFC DVIS58,SFC DVIS59,SFC DVIS60,SFC DVIS61,SFC DVIS62,SFC DVIS63,SFC DVIS64,SFC DVIS65,SFC DVIS66,SFC DVIS67,SFC DVIS68,SFC DVIS69,SFC DVIS70,SFC DVIS71,SFC DVIS72,SFC DVIS73,SFC DVIS74,SFC DVIS75,SFC DVIS76,SFC DVIS77,SFC DVIS78,SFC DVIS79,SFC DVIS80,SFC DVIS81,SFC DVIS82,SFC DVIS83,SFC DVIS84
    2,    0.0000,  227.5722,    0.2192,  139.8688,  115.8602,  -23.5218,  -14.0680,  158.4330,  163.5827,  163.6723,  163.8293,  164.1029,  164.5732,  165.3648,  166.6602,  168.4872,  170.9519,  174.2721,  178.5564,  183.8814,  190.3071,  197.9049,  205.8548,  212.8059,  218.1105,  222.1140,  224.8330,  226.3589,  227.0949,  227.3721,  227.5098,  227.5598,    0.0705,    0.2675,    0.5658,    0.9364,    1.3541,    1.7971,    2.2470,    2.6886,    3.1100,    3.5012,    3.8550,    4.1668,    3.7991,    3.9662,    4.1036,    4.2111,    4.2902,    4.3412,    4.3666,    4.3674,    4.3455,    4.3031,    4.2365,    4.1377,    1.4329,    1.4160,    1.3937,    1.3544,    1.3064,    1.2531,    1.1042,    1.0903,    1.0331,    0.8812,    0.8657,    0.6804,    0.4286,    0.3613,    0.2973,    0.2859,    0.2660,    0.2237,    0.2586,    0.2615,    0.2793,    0.3166,    0.3804,    0.4522,    0.5746,    0.6344,    0.5305,    0.6851,    0.6744,    0.6698,    0.6769,    0.7426,    0.7550,    0.7683,    0.7700,    0.7628,    2.0538,    1.9716,    1.9052,    1.8274,    1.7484,    1.6691,    1.5919,    1.5151,    1.4407,    1.3665,    1.2937,    1.2291,    1.8278,    1.6842,    1.5339,    1.3924,    1.2741,    1.1725,    1.0662,    0.9681,    0.8777,    0.7928,    0.7079,    0.6374,    1.5840,    1.1437,    0.8293,    0.5901,    0.4167,    0.2922,    0.2036,    0.1383,    0.0940,    0.0622,    0.0416,    0.0303,    0.0906,    0.0482,    0.0759,    0.0854,    0.0957,    0.0892,    0.0975,    0.1096,    0.0962,    0.1325,    0.1172,    0.1283,    0.1417,    0.1155,    0.1680,    0.1868,    0.1536,    0.1833,    0.2065,    0.2237,    0.2252,    0.1502,    0.2398,    0.2533,    0.3110,    0.3324,    0.3440,    0.3658,    0.3756,    0.3940,    0.4010,    0.4565,    0.4953,    0.4717,    0.4852,    0.4943,    0.8433,    0.9209,    0.9663,    0.9993,    1.0234,    1.1077,    1.0381,    1.1064,    1.0804,    1.1314,    1.0733,    1.1507,    2.4780,    2.4450,    2.4989,    2.5384,    2.5644,    2.4626,    2.5489,    2.6139,    2.6670,    2.4800,    2.4441,    2.5380,    6.4157,    6.1123,    6.0433,    5.8603,    5.4132,    5.0767,    4.4565,    4.0997,    3.9404,    3.4535,    2.6528,    2.4637,    1.8993,    1.7458,    1.3311,    1.2705,    0.8565,    0.6215,    0.5021,    0.2015,    0.1776,    0.1261,    0.0437,    0.0355,    0.0000,    0.0000,    0.0000,    0.0000,    0.0000,    0.0000,    0.0000,    0.0000,    0.0000,    0.0000,    0.0000,    0.0000,    0.0000,    0.0000,    0.0000,    0.0000,    0.0000,    0.0000,    0.0000,    0.0004,    0.0013,    0.0042,    0.0316,    0.1224,    0.0337,    0.0553,    0.0951,    0.1939,    0.3170,    0.4390,    0.7874,    0.8078,    0.8986,    1.0611,    1.1127,    1.2540,    0.9696,    0.9641,    0.9572,    0.9473,    0.9378,    0.9287,    0.9178,    0.9074,    0.8966,    0.8844,    0.8683,    0.8421,    0.8025,    0.6764,    0.7395,    0.4977,    0.5022,    0.4908,    0.4247,    0.2470,    0.1814,    0.1031,    0.0612,    0.0469,    0.0933,    0.0788,    0.0260,    0.0119,    0.0030,    0.0028,    0.0017,    0.0056,    0.0100,    0.0182,    0.0292,    0.0235,    0.0278,    0.0056,    0.0259,    0.0458,    0.0328,    0.0004,    0.0000,    0.0000,    0.0000,    0.0031,    0.0165,    0.0171,    0.0171,    0.0171,    0.0000,    0.0000,    0.0000,    0.0000,    0.0000,    0.0035,    0.0040,    0.0054,    0.0048,    0.0010,    0.0230,    0.0000,    0.0598,    0.1073,    0.1213,    0.1109,    0.1245,    0.1385,    0.1233,    0.1698,    0.1501,    0.1645,    0.1806,    0.1466,    0.2118,    0.2312,    0.1878,    0.1215,    0.0145,    0.0325,    0.1583,    0.1897,    0.3065,    0.3218,    0.3984,    0.4260,    0.4410,    0.4686,    0.4796,    0.4909,    0.4572,    0.4157,    0.3661,    0.4375,    0.6076,    0.6165,    1.0804,    1.1803,    1.2358,    1.2540,    1.2316,    1.3659,    1.3119,    1.3949,    1.2823,    1.4502,    1.3714,    1.4595,    3.1611,    3.0848,    3.2030,    3.2531,    3.2743,    3.1567,    3.2678,    3.3511,    3.4192,    3.1776,    3.1334,    3.2539,    8.2247,    7.8363,    7.7478,    7.5132,    6.9399,    6.5086,    5.7135,    5.2561,    5.0518,    4.4276,    3.4010,    3.1586,    2.4350,    2.2382,    1.7066,    1.6288,    1.0981,    0.7968,    0.6438,    0.2584,    0.2277,    0.1616,    0.0560,    0.0455
    2,    0.0500,  227.5722,    0.2307,  138.8427,  114.1508,  -24.2050,  -13.9551,  158.4330,  163.5827,  163.6723,  163.8293,  164.1029,  164.5732,  165.3648,  166.6602,  168.4872,  170.9519,  174.2721,  178.5564,  183.8814,  190.3071,  197.9049,  205.8548,  212.8059,  218.1105,  222.1140,  224.8330,  226.3589,  227.0949,  227.3721,  227.5098,  227.5598,    0.0705,    0.2675,    0.5658,    0.9364,    1.3539,    1.7968,    2.2465,    2.6877,    3.1084,    3.4987,    3.8512,    4.1615,    3.7927,    3.9579,    4.0929,    4.1972,    4.2725,    4.3200,    4.3421,    4.3401,    4.3165,    4.2725,    4.2034,    4.1018,    1.4195,    1.4025,    1.3804,    1.3417,    1.2948,    1.2428,    1.0965,    1.0833,    1.0268,    0.8771,    0.8624,    0.6789,    0.4282,    0.3611,    0.2972,    0.2858,    0.2660,    0.2237,    0.2585,    0.2614,    0.2792,    0.3164,    0.3799,    0.4514,    0.5728,    0.6320,    0.5288,    0.6818,    0.6712,    0.6666,    0.6735,    0.7383,    0.7504,    0.7632,    0.7648,    0.7576,    2.0385,    1.9546,    1.8853,    1.8041,    1.7229,    1.6419,    1.5638,    1.4860,    1.4105,    1.3355,    1.2625,    1.1981,    1.7809,    1.6408,    1.4962,    1.3642,    1.2542,    1.1564,    1.0534,    0.9576,    0.8690,    0.7858,    0.7021,    0.6323,    1.5713,    1.1342,    0.8219,    0.5844,    0.4123,    0.2889,    0.2011,    0.1364,    0.0926,    0.0613,    0.0409,    0.0297,    0.0900,    0.0481,    0.0751,    0.0841,    0.0942,    0.0877,    0.0958,    0.1076,    0.0945,    0.1300,    0.1149,    0.1259,    0.1389,    0.1132,    0.1646,    0.1830,    0.1504,    0.1803,    0.2052,    0.2219,    0.2219,    0.1469,    0.2345,    0.2476,    0.3040,    0.3248,    0.3362,    0.3575,    0.3671,    0.3852,    0.3924,    0.4477,    0.4867,    0.4626,    0.4744,    0.4835,    0.8246,    0.9007,    0.9454,    0.9782,    1.0025,    1.0852,    1.0170,    1.0842,    1.0598,    1.1093,    1.0525,    1.1289,    2.4320,    2.4012,    2.4549,    2.4950,    2.5219,    2.4226,    2.5084,    2.5732,    2.6263,    2.4428,    2.4079,    2.5011,    6.3251,    6.0287,    5.9630,    5.7840,    5.3446,    5.0135,    4.4023,    4.0507,    3.8940,    3.4134,    2.6225,    2.4358,    1.8782,    1.7269,    1.3170,    1.2571,    0.8478,    0.6154,    0.4973,    0.1996,    0.1760,    0.1250,    0.0434,    0.0353,    0.0000,    0.0000,    0.0001,    0.0004,    0.0010,    0.0019,    0.0032,    0.0053,    0.0079,    0.0115,    0.0161,    0.0217,    0.0245,    0.0302,    0.0375,    0.0462,    0.0565,    0.0656,    0.0734,    0.0792,    0.0816,    0.0859,    0.1166,    0.2108,    0.0661,    0.0876,    0.1262,    0.2221,    0.3413,    0.4590,    0.7991,    0.8179,    0.9065,    1.0652,    1.1152,    1.2542,    0.9696,    0.9641,    0.9572,    0.9473,    0.9378,    0.9287,    0.9178,    0.9074,    0.8966,    0.8844,    0.8683,    0.8422,    0.8033,    0.6784,    0.7408,    0.5014,    0.5058,    0.4944,    0.4289,    0.2531,    0.1882,    0.1107,    0.0692,    0.0550,    0.1163,    0.1039,    0.0556,    0.0470,    0.0418,    0.0441,    0.0441,    0.0491,    0.0547,    0.0636,    0.0743,    0.0681,    0.0945,    0.0671,    0.0782,    0.0843,    0.0597,    0.0219,    0.0168,    0.0133,    0.0108,    0.0116,    0.0233,    0.0229,    0.0309,    0.0270,    0.0075,    0.0057,    0.0043,    0.0033,    0.0025,    0.0053,    0.0053,    0.0063,    0.0054,    0.0015,    0.0227,    0.0000,    0.0588,    0.1053,    0.1190,    0.1088,    0.1220,    0.1357,    0.1207,    0.1663,    0.1469,    0.1610,    0.1767,    0.1434,    0.2070,    0.2260,    0.1836,    0.1188,    0.0142,    0.0318,    0.1546,    0.1852,    0.2993,    0.3142,    0.3889,    0.4159,    0.4305,    0.4575,    0.4683,    0.4793,    0.4464,    0.4059,    0.3576,    0.4274,    0.5935,    0.6023,    1.0557,    1.1536,    1.2082,    1.2264,    1.2048,    1.3368,    1.2844,    1.3660,    1.2561,    1.4210,    1.3442,    1.4309,    3.1007,    3.0275,    3.1453,    3.1962,    3.2186,    3.1039,    3.2146,    3.2977,    3.3654,    3.1282,    3.0856,    3.2049,    8.1037,    7.7245,    7.6395,    7.4095,    6.8459,    6.4218,    5.6378,    5.1865,    4.9859,    4.3701,    3.3568,    3.1176,    2.4032,    2.2089,    1.6839,    1.6069,    1.0831,    0.7858,    0.6347,    0.2546,    0.2243,    0.1592,    0.0551,    0.0448
    2,    0.1000,  227.5722,    0.2417,  137.8441,  112.5250,  -24.8322,  -13.8076,  158.4330,  163.5827,  163.6723,  163.8293,  164.1029,  164.5732,  165.3648,  166.6602,  168.4872,  170.9519,  174.2721,  178.5564,  183.8814,  190.3071,  197.9049,  205.8548,  212.8059,  218.1105,  222.1140,  224.8330,  226.3589,  227.0949,  227.3721,  227.5098,  227.5598,    0.0705,    0.2675,    0.5658,    0.9363,    1.3538,    1.7965,    2.2459,    2.6868,    3.1069,    3.4963,    3.8476,    4.1562,    3.7863,    3.9496,    4.0823,    4.1835,    4.2551,    4.2991,    4.3179,    4.3133,    4.2881,    4.2425,    4.1709,    4.0667,    1.4064,    1.3893,    1.3674,    1.3294,    1.2835,    1.2328,    1.0891,    1.0764,    1.0207,    0.8731,    0.8590,    0.6774,    0.4277,    0.3608,    0.2971,    0.2857,    0.2659,    0.2237,    0.2584,    0.2613,    0.2791,    0.3162,    0.3795,    0.4505,    0.5711,    0.6296,    0.5271,    0.6786,    0.6681,    0.6634,    0.6701,    0.7340,    0.7458,    0.7581,    0.7596,    0.7524,    2.0234,    1.9380,    1.8659,    1.7815,    1.6981,    1.6156,    1.5366,    1.4580,    1.3815,    1.3059,    1.2327,    1.1686,    1.7362,    1.5993,    1.4601,    1.3370,    1.2348,    1.1407,    1.0408,    0.9473,    0.8605,    0.7788,    0.6964,    0.6272,    1.5588,    1.1248,    0.8146,    0.5788,    0.4080,    0.2856,    0.1986,    0.1346,    0.0914,    0.0604,    0.0403,    0.0293,    0.0895,    0.0481,    0.0744,    0.0828,    0.0928,    0.0863,    0.0942,    0.1058,    0.0928,    0.1276,    0.1128,    0.1235,    0.1362,    0.1109,    0.1614,    0.1793,    0.1474,    0.1776,    0.2039,    0.2202,    0.2188,    0.1437,    0.2294,    0.2423,    0.2974,    0.3177,    0.3288,    0.3496,    0.3590,    0.3768,    0.3843,    0.4394,    0.4785,    0.4540,    0.4643,    0.4732,    0.8069,    0.8816,    0.9256,    0.9581,    0.9826,    1.0638,    0.9970,    1.0631,    1.0400,    1.0882,    1.0327,    1.1081,    2.3880,    2.3593,    2.4127,    2.4534,    2.4812,    2.3842,    2.4695,    2.5341,    2.5873,    2.4071,    2.3732,    2.4655,    6.2379,    5.9484,    5.8858,    5.7108,    5.2789,    4.9532,    4.3506,    4.0043,    3.8503,    3.3758,    2.5943,    2.4100,    1.8589,    1.7097,    1.3042,    1.2453,    0.8401,    0.6100,    0.4931,    0.1980,    0.1747,    0.1242,    0.0431,    0.0351,    0.0000,    0.0001,    0.0003,    0.0009,    0.0020,    0.0038,    0.0064,    0.0106,    0.0157,    0.0230,    0.0321,    0.0432,    0.0488,    0.0602,    0.0745,    0.0918,    0.1122,    0.1300,    0.1453,    0.1564,    0.1603,    0.1659,    0.1996,    0.2969,    0.0976,    0.1191,    0.1564,    0.2495,    0.3649,    0.4785,    0.8106,    0.8278,    0.9142,    1.0692,    1.1177,    1.2543,    0.9696,    0.9641,    0.9572,    0.9473,    0.9378,    0.9287,    0.9178,    0.9074,    0.8966,    0.8844,    0.8683,    0.8423,    0.8041,    0.6804,    0.7421,    0.5052,    0.5093,    0.4979,    0.4331,    0.2592,    0.1949,    0.1183,    0.0771,    0.0629,    0.1390,    0.1287,    0.0846,    0.0812,    0.0796,    0.0841,    0.0851,    0.0910,    0.0975,    0.1070,    0.1174,    0.1106,    0.1580,    0.1257,    0.1281,    0.1213,    0.0858,    0.0428,    0.0332,    0.0264,    0.0213,    0.0199,    0.0299,    0.0286,    0.0445,    0.0367,    0.0149,    0.0112,    0.0085,    0.0065,    0.0049,    0.0070,    0.0065,    0.0071,    0.0060,    0.0019,    0.0223,    0.0000,    0.0577,    0.1034,    0.1168,    0.1067,    0.1197,    0.1331,    0.1183,    0.1629,    0.1439,    0.1576,    0.1729,    0.1403,    0.2026,    0.2211,    0.1795,    0.1161,    0.0139,    0.0311,    0.1511,    0.1810,    0.2925,    0.3070,    0.3800,    0.4063,    0.4206,    0.4469,    0.4575,    0.4683,    0.4362,    0.3967,    0.3495,    0.4178,    0.5802,    0.5888,    1.0323,    1.1282,    1.1820,    1.2002,    1.1794,    1.3092,    1.2582,    1.3384,    1.2312,    1.3931,    1.3181,    1.4036,    3.0429,    2.9727,    3.0901,    3.1417,    3.1651,    3.0532,    3.1634,    3.2463,    3.3137,    3.0806,    3.0395,    3.1577,    7.9871,    7.6170,    7.5353,    7.3098,    6.7557,    6.3388,    5.5655,    5.1204,    4.9234,    4.3159,    3.3154,    3.0793,    2.3736,    2.1818,    1.6630,    1.5869,    1.0695,    0.7759,    0.6264,    0.2513,    0.2213,    0.1569,    0.0543,    0.0441
    2,    0.1500,  227.5722,    0.2522,  136.8716,  110.9620,  -25.4227,  -13.6443,  158.4330,  163.5827,  163.6723,  163.8293,  164.1029,  164.5732,  165.3648,  166.6602,  168.4872,  170.9519,  174.2721,  178.5564,  183.8814,  190.3071,  197.9049,  205.8548,  212.8059,  218.1105,  222.1140,  224.8330,  226.3589,  227.0949,  227.3721,  227.5098,  227.5598,    0.0705,    0.2675,    0.5658,    0.9363,    1.3536,    1.7963,    2.2454,    2.6858,    3.1053,    3.4939,    3.8439,    4.1510,    3.7800,    3.9415,    4.0718,    4.1700,    4.2379,    4.2786,    4.2941,    4.2869,    4.2602,    4.2130,    4.1392,    4.0323,    1.3937,    1.3764,    1.3548,    1.3173,    1.2725,    1.2231,    1.0817,    1.0696,    1.0146,    0.8691,    0.8558,    0.6760,    0.4272,    0.3605,    0.2970,    0.2856,    0.2659,    0.2236,    0.2584,    0.2613,    0.2790,    0.3160,    0.3791,    0.4497,    0.5694,    0.6272,    0.5254,    0.6755,    0.6649,    0.6603,    0.6667,    0.7297,    0.7413,    0.7532,    0.7546,    0.7473,    2.0086,    1.9216,    1.8470,    1.7595,    1.6741,    1.5902,    1.5104,    1.4310,    1.3537,    1.2775,    1.2043,    1.1404,    1.6936,    1.5597,    1.4255,    1.3107,    1.2158,    1.1253,    1.0284,    0.9372,    0.8521,    0.7720,    0.6907,    0.6222,    1.5464,    1.1155,    0.8074,    0.5733,    0.4038,    0.2823,    0.1962,    0.1329,    0.0901,    0.0595,    0.0397,    0.0288,    0.0891,    0.0480,    0.0736,    0.0816,    0.0914,    0.0850,    0.0927,    0.1041,    0.0912,    0.1254,    0.1108,    0.1212,    0.1337,    0.1088,    0.1583,    0.1759,    0.1446,    0.1749,    0.2027,    0.2185,    0.2159,    0.1408,    0.2247,    0.2372,    0.2911,    0.3110,    0.3218,    0.3422,    0.3514,    0.3689,    0.3766,    0.4315,    0.4707,    0.4458,    0.4547,    0.4635,    0.7902,    0.8634,    0.9068,    0.9391,    0.9638,    1.0434,    0.9779,    1.0430,    1.0212,    1.0681,    1.0138,    1.0882,    2.3459,    2.3192,    2.3723,    2.4136,    2.4420,    2.3473,    2.4320,    2.4965,    2.5497,    2.3727,    2.3396,    2.4312,    6.1537,    5.8707,    5.8111,    5.6400,    5.2154,    4.8947,    4.3006,    3.9594,    3.8079,    3.3394,    2.5670,    2.3851,    1.8402,    1.6931,    1.2920,    1.2339,    0.8328,    0.6049,    0.4892,    0.1965,    0.1735,    0.1234,    0.0428,    0.0349,    0.0000,    0.0001,    0.0004,    0.0013,    0.0030,    0.0058,    0.0096,    0.0158,    0.0235,    0.0344,    0.0480,    0.0646,    0.0729,    0.0899,    0.1112,    0.1369,    0.1670,    0.1934,    0.2159,    0.2319,    0.2372,    0.2440,    0.2807,    0.3809,    0.1283,    0.1496,    0.1857,    0.2761,    0.3878,    0.4975,    0.8217,    0.8375,    0.9218,    1.0731,    1.1201,    1.2545,    0.9696,    0.9641,    0.9572,    0.9473,    0.9378,    0.9287,    0.9178,    0.9074,    0.8966,    0.8844,    0.8683,    0.8424,    0.8048,    0.6824,    0.7434,    0.5089,    0.5128,    0.5014,    0.4373,    0.2651,    0.2014,    0.1257,    0.0849,    0.0707,    0.1614,    0.1530,    0.1131,    0.1146,    0.1162,    0.1228,    0.1247,    0.1313,    0.1387,    0.1485,    0.1585,    0.1510,    0.2185,    0.1815,    0.1758,    0.1570,    0.1112,    0.0632,    0.0493,    0.0393,    0.0317,    0.0281,    0.0365,    0.0342,    0.0580,    0.0463,    0.0221,    0.0167,    0.0127,    0.0097,    0.0073,    0.0087,    0.0078,    0.0080,    0.0066,    0.0024,    0.0219,    0.0000,    0.0568,    0.1016,    0.1147,    0.1048,    0.1174,    0.1305,    0.1160,    0.1596,    0.1410,    0.1544,    0.1694,    0.1374,    0.1983,    0.2164,    0.1757,    0.1136,    0.0137,    0.0305,    0.1478,    0.1770,    0.2860,    0.3002,    0.3715,    0.3972,    0.4112,    0.4370,    0.4473,    0.4579,    0.4265,    0.3879,    0.3419,    0.4086,    0.5676,    0.5760,    1.0101,    1.1042,    1.1570,    1.1753,    1.1552,    1.2828,    1.2332,    1.3121,    1.2073,    1.3665,    1.2933,    1.3775,    2.9875,    2.9202,    3.0371,    3.0893,    3.1137,    3.0044,    3.1142,    3.1968,    3.2638,    3.0347,    2.9950,    3.1122,    7.8744,    7.5129,    7.4343,    7.2133,    6.6682,    6.2582,    5.4953,    5.0562,    4.8628,    4.2632,    3.2751,    3.0421,    2.3450,    2.1556,    1.6429,    1.5676,    1.0563,    0.7663,    0.6186,    0.2481,    0.2184,    0.1548,    0.0536,    0.0435
    2,    0.2000,  227.5722,    0.2624,  135.9243,  109.4574,  -25.9799,  -13.4681,  158.4330,  163.5827,  163.6723,  163.8293,  164.1029,  164.5732,  165.3648,  166.6602,  168.4872,  170.9519,  174.2721,  178.5564,  183.8814,  190.3071,  197.9049,  205.8548,  212.8059,  218.1105,  222.1140,  224.8330,  226.3589,  227.0949,  227.3721,  227.5098,  227.5598,    0.0705,    0.2675,    0.5657,    0.9362,    1.3535,    1.7960,    2.2448,    2.6849,    3.1038,    3.4914,    3.8402,    4.1457,    3.7738,    3.9333,    4.0614,    4.1565,    4.2210,    4.2583,    4.2707,    4.2610,    4.2328,    4.1842,    4.1081,    3.9987,    1.3812,    1.3638,    1.3424,    1.3056,    1.2617,    1.2135,    1.0745,    1.0629,    1.0086,    0.8652,    0.8525,    0.6745,    0.4267,    0.3603,    0.2969,    0.2856,    0.2658,    0.2236,    0.2583,    0.2612,    0.2789,    0.3158,    0.3786,    0.4489,    0.5677,    0.6249,    0.5237,    0.6723,    0.6619,    0.6572,    0.6634,    0.7255,    0.7369,    0.7483,    0.7496,    0.7423,    1.9940,    1.9056,    1.8284,    1.7381,    1.6507,    1.5656,    1.4851,    1.4050,    1.3270,    1.2504,    1.1771,    1.1136,    1.6529,    1.5219,    1.3924,    1.2852,    1.1974,    1.1103,    1.0163,    0.9273,    0.8439,    0.7652,    0.6851,    0.6173,    1.5342,    1.1064,    0.8004,    0.5679,    0.3996,    0.2792,    0.1938,    0.1312,    0.0889,    0.0587,    0.0391,    0.0283,    0.0886,    0.0480,    0.0729,    0.0805,    0.0900,    0.0837,    0.0912,    0.1024,    0.0897,    0.1232,    0.1088,    0.1191,    0.1313,    0.1068,    0.1554,    0.1726,    0.1418,    0.1724,    0.2015,    0.2169,    0.2130,    0.1380,    0.2201,    0.2324,    0.2852,    0.3046,    0.3152,    0.3351,    0.3441,    0.3615,    0.3693,    0.4240,    0.4632,    0.4380,    0.4455,    0.4543,    0.7742,    0.8461,    0.8889,    0.9209,    0.9458,    1.0239,    0.9597,    1.0238,    1.0033,    1.0489,    0.9957,    1.0691,    2.3057,    2.2808,    2.3336,    2.3752,    2.4043,    2.3118,    2.3960,    2.4602,    2.5134,    2.3396,    2.3073,    2.3981,    6.0724,    5.7956,    5.7388,    5.5714,    5.1538,    4.8381,    4.2522,    3.9158,    3.7668,    3.3041,    2.5405,    2.3609,    1.8221,    1.6770,    1.2801,    1.2229,    0.8257,    0.5999,    0.4854,    0.1951,    0.1723,    0.1226,    0.0426,    0.0347,    0.0000,    0.0001,    0.0005,    0.0017,    0.0040,    0.0077,    0.0128,    0.0211,    0.0313,    0.0458,    0.0639,    0.0859,    0.0969,    0.1193,    0.1475,    0.1813,    0.2211,    0.2556,    0.2852,    0.3060,    0.3126,    0.3205,    0.3599,    0.4627,    0.1582,    0.1794,    0.2143,    0.3021,    0.4102,    0.5161,    0.8326,    0.8469,    0.9291,    1.0770,    1.1224,    1.2547,    0.9696,    0.9641,    0.9572,    0.9473,    0.9378,    0.9287,    0.9178,    0.9074,    0.8966,    0.8844,    0.8683,    0.8425,    0.8055,    0.6843,    0.7446,    0.5125,    0.5162,    0.5049,    0.4414,    0.2710,    0.2079,    0.1331,    0.0926,    0.0784,    0.1834,    0.1768,    0.1409,    0.1471,    0.1518,    0.1603,    0.1629,    0.1701,    0.1782,    0.1882,    0.1977,    0.1896,    0.2761,    0.2346,    0.2214,    0.1914,    0.1359,    0.0832,    0.0650,    0.0519,    0.0419,    0.0362,    0.0430,    0.0398,    0.0713,    0.0558,    0.0293,    0.0221,    0.0168,    0.0127,    0.0096,    0.0103,    0.0089,    0.0088,    0.0072,    0.0028,    0.0216,    0.0000,    0.0558,    0.0998,    0.1127,    0.1029,    0.1153,    0.1281,    0.1138,    0.1565,    0.1382,    0.1514,    0.1660,    0.1346,    0.1942,    0.2119,    0.1720,    0.1113,    0.0134,    0.0298,    0.1446,    0.1732,    0.2798,    0.2937,    0.3635,    0.3886,    0.4023,    0.4275,    0.4377,    0.4480,    0.4173,    0.3796,    0.3346,    0.3999,    0.5555,    0.5638,    0.9890,    1.0813,    1.1333,    1.1515,    1.1321,    1.2577,    1.2094,    1.2870,    1.1845,    1.3410,    1.2695,    1.3525,    2.9345,    2.8697,    2.9862,    3.0390,    3.0643,    2.9574,    3.0667,    3.1490,    3.2157,    2.9903,    2.9520,    3.0682,    7.7655,    7.4121,    7.3366,    7.1197,    6.5833,    6.1800,    5.4272,    4.9938,    4.8038,    4.2120,    3.2359,    3.0059,    2.3171,    2.1300,    1.6232,    1.5488,    1.0435,    0.7570,    0.6109,    0.2450,    0.2155,    0.1528,    0.0528,    0.0429
    2,    0.3000,  227.5722,    0.2816,  134.1007,  106.6095,  -27.0041,  -13.0842,  158.4330,  163.5827,  163.6723,  163.8293,  164.1029,  164.5732,  165.3648,  166.6602,  168.4872,  170.9519,  174.2721,  178.5564,  183.8814,  190.3071,  197.9049,  205.8548,  212.8059,  218.1105,  222.1140,  224.8330,  226.3589,  227.0949,  227.3721,  227.5098,  227.5598,    0.0705,    0.2675,    0.5657,    0.9361,    1.3532,    1.7954,    2.2437,    2.6830,    3.1007,    3.4866,    3.8329,    4.1353,    3.7613,    3.9173,    4.0408,    4.1301,    4.1877,    4.2186,    4.2251,    4.2106,    4.1796,    4.1280,    4.0478,    3.9337,    1.3572,    1.3395,    1.3185,    1.2828,    1.2407,    1.1948,    1.0605,    1.0499,    0.9970,    0.8575,    0.8462,    0.6716,    0.4257,    0.3598,    0.2967,    0.2854,    0.2657,    0.2236,    0.2582,    0.2611,    0.2787,    0.3154,    0.3778,    0.4472,    0.5644,    0.6203,    0.5204,    0.6662,    0.6558,    0.6511,    0.6569,    0.7173,    0.7282,    0.7388,    0.7398,    0.7326,    1.9656,    1.8744,    1.7925,    1.6969,    1.6061,    1.5187,    1.4371,    1.3558,    1.2766,    1.1993,    1.1262,    1.0633,    1.5768,    1.4510,    1.3301,    1.2369,    1.1619,    1.0813,    0.9928,    0.9079,    0.8277,    0.7521,    0.6741,    0.6077,    1.5104,    1.0886,    0.7866,    0.5573,    0.3916,    0.2731,    0.1892,    0.1279,    0.0865,    0.0570,    0.0380,    0.0274,    0.0877,    0.0479,    0.0715,    0.0783,    0.0875,    0.0813,    0.0885,    0.0993,    0.0869,    0.1192,    0.1052,    0.1151,    0.1268,    0.1031,    0.1499,    0.1666,    0.1368,    0.1676,    0.1992,    0.2138,    0.2078,    0.1328,    0.2118,    0.2235,    0.2742,    0.2928,    0.3030,    0.3221,    0.3307,    0.3476,    0.3558,    0.4100,    0.4493,    0.4234,    0.4286,    0.4371,    0.7446,    0.8141,    0.8556,    0.8872,    0.9122,    0.9876,    0.9257,    0.9879,    0.9696,    1.0129,    0.9618,    1.0335,    2.2301,    2.2085,    2.2606,    2.3030,    2.3332,    2.2448,    2.3277,    2.3915,    2.4446,    2.2766,    2.2458,    2.3352,    5.9176,    5.6525,    5.6011,    5.4407,    5.0363,    4.7298,    4.1595,    3.8324,    3.6882,    3.2364,    2.4898,    2.3145,    1.7874,    1.6463,    1.2574,    1.2019,    0.8121,    0.5905,    0.4782,    0.1924,    0.1701,    0.1212,    0.0422,    0.0344,    0.0000,    0.0002,    0.0008,    0.0026,    0.0060,    0.0115,    0.0192,    0.0315,    0.0468,    0.0685,    0.0954,    0.1281,    0.1443,    0.1775,    0.2190,    0.2687,    0.3267,    0.3770,    0.4197,    0.4495,    0.4585,    0.4684,    0.5128,    0.6201,    0.2156,    0.2364,    0.2691,    0.3518,    0.4531,    0.5517,    0.8535,    0.8652,    0.9433,    1.0844,    1.1270,    1.2550,    0.9696,    0.9641,    0.9572,    0.9473,    0.9378,    0.9287,    0.9178,    0.9074,    0.8966,    0.8844,    0.8683,    0.8427,    0.8070,    0.6881,    0.7471,    0.5197,    0.5229,    0.5116,    0.4494,    0.2825,    0.2207,    0.1474,    0.1077,    0.0935,    0.2265,    0.2234,    0.1949,    0.2098,    0.2200,    0.2317,    0.2354,    0.2436,    0.2526,    0.2627,    0.2710,    0.2614,    0.3834,    0.3337,    0.3067,    0.2565,    0.1832,    0.1217,    0.0955,    0.0764,    0.0618,    0.0520,    0.0557,    0.0507,    0.0973,    0.0744,    0.0433,    0.0326,    0.0247,    0.0187,    0.0141,    0.0135,    0.0112,    0.0103,    0.0082,    0.0037,    0.0209,    0.0000,    0.0540,    0.0965,    0.1089,    0.0993,    0.1112,    0.1235,    0.1097,    0.1507,    0.1330,    0.1456,    0.1596,    0.1293,    0.1866,    0.2036,    0.1652,    0.1068,    0.0129,    0.0287,    0.1387,    0.1661,    0.2684,    0.2817,    0.3486,    0.3726,    0.3857,    0.4099,    0.4197,    0.4296,    0.4003,    0.3641,    0.3209,    0.3837,    0.5332,    0.5412,    0.9497,    1.0386,    1.0891,    1.1072,    1.0890,    1.2108,    1.1649,    1.2400,    1.1418,    1.2933,    1.2249,    1.3056,    2.8348,    2.7748,    2.8902,    2.9439,    2.9708,    2.8684,    2.9768,    3.0584,    3.1243,    2.9061,    2.8703,    2.9845,    7.5579,    7.2199,    7.1498,    6.9407,    6.4209,    6.0302,    5.2966,    4.8741,    4.6907,    4.1136,    3.1607,    2.9364,    2.2634,    2.0809,    1.5855,    1.5126,    1.0189,    0.7390,    0.5962,    0.2390,    0.2101,    0.1488,    0.0514,    0.0417
    2,    0.4000,  227.5722,    0.2994,  132.3654,  103.9569,  -27.9215,  -12.6684,  158.4330,  163.5827,  163.6723,  163.8293,  164.1029,  164.5732,  165.3648,  166.6602,  168.4872,  170.9519,  174.2721,  178.5564,  183.8814,  190.3071,  197.9049,  205.8548,  212.8059,  218.1105,  222.1140,  224.8330,  226.3589,  227.0949,  227.3721,  227.5098,  227.5598,    0.0705,    0.2675,    0.5657,    0.9360,    1.3530,    1.7949,    2.2426,    2.6811,    3.0977,    3.4818,    3.8257,    4.1251,    3.7491,    3.9015,    4.0205,    4.1043,    4.1552,    4.1801,    4.1809,    4.1618,    4.1281,    4.0739,    3.9898,    3.8714,    1.3342,    1.3163,    1.2957,    1.2610,    1.2207,    1.1770,    1.0470,    1.0373,    0.9858,    0.8501,    0.8399,    0.6687,    0.4248,    0.3593,    0.2965,    0.2852,    0.2656,    0.2235,    0.2581,    0.2609,    0.2785,    0.3150,    0.3769,    0.4456,    0.5611,    0.6158,    0.5171,    0.6602,    0.6499,    0.6451,    0.6505,    0.7093,    0.7197,    0.7295,    0.7303,    0.7231,    1.9380,    1.8443,    1.7582,    1.6578,    1.5640,    1.4746,    1.3921,    1.3101,    1.2299,    1.1522,    1.0794,    1.0172,    1.5071,    1.3860,    1.2726,    1.1916,    1.1282,    1.0534,    0.9701,    0.8892,    0.8121,    0.7392,    0.6635,    0.5983,    1.4872,    1.0712,    0.7732,    0.5471,    0.3838,    0.2672,    0.1848,    0.1247,    0.0843,    0.0555,    0.0369,    0.0266,    0.0868,    0.0478,    0.0702,    0.0764,    0.0852,    0.0791,    0.0859,    0.0964,    0.0843,    0.1156,    0.1020,    0.1115,    0.1227,    0.0997,    0.1450,    0.1611,    0.1322,    0.1632,    0.1970,    0.2109,    0.2030,    0.1280,    0.2042,    0.2155,    0.2643,    0.2821,    0.2919,    0.3103,    0.3186,    0.3350,    0.3435,    0.3972,    0.4366,    0.4102,    0.4131,    0.4216,    0.7177,    0.7849,    0.8253,    0.8563,    0.8815,    0.9543,    0.8945,    0.9550,    0.9387,    0.9798,    0.9307,    1.0006,    2.1604,    2.1417,    2.1930,    2.2359,    2.2671,    2.1824,    2.2642,    2.3274,    2.3804,    2.2179,    2.1884,    2.2763,    5.7727,    5.5182,    5.4716,    5.3177,    4.9256,    4.6278,    4.0721,    3.7539,    3.6140,    3.1726,    2.4419,    2.2707,    1.7546,    1.6172,    1.2360,    1.1821,    0.7994,    0.5817,    0.4714,    0.1898,    0.1681,    0.1199,    0.0417,    0.0341,    0.0000,    0.0002,    0.0010,    0.0034,    0.0080,    0.0153,    0.0255,    0.0420,    0.0622,    0.0910,    0.1267,    0.1698,    0.1910,    0.2346,    0.2891,    0.3539,    0.4292,    0.4942,    0.5491,    0.5871,    0.5983,    0.6100,    0.6586,    0.7697,    0.2699,    0.2904,    0.3209,    0.3988,    0.4938,    0.5856,    0.8734,    0.8826,    0.9569,    1.0915,    1.1314,    1.2552,    0.9697,    0.9641,    0.9572,    0.9473,    0.9378,    0.9287,    0.9178,    0.9074,    0.8966,    0.8844,    0.8684,    0.8428,    0.8084,    0.6918,    0.7495,    0.5266,    0.5295,    0.5181,    0.4572,    0.2937,    0.2330,    0.1614,    0.1223,    0.1082,    0.2682,    0.2683,    0.2467,    0.2694,    0.2844,    0.2987,    0.3032,    0.3118,    0.3212,    0.3311,    0.3379,    0.3268,    0.4811,    0.4240,    0.3848,    0.3170,    0.2280,    0.1584,    0.1248,    0.1001,    0.0811,    0.0674,    0.0681,    0.0614,    0.1226,    0.0924,    0.0568,    0.0427,    0.0323,    0.0244,    0.0184,    0.0165,    0.0133,    0.0118,    0.0092,    0.0045,    0.0203,    0.0000,    0.0523,    0.0934,    0.1053,    0.0960,    0.1074,    0.1193,    0.1058,    0.1454,    0.1283,    0.1403,    0.1537,    0.1246,    0.1796,    0.1959,    0.1589,    0.1027,    0.0124,    0.0276,    0.1333,    0.1597,    0.2579,    0.2707,    0.3350,    0.3581,    0.3706,    0.3939,    0.4034,    0.4129,    0.3847,    0.3499,    0.3085,    0.3689,    0.5128,    0.5206,    0.9138,    0.9998,    1.0487,    1.0667,    1.0496,    1.1677,    1.1240,    1.1969,    1.1026,    1.2494,    1.1838,    1.2624,    2.7428,    2.6870,    2.8013,    2.8556,    2.8838,    2.7856,    2.8929,    2.9738,    3.0389,    2.8273,    2.7938,    2.9060,    7.3630,    7.0390,    6.9739,    6.7720,    6.2676,    5.8887,    5.1730,    4.7607,    4.5834,    4.0203,    3.0892,    2.8703,    2.2124,    2.0341,    1.5495,    1.4781,    0.9955,    0.7219,    0.5821,    0.2332,    0.2049,    0.1450,    0.0501,    0.0406
    2,    0.5000,  227.5722,    0.3161,  130.7116,  101.4788,  -28.7457,  -12.2306,  158.4330,  163.5827,  163.6723,  163.8293,  164.1029,  164.5732,  165.3648,  166.6602,  168.4872,  170.9519,  174.2721,  178.5564,  183.8814,  190.3071,  197.9049,  205.8548,  212.8059,  218.1105,  222.1140,  224.8330,  226.3589,  227.0949,  227.3721,  227.5098,  227.5598,    0.0705,    0.2675,    0.5656,    0.9359,    1.3527,    1.7943,    2.2415,    2.6792,    3.0946,    3.4771,    3.8185,    4.1149,    3.7369,    3.8859,    4.0006,    4.0789,    4.1236,    4.1427,    4.1381,    4.1148,    4.0785,    4.0218,    3.9340,    3.8118,    1.3122,    1.2941,    1.2739,    1.2402,    1.2015,    1.1598,    1.0339,    1.0252,    0.9749,    0.8428,    0.8338,    0.6659,    0.4238,    0.3588,    0.2964,    0.2851,    0.2654,    0.2235,    0.2580,    0.2608,    0.2783,    0.3146,    0.3761,    0.4440,    0.5579,    0.6113,    0.5139,    0.6544,    0.6441,    0.6393,    0.6443,    0.7016,    0.7115,    0.7206,    0.7211,    0.7139,    1.9114,    1.8153,    1.7252,    1.6206,    1.5242,    1.4332,    1.3500,    1.2674,    1.1866,    1.1087,    1.0364,    0.9749,    1.4431,    1.3263,    1.2196,    1.1492,    1.0961,    1.0268,    0.9483,    0.8711,    0.7970,    0.7268,    0.6531,    0.5891,    1.4645,    1.0543,    0.7602,    0.5372,    0.3763,    0.2615,    0.1805,    0.1217,    0.0821,    0.0540,    0.0359,    0.0258,    0.0860,    0.0477,    0.0691,    0.0745,    0.0831,    0.0771,    0.0836,    0.0938,    0.0819,    0.1122,    0.0990,    0.1081,    0.1190,    0.0966,    0.1405,    0.1560,    0.1280,    0.1592,    0.1949,    0.2082,    0.1985,    0.1237,    0.1972,    0.2081,    0.2552,    0.2723,    0.2818,    0.2995,    0.3075,    0.3236,    0.3323,    0.3854,    0.4248,    0.3980,    0.3991,    0.4073,    0.6931,    0.7582,    0.7975,    0.8280,    0.8534,    0.9238,    0.8659,    0.9247,    0.9102,    0.9493,    0.9020,    0.9703,    2.0959,    2.0798,    2.1303,    2.1736,    2.2055,    2.1242,    2.2048,    2.2675,    2.3203,    2.1628,    2.1345,    2.2211,    5.6365,    5.3919,    5.3498,    5.2018,    4.8213,    4.5315,    3.9896,    3.6796,    3.5438,    3.1122,    2.3966,    2.2293,    1.7236,    1.5897,    1.2158,    1.1633,    0.7874,    0.5733,    0.4650,    0.1874,    0.1661,    0.1186,    0.0414,    0.0338,    0.0000,    0.0003,    0.0013,    0.0043,    0.0100,    0.0191,    0.0318,    0.0523,    0.0775,    0.1133,    0.1576,    0.2111,    0.2371,    0.2908,    0.3577,    0.4370,    0.5288,    0.6075,    0.6737,    0.7192,    0.7322,    0.7454,    0.7977,    0.9118,    0.3214,    0.3414,    0.3699,    0.4433,    0.5323,    0.6178,    0.8923,    0.8991,    0.9699,    1.0983,    1.1357,    1.2555,    0.9697,    0.9641,    0.9572,    0.9473,    0.9378,    0.9287,    0.9178,    0.9074,    0.8966,    0.8844,    0.8684,    0.8430,    0.8097,    0.6954,    0.7518,    0.5334,    0.5359,    0.5245,    0.4648,    0.3046,    0.2451,    0.1750,    0.1365,    0.1225,    0.3088,    0.3118,    0.2964,    0.3262,    0.3452,    0.3617,    0.3666,    0.3753,    0.3848,    0.3939,    0.3992,    0.3865,    0.5701,    0.5062,    0.4563,    0.3734,    0.2704,    0.1934,    0.1530,    0.1229,    0.0998,    0.0823,    0.0801,    0.0717,    0.1473,    0.1100,    0.0700,    0.0525,    0.0397,    0.0300,    0.0225,    0.0194,    0.0154,    0.0132,    0.0102,    0.0052,    0.0197,    0.0000,    0.0507,    0.0905,    0.1020,    0.0929,    0.1039,    0.1153,    0.1023,    0.1404,    0.1239,    0.1355,    0.1484,    0.1201,    0.1732,    0.1889,    0.1532,    0.0990,    0.0120,    0.0266,    0.1284,    0.1538,    0.2484,    0.2607,    0.3226,    0.3448,    0.3569,    0.3793,    0.3885,    0.3976,    0.3705,    0.3369,    0.2971,    0.3553,    0.4942,    0.5018,    0.8810,    0.9641,    1.0117,    1.0295,    1.0133,    1.1281,    1.0863,    1.1571,    1.0663,    1.2087,    1.1458,    1.2224,    2.6575,    2.6054,    2.7186,    2.7734,    2.8026,    2.7082,    2.8145,    2.8946,    2.9588,    2.7534,    2.7219,    2.8323,    7.1796,    6.8686,    6.8078,    6.6125,    6.1224,    5.7546,    5.0558,    4.6532,    4.4815,    3.9316,    3.0212,    2.8074,    2.1637,    1.9894,    1.5151,    1.4452,    0.9730,    0.7055,    0.5687,    0.2278,    0.2000,    0.1414,    0.0488,    0.0395
    2,    0.7500,  227.5722,    0.3535,  126.8944,   95.9356,  -30.4715,  -11.0876,  158.4330,  163.5827,  163.6723,  163.8293,  164.1029,  164.5732,  165.3648,  166.6602,  168.4872,  170.9519,  174.2721,  178.5564,  183.8814,  190.3071,  197.9049,  205.8548,  212.8059,  218.1105,  222.1140,  224.8330,  226.3589,  227.0949,  227.3721,  227.5098,  227.5598,    0.0705,    0.2674,    0.5656,    0.9356,    1.3520,    1.7929,    2.2387,    2.6746,    3.0870,    3.4653,    3.8008,    4.0898,    3.7072,    3.8479,    3.9524,    4.0179,    4.0479,    4.0536,    4.0368,    4.0037,    3.9618,    3.8993,    3.8037,    3.6730,    1.2613,    1.2427,    1.2234,    1.1919,    1.1568,    1.1196,    1.0033,    0.9964,    0.9491,    0.8256,    0.8192,    0.6591,    0.4215,    0.3575,    0.2959,    0.2847,    0.2651,    0.2234,    0.2577,    0.2605,    0.2778,    0.3137,    0.3740,    0.4400,    0.5501,    0.6006,    0.5062,    0.6403,    0.6302,    0.6253,    0.6294,    0.6830,    0.6919,    0.6992,    0.6993,    0.6921,    1.8483,    1.7471,    1.6487,    1.5353,    1.4337,    1.3398,    1.2557,    1.1723,    1.0910,    1.0134,    0.9425,    0.8830,    1.3041,    1.1964,    1.1033,    1.0541,    1.0224,    0.9649,    0.8972,    0.8285,    0.7611,    0.6971,    0.6283,    0.5672,    1.4105,    1.0141,    0.7294,    0.5139,    0.3587,    0.2483,    0.1707,    0.1148,    0.0772,    0.0507,    0.0335,    0.0240,    0.0841,    0.0475,    0.0664,    0.0705,    0.0784,    0.0726,    0.0785,    0.0880,    0.0767,    0.1049,    0.0924,    0.1009,    0.1108,    0.0899,    0.1307,    0.1451,    0.1190,    0.1503,    0.1901,    0.2020,    0.1889,    0.1145,    0.1823,    0.1924,    0.2357,    0.2514,    0.2601,    0.2763,    0.2836,    0.2989,    0.3080,    0.3599,    0.3991,    0.3714,    0.3687,    0.3765,    0.6399,    0.7003,    0.7373,    0.7666,    0.7920,    0.8571,    0.8033,    0.8584,    0.8477,    0.8825,    0.8389,    0.9036,    1.9538,    1.9430,    1.9912,    2.0351,    2.0683,    1.9945,    2.0721,    2.1333,    2.1856,    2.0394,    2.0136,    2.0968,    5.3297,    5.1064,    5.0739,    4.9392,    4.5845,    4.3127,    3.8021,    3.5108,    3.3841,    2.9746,    2.2933,    2.1348,    1.6529,    1.5270,    1.1697,    1.1207,    0.7600,    0.5544,    0.4506,    0.1820,    0.1618,    0.1159,    0.0405,    0.0332,    0.0001,    0.0005,    0.0020,    0.0064,    0.0149,    0.0286,    0.0476,    0.0781,    0.1155,    0.1684,    0.2337,    0.3122,    0.3494,    0.4272,    0.5233,    0.6361,    0.7650,    0.8742,    0.9650,    1.0265,    1.0432,    1.0592,    1.1184,    1.2370,    0.4386,    0.4574,    0.4813,    0.5445,    0.6201,    0.6913,    0.9356,    0.9373,    0.9997,    1.1142,    1.1456,    1.2562,    0.9697,    0.9641,    0.9572,    0.9473,    0.9378,    0.9287,    0.9178,    0.9074,    0.8966,    0.8844,    0.8684,    0.8434,    0.8130,    0.7039,    0.7574,    0.5495,    0.5511,    0.5398,    0.4830,    0.3307,    0.2738,    0.2073,    0.1703,    0.1564,    0.4050,    0.4143,    0.4125,    0.4566,    0.4834,    0.5032,    0.5079,    0.5155,    0.5237,    0.5302,    0.5309,    0.5141,    0.7603,    0.6822,    0.6106,    0.4979,    0.3668,    0.2741,    0.2185,    0.1765,    0.1439,    0.1178,    0.1088,    0.0965,    0.2063,    0.1518,    0.1012,    0.0757,    0.0570,    0.0428,    0.0320,    0.0261,    0.0201,    0.0164,    0.0124,    0.0069,    0.0184,    0.0000,    0.0471,    0.0840,    0.0945,    0.0860,    0.0961,    0.1066,    0.0944,    0.1295,    0.1142,    0.1248,    0.1365,    0.1105,    0.1592,    0.1736,    0.1407,    0.0908,    0.0110,    0.0244,    0.1177,    0.1410,    0.2277,    0.2389,    0.2956,    0.3160,    0.3270,    0.3477,    0.3562,    0.3645,    0.3396,    0.3086,    0.2721,    0.3258,    0.4537,    0.4607,    0.8097,    0.8865,    0.9309,    0.9484,    0.9340,    1.0414,    1.0038,    1.0698,    0.9867,    1.1194,    1.0621,    1.1341,    2.4690,    2.4246,    2.5349,    2.5902,    2.6214,    2.5351,    2.6387,    2.7167,    2.7787,    2.5868,    2.5600,    2.6659,    6.7647,    6.4820,    6.4303,    6.2495,    5.7914,    5.4482,    4.7876,    4.4067,    4.2477,    3.7277,    2.8647,    2.6625,    2.0516,    1.8863,    1.4357,    1.3689,    0.9210,    0.6675,    0.5374,    0.2150,    0.1884,    0.1330,    0.0458,    0.0370
    2,    1.0000,  227.5722,    0.3857,  123.4693,   91.1562,  -31.8256,   -9.9398,  158.4330,  163.5827,  163.6723,  163.8293,  164.1029,  164.5732,  165.3648,  166.6602,  168.4872,  170.9519,  174.2721,  178.5564,  183.8814,  190.3071,  197.9049,  205.8548,  212.8059,  218.1105,  222.1140,  224.8330,  226.3589,  227.0949,  227.3721,  227.5098,  227.5598,    0.0705,    0.2674,    0.5655,    0.9354,    1.3514,    1.7916,    2.2360,    2.6700,    3.0796,    3.4537,    3.7835,    4.0653,    3.6784,    3.8112,    3.9061,    3.9599,    3.9766,    3.9704,    3.9429,    3.9014,    3.8544,    3.7871,    3.6849,    3.5474,    1.2154,    1.1965,    1.1779,    1.1483,    1.1164,    1.0830,    0.9752,    0.9699,    0.9252,    0.8094,    0.8054,    0.6525,    0.4192,    0.3563,    0.2954,    0.2843,    0.2649,    0.2233,    0.2575,    0.2602,    0.2774,    0.3127,    0.3719,    0.4362,    0.5426,    0.5904,    0.4988,    0.6270,    0.6170,    0.6120,    0.6154,    0.6656,    0.6736,    0.6793,    0.6789,    0.6717,    1.7898,    1.6846,    1.5795,    1.4594,    1.3542,    1.2587,    1.1744,    1.0912,    1.0102,    0.9336,    0.8645,    0.8070,    1.1895,    1.0891,    1.0064,    0.9725,    0.9569,    0.9092,    0.8506,    0.7892,    0.7278,    0.6694,    0.6051,    0.5467,    1.3599,    0.9766,    0.7008,    0.4923,    0.3425,    0.2362,    0.1618,    0.1085,    0.0728,    0.0476,    0.0314,    0.0225,    0.0824,    0.0473,    0.0641,    0.0670,    0.0745,    0.0689,    0.0743,    0.0832,    0.0724,    0.0988,    0.0870,    0.0949,    0.1041,    0.0844,    0.1226,    0.1361,    0.1115,    0.1429,    0.1858,    0.1964,    0.1807,    0.1069,    0.1701,    0.1794,    0.2197,    0.2342,    0.2422,    0.2573,    0.2640,    0.2785,    0.2880,    0.3387,    0.3775,    0.3493,    0.3435,    0.3511,    0.5958,    0.6524,    0.6873,    0.7154,    0.7407,    0.8012,    0.7508,    0.8029,    0.7950,    0.8263,    0.7857,    0.8473,    1.8336,    1.8268,    1.8728,    1.9167,    1.9507,    1.8831,    1.9578,    2.0175,    2.0693,    1.9326,    1.9087,    1.9889,    5.0629,    4.8572,    4.8327,    4.7094,    4.3768,    4.1205,    3.6372,    3.3624,    3.2434,    2.8533,    2.2022,    2.0515,    1.5906,    1.4718,    1.1291,    1.0832,    0.7360,    0.5378,    0.4380,    0.1773,    0.1580,    0.1135,    0.0398,    0.0327,    0.0001,    0.0006,    0.0026,    0.0085,    0.0198,    0.0380,    0.0632,    0.1036,    0.1530,    0.2226,    0.3081,    0.4104,    0.4578,    0.5579,    0.6806,    0.8232,    0.9843,    1.1191,    1.2298,    1.3038,    1.3231,    1.3406,    1.4040,    1.5237,    0.5412,    0.5587,    0.5785,    0.6328,    0.6970,    0.7562,    0.9739,    0.9713,    1.0263,    1.1284,    1.1547,    1.2568,    0.9697,    0.9642,    0.9572,    0.9473,    0.9378,    0.9287,    0.9178,    0.9074,    0.8966,    0.8844,    0.8685,    0.8438,    0.8161,    0.7120,    0.7626,    0.5646,    0.5653,    0.5540,    0.4999,    0.3550,    0.3006,    0.2375,    0.2019,    0.1881,    0.4945,    0.5086,    0.5177,    0.5724,    0.6040,    0.6249,    0.6281,    0.6335,    0.6390,    0.6417,    0.6375,    0.6166,    0.9130,    0.8236,    0.7359,    0.6028,    0.4511,    0.3461,    0.2778,    0.2256,    0.1847,    0.1509,    0.1357,    0.1197,    0.2617,    0.1910,    0.1303,    0.0972,    0.0728,    0.0546,    0.0406,    0.0321,    0.0243,    0.0192,    0.0143,    0.0084,    0.0172,    0.0000,    0.0440,    0.0784,    0.0881,    0.0801,    0.0894,    0.0992,    0.0878,    0.1202,    0.1060,    0.1157,    0.1266,    0.1024,    0.1474,    0.1607,    0.1302,    0.0838,    0.0102,    0.0225,    0.1087,    0.1304,    0.2104,    0.2208,    0.2732,    0.2921,    0.3022,    0.3214,    0.3293,    0.3370,    0.3139,    0.2850,    0.2512,    0.3011,    0.4199,    0.4266,    0.7502,    0.8218,    0.8634,    0.8804,    0.8675,    0.9685,    0.9343,    0.9963,    0.9194,    1.0439,    0.9913,    1.0592,    2.3087,    2.2704,    2.3777,    2.4331,    2.4654,    2.3857,    2.4867,    2.5626,    2.6223,    2.4420,    2.4190,    2.5207,    6.4018,    6.1427,    6.0982,    5.9294,    5.4986,    5.1768,    4.5495,    4.1874,    4.0393,    3.5458,    2.7248,    2.5328,    1.9510,    1.7936,    1.3641,    1.3002,    0.8740,    0.6331,    0.5090,    0.2034,    0.1779,    0.1253,    0.0430,    0.0347
    2,    1.2500,  227.5722,    0.4138,  120.3742,   86.9811,  -32.9055,   -8.8378,  158.4330,  163.5827,  163.6723,  163.8293,  164.1029,  164.5732,  165.3648,  166.6602,  168.4872,  170.9519,  174.2721,  178.5564,  183.8814,  190.3071,  197.9049,  205.8548,  212.8059,  218.1105,  222.1140,  224.8330,  226.3589,  227.0949,  227.3721,  227.5098,  227.5598,    0.0705,    0.2674,    0.5654,    0.9351,    1.3507,    1.7902,    2.2333,    2.6654,    3.0722,    3.4422,    3.7664,    4.0414,    3.6504,    3.7757,    3.8618,    3.9047,    3.9094,    3.8926,    3.8556,    3.8067,    3.7554,    3.6839,    3.5762,    3.4333,    1.1739,    1.1547,    1.1368,    1.1089,    1.0796,    1.0496,    0.9493,    0.9454,    0.9030,    0.7942,    0.7923,    0.6461,    0.4170,    0.3551,    0.2950,    0.2840,    0.2646,    0.2232,    0.2572,    0.2598,    0.2769,    0.3118,    0.3699,    0.4325,    0.5354,    0.5806,    0.4917,    0.6143,    0.6045,    0.5995,    0.6022,    0.6492,    0.6563,    0.6607,    0.6599,    0.6527,    1.7355,    1.6271,    1.5166,    1.3915,    1.2840,    1.1876,    1.1038,    1.0213,    0.9412,    0.8660,    0.7990,    0.7436,    1.0938,    0.9995,    0.9248,    0.9019,    0.8986,    0.8588,    0.8079,    0.7530,    0.6969,    0.6436,    0.5833,    0.5275,    1.3123,    0.9414,    0.6740,    0.4723,    0.3276,    0.2252,    0.1538,    0.1028,    0.0688,    0.0450,    0.0296,    0.0211,    0.0809,    0.0472,    0.0622,    0.0641,    0.0711,    0.0657,    0.0707,    0.0791,    0.0687,    0.0937,    0.0824,    0.0898,    0.0984,    0.0797,    0.1158,    0.1285,    0.1052,    0.1365,    0.1818,    0.1915,    0.1738,    0.1005,    0.1598,    0.1685,    0.2063,    0.2197,    0.2272,    0.2412,    0.2474,    0.2614,    0.2711,    0.3206,    0.3590,    0.3304,    0.3223,    0.3295,    0.5586,    0.6118,    0.6449,    0.6720,    0.6971,    0.7537,    0.7061,    0.7554,    0.7500,    0.7783,    0.7402,    0.7989,    1.7302,    1.7265,    1.7703,    1.8140,    1.8485,    1.7862,    1.8581,    1.9163,    1.9674,    1.8392,    1.8168,    1.8942,    4.8281,    4.6375,    4.6197,    4.5062,    4.1929,    3.9499,    3.4910,    3.2308,    3.1184,    2.7455,    2.1213,    1.9775,    1.5353,    1.4227,    1.0931,    1.0500,    0.7148,    0.5231,    0.4269,    0.1731,    0.1547,    0.1114,    0.0392,    0.0323,    0.0001,    0.0008,    0.0033,    0.0107,    0.0248,    0.0474,    0.0786,    0.1288,    0.1899,    0.2757,    0.3809,    0.5058,    0.5623,    0.6832,    0.8302,    0.9992,    1.1879,    1.3441,    1.4707,    1.5542,    1.5752,    1.5931,    1.6585,    1.7769,    0.6312,    0.6472,    0.6635,    0.7101,    0.7644,    0.8134,    1.0077,    1.0017,    1.0501,    1.1413,    1.1630,    1.2574,    0.9698,    0.9642,    0.9572,    0.9473,    0.9378,    0.9287,    0.9178,    0.9074,    0.8966,    0.8844,    0.8685,    0.8441,    0.8190,    0.7195,    0.7675,    0.5788,    0.5787,    0.5674,    0.5158,    0.3777,    0.3257,    0.2657,    0.2314,    0.2177,    0.5777,    0.5956,    0.6132,    0.6755,    0.7097,    0.7300,    0.7308,    0.7331,    0.7351,    0.7335,    0.7244,    0.6996,    1.0366,    0.9382,    0.8385,    0.6914,    0.5252,    0.4103,    0.3315,    0.2706,    0.2223,    0.1817,    0.1609,    0.1415,    0.3138,    0.2277,    0.1574,    0.1171,    0.0875,    0.0653,    0.0484,    0.0375,    0.0280,    0.0217,    0.0160,    0.0097,    0.0161,    0.0000,    0.0412,    0.0734,    0.0825,    0.0749,    0.0836,    0.0927,    0.0820,    0.1122,    0.0989,    0.1079,    0.1180,    0.0954,    0.1373,    0.1496,    0.1212,    0.0778,    0.0094,    0.0208,    0.1011,    0.1213,    0.1958,    0.2054,    0.2542,    0.2717,    0.2811,    0.2991,    0.3065,    0.3136,    0.2920,    0.2648,    0.2333,    0.2800,    0.3912,    0.3975,    0.6995,    0.7666,    0.8059,    0.8224,    0.8106,    0.9061,    0.8748,    0.9333,    0.8615,    0.9788,    0.9303,    0.9947,    2.1701,    2.1367,    2.2412,    2.2962,    2.3293,    2.2551,    2.3535,    2.4274,    2.4849,    2.3145,    2.2947,    2.3927,    6.0806,    5.8416,    5.8027,    5.6441,    5.2372,    4.9340,    4.3362,    3.9905,    3.8520,    3.3820,    2.5987,    2.4158,    1.8601,    1.7096,    1.2992,    1.2377,    0.8312,    0.6017,    0.4831,    0.1928,    0.1683,    0.1183,    0.0405,    0.0326
    2,    1.5000,  227.5722,    0.4387,  117.5606,   83.2931,  -33.7797,   -7.8094,  158.4330,  163.5827,  163.6723,  163.8293,  164.1029,  164.5732,  165.3648,  166.6602,  168.4872,  170.9519,  174.2721,  178.5564,  183.8814,  190.3071,  197.9049,  205.8548,  212.8059,  218.1105,  222.1140,  224.8330,  226.3589,  227.0949,  227.3721,  227.5098,  227.5598,    0.0705,    0.2674,    0.5653,    0.9348,    1.3500,    1.7888,    2.2306,    2.6608,    3.0648,    3.4309,    3.7497,    4.0180,    3.6232,    3.7415,    3.8191,    3.8521,    3.8459,    3.8197,    3.7744,    3.7190,    3.6638,    3.5888,    3.4765,    3.3293,    1.1362,    1.1169,    1.0995,    1.0731,    1.0461,    1.0189,    0.9254,    0.9226,    0.8824,    0.7800,    0.7799,    0.6400,    0.4148,    0.3539,    0.2945,    0.2836,    0.2643,    0.2231,    0.2569,    0.2595,    0.2764,    0.3108,    0.3679,    0.4288,    0.5284,    0.5713,    0.4850,    0.6024,    0.5927,    0.5876,    0.5896,    0.6338,    0.6401,    0.6433,    0.6421,    0.6349,    1.6850,    1.5740,    1.4593,    1.3304,    1.2215,    1.1250,    1.0420,    0.9606,    0.8818,    0.8083,    0.7434,    0.6899,    1.0130,    0.9239,    0.8556,    0.8405,    0.8464,    0.8131,    0.7688,    0.7195,    0.6682,    0.6193,    0.5628,    0.5093,    1.2675,    0.9084,    0.6491,    0.4537,    0.3138,    0.2151,    0.1464,    0.0977,    0.0652,    0.0425,    0.0279,    0.0198,    0.0795,    0.0470,    0.0604,    0.0616,    0.0682,    0.0629,    0.0676,    0.0756,    0.0655,    0.0893,    0.0784,    0.0855,    0.0935,    0.0757,    0.1099,    0.1219,    0.0998,    0.1309,    0.1782,    0.1870,    0.1677,    0.0950,    0.1510,    0.1591,    0.1948,    0.2073,    0.2144,    0.2275,    0.2333,    0.2467,    0.2565,    0.3050,    0.3430,    0.3142,    0.3041,    0.3111,    0.5266,    0.5769,    0.6085,    0.6345,    0.6594,    0.7125,    0.6673,    0.7143,    0.7108,    0.7365,    0.7006,    0.7568,    1.6400,    1.6389,    1.6805,    1.7238,    1.7585,    1.7008,    1.7700,    1.8268,    1.8774,    1.7565,    1.7352,    1.8101,    4.6195,    4.4417,    4.4297,    4.3249,    4.0287,    3.7975,    3.3602,    3.1132,    3.0065,    2.6490,    2.0489,    1.9112,    1.4858,    1.3789,    1.0610,    1.0204,    0.6959,    0.5101,    0.4170,    0.1695,    0.1519,    0.1096,    0.0386,    0.0319,    0.0001,    0.0009,    0.0039,    0.0128,    0.0296,    0.0567,    0.0940,    0.1537,    0.2264,    0.3280,    0.4519,    0.5985,    0.6632,    0.8033,    0.9723,    1.1648,    1.3772,    1.5509,    1.6900,    1.7806,    1.8023,    1.8201,    1.8857,    2.0006,    0.7102,    0.7247,    0.7379,    0.7778,    0.8237,    0.8640,    1.0377,    1.0287,    1.0713,    1.1529,    1.1705,    1.2580,    0.9698,    0.9642,    0.9572,    0.9473,    0.9378,    0.9287,    0.9178,    0.9074,    0.8966,    0.8844,    0.8685,    0.8445,    0.8218,    0.7267,    0.7721,    0.5920,    0.5912,    0.5799,    0.5307,    0.3990,    0.3492,    0.2921,    0.2590,    0.2454,    0.6553,    0.6759,    0.7002,    0.7675,    0.8025,    0.8212,    0.8190,    0.8177,    0.8158,    0.8097,    0.7959,    0.7674,    1.1374,    1.0317,    0.9230,    0.7666,    0.5903,    0.4678,    0.3803,    0.3118,    0.2572,    0.2105,    0.1846,    0.1620,    0.3628,    0.2622,    0.1828,    0.1356,    0.1010,    0.0751,    0.0555,    0.0424,    0.0314,    0.0240,    0.0176,    0.0109,    0.0152,    0.0000,    0.0388,    0.0691,    0.0775,    0.0703,    0.0785,    0.0870,    0.0769,    0.1052,    0.0927,    0.1011,    0.1105,    0.0893,    0.1285,    0.1400,    0.1133,    0.0726,    0.0087,    0.0193,    0.0944,    0.1134,    0.1830,    0.1921,    0.2377,    0.2541,    0.2629,    0.2798,    0.2868,    0.2934,    0.2730,    0.2473,    0.2177,    0.2617,    0.3664,    0.3723,    0.6557,    0.7188,    0.7559,    0.7720,    0.7611,    0.8518,    0.8229,    0.8783,    0.8110,    0.9220,    0.8769,    0.9382,    2.0487,    2.0193,    2.1212,    2.1755,    2.2090,    2.1395,    2.2355,    2.3073,    2.3626,    2.2010,    2.1840,    2.2784,    5.7936,    5.5719,    5.5376,    5.3877,    5.0017,    4.7151,    4.1434,    3.8124,    3.6822,    3.2335,    2.4841,    2.3093,    1.7772,    1.6329,    1.2398,    1.1805,    0.7919,    0.5729,    0.4594,    0.1831,    0.1594,    0.1118,    0.0382,    0.0306
    2,    1.7500,  227.5722,    0.4609,  114.9891,   80.0044,  -34.4967,   -6.8679,  158.4330,  163.5827,  163.6723,  163.8293,  164.1029,  164.5732,  165.3648,  166.6602,  168.4872,  170.9519,  174.2721,  178.5564,  183.8814,  190.3071,  197.9049,  205.8548,  212.8059,  218.1105,  222.1140,  224.8330,  226.3589,  227.0949,  227.3721,  227.5098,  227.5598,    0.0705,    0.2674,    0.5653,    0.9346,    1.3494,    1.7874,    2.2279,    2.6563,    3.0576,    3.4198,    3.7332,    3.9951,    3.5968,    3.7083,    3.7782,    3.8019,    3.7859,    3.7512,    3.6985,    3.6375,    3.5789,    3.5008,    3.3847,    3.2341,    1.1018,    1.0824,    1.0655,    1.0405,    1.0154,    0.9907,    0.9033,    0.9015,    0.8632,    0.7666,    0.7681,    0.6341,    0.4127,    0.3527,    0.2941,    0.2832,    0.2640,    0.2230,    0.2567,    0.2592,    0.2759,    0.3099,    0.3660,    0.4253,    0.5217,    0.5624,    0.4785,    0.5910,    0.5815,    0.5763,    0.5778,    0.6193,    0.6249,    0.6269,    0.6254,    0.6183,    1.6378,    1.5249,    1.4068,    1.2753,    1.1657,    1.0694,    0.9875,    0.9075,    0.8302,    0.7586,    0.6957,    0.6442,    0.9443,    0.8596,    0.7963,    0.7869,    0.7996,    0.7716,    0.7329,    0.6884,    0.6414,    0.5966,    0.5435,    0.4922,    1.2253,    0.8773,    0.6257,    0.4363,    0.3010,    0.2057,    0.1396,    0.0930,    0.0620,    0.0403,    0.0264,    0.0187,    0.0782,    0.0468,    0.0589,    0.0594,    0.0657,    0.0605,    0.0649,    0.0725,    0.0628,    0.0854,    0.0750,    0.0817,    0.0893,    0.0722,    0.1048,    0.1163,    0.0951,    0.1259,    0.1748,    0.1830,    0.1623,    0.0902,    0.1434,    0.1510,    0.1848,    0.1965,    0.2032,    0.2156,    0.2210,    0.2339,    0.2439,    0.2913,    0.3288,    0.2999,    0.2882,    0.2950,    0.4987,    0.5465,    0.5767,    0.6017,    0.6264,    0.6763,    0.6333,    0.6782,    0.6763,    0.6999,    0.6657,    0.7197,    1.5604,    1.5615,    1.6010,    1.6437,    1.6784,    1.6248,    1.6915,    1.7468,    1.7969,    1.6826,    1.6623,    1.7348,    4.4325,    4.2659,    4.2590,    4.1618,    3.8809,    3.6601,    3.2424,    3.0072,    2.9056,    2.5619,    1.9836,    1.8514,    1.4412,    1.3394,    1.0322,    0.9938,    0.6790,    0.4984,    0.4083,    0.1662,    0.1493,    0.1080,    0.0382,    0.0316,    0.0001,    0.0011,    0.0046,    0.0149,    0.0345,    0.0660,    0.1093,    0.1784,    0.2623,    0.3793,    0.5214,    0.6887,    0.7606,    0.9184,    1.1074,    1.3206,    1.5530,    1.7409,    1.8897,    1.9853,    2.0072,    2.0242,    2.0886,    2.1986,    0.7797,    0.7927,    0.8031,    0.8372,    0.8759,    0.9088,    1.0642,    1.0529,    1.0903,    1.1634,    1.1775,    1.2585,    0.9699,    0.9642,    0.9572,    0.9473,    0.9378,    0.9287,    0.9178,    0.9074,    0.8966,    0.8844,    0.8686,    0.8448,    0.8244,    0.7333,    0.7765,    0.6045,    0.6030,    0.5917,    0.5446,    0.4190,    0.3712,    0.3167,    0.2848,    0.2713,    0.7276,    0.7501,    0.7795,    0.8498,    0.8843,    0.9005,    0.8950,    0.8898,    0.8838,    0.8733,    0.8550,    0.8231,    1.2202,    1.1085,    0.9932,    0.8308,    0.6477,    0.5193,    0.4246,    0.3498,    0.2895,    0.2374,    0.2068,    0.1813,    0.4090,    0.2947,    0.2066,    0.1528,    0.1135,    0.0841,    0.0620,    0.0469,    0.0345,    0.0260,    0.0189,    0.0120,    0.0143,    0.0000,    0.0366,    0.0651,    0.0730,    0.0662,    0.0739,    0.0819,    0.0724,    0.0989,    0.0871,    0.0950,    0.1039,    0.0839,    0.1207,    0.1315,    0.1064,    0.0679,    0.0081,    0.0180,    0.0885,    0.1065,    0.1718,    0.1804,    0.2232,    0.2386,    0.2468,    0.2628,    0.2695,    0.2757,    0.2564,    0.2318,    0.2039,    0.2455,    0.3446,    0.3501,    0.6172,    0.6768,    0.7120,    0.7277,    0.7175,    0.8040,    0.7772,    0.8298,    0.7663,    0.8718,    0.8298,    0.8881,    1.9410,    1.9150,    2.0143,    2.0680,    2.1016,    2.0361,    2.1299,    2.1997,    2.2529,    2.0990,    2.0845,    2.1756,    5.5348,    5.3283,    5.2976,    5.1553,    4.7878,    4.5160,    3.9679,    3.6501,    3.5274,    3.0978,    2.3793,    2.2118,    1.7013,    1.5626,    1.1853,    1.1279,    0.7558,    0.5464,    0.4374,    0.1741,    0.1513,    0.1059,    0.0361,    0.0288
    2,    2.0000,  227.5722,    0.4808,  112.6280,   77.0483,  -35.0916,   -6.0179,  158.4330,  163.5827,  163.6723,  163.8293,  164.1029,  164.5732,  165.3648,  166.6602,  168.4872,  170.9519,  174.2721,  178.5564,  183.8814,  190.3071,  197.9049,  205.8548,  212.8059,  218.1105,  222.1140,  224.8330,  226.3589,  227.0949,  227.3721,  227.5098,  227.5598,    0.0705,    0.2674,    0.5652,    0.9343,    1.3487,    1.7861,    2.2252,    2.6518,    3.0504,    3.4088,    3.7171,    3.9728,    3.5711,    3.6763,    3.7388,    3.7540,    3.7291,    3.6868,    3.6276,    3.5616,    3.5000,    3.4192,    3.2999,    3.1467,    1.0704,    1.0509,    1.0345,    1.0106,    0.9873,    0.9647,    0.8828,    0.8817,    0.8452,    0.7539,    0.7569,    0.6283,    0.4106,    0.3516,    0.2936,    0.2828,    0.2637,    0.2228,    0.2564,    0.2589,    0.2754,    0.3090,    0.3641,    0.4219,    0.5153,    0.5539,    0.4723,    0.5802,    0.5708,    0.5656,    0.5665,    0.6056,    0.6105,    0.6116,    0.6097,    0.6026,    1.5937,    1.4792,    1.3586,    1.2252,    1.1154,    1.0199,    0.9392,    0.8606,    0.7850,    0.7154,    0.6546,    0.6049,    0.8852,    0.8044,    0.7451,    0.7397,    0.7575,    0.7338,    0.6999,    0.6597,    0.6164,    0.5753,    0.5253,    0.4761,    1.1855,    0.8481,    0.6037,    0.4201,    0.2891,    0.1970,    0.1334,    0.0886,    0.0590,    0.0383,    0.0251,    0.0177,    0.0770,    0.0466,    0.0575,    0.0574,    0.0635,    0.0584,    0.0625,    0.0698,    0.0604,    0.0820,    0.0720,    0.0784,    0.0856,    0.0691,    0.1004,    0.1113,    0.0910,    0.1216,    0.1717,    0.1792,    0.1575,    0.0860,    0.1367,    0.1439,    0.1760,    0.1871,    0.1935,    0.2051,    0.2102,    0.2227,    0.2327,    0.2792,    0.3163,    0.2872,    0.2742,    0.2808,    0.4741,    0.5197,    0.5486,    0.5727,    0.5972,    0.6443,    0.6032,    0.6462,    0.6457,    0.6673,    0.6347,    0.6867,    1.4895,    1.4923,    1.5298,    1.5720,    1.6066,    1.5567,    1.6209,    1.6749,    1.7245,    1.6161,    1.5965,    1.6669,    4.2637,    4.1069,    4.1045,    4.0142,    3.7470,    3.5355,    3.1356,    2.9113,    2.8142,    2.4830,    1.9245,    1.7972,    1.4009,    1.3038,    1.0062,    0.9699,    0.6638,    0.4880,    0.4004,    0.1633,    0.1471,    0.1066,    0.0377,    0.0314,    0.0002,    0.0012,    0.0052,    0.0170,    0.0394,    0.0752,    0.1244,    0.2028,    0.2978,    0.4297,    0.5893,    0.7762,    0.8545,    1.0288,    1.2358,    1.4672,    1.7166,    1.9158,    2.0718,    2.1706,    2.1922,    2.2079,    2.2701,    2.3742,    0.8409,    0.8524,    0.8604,    0.8894,    0.9219,    0.9485,    1.0879,    1.0746,    1.1074,    1.1729,    1.1838,    1.2590,    0.9699,    0.9642,    0.9572,    0.9473,    0.9378,    0.9287,    0.9178,    0.9074,    0.8966,    0.8844,    0.8686,    0.8451,    0.8268,    0.7396,    0.7805,    0.6161,    0.6140,    0.6028,    0.5577,    0.4377,    0.3919,    0.3399,    0.3090,    0.2956,    0.7951,    0.8189,    0.8519,    0.9236,    0.9565,    0.9697,    0.9607,    0.9516,    0.9415,    0.9267,    0.9042,    0.8692,    1.2887,    1.1722,    1.0517,    0.8859,    0.6985,    0.5656,    0.4650,    0.3846,    0.3195,    0.2625,    0.2277,    0.1995,    0.4526,    0.3252,    0.2289,    0.1689,    0.1251,    0.0925,    0.0679,    0.0510,    0.0373,    0.0279,    0.0202,    0.0129,    0.0135,    0.0000,    0.0346,    0.0616,    0.0690,    0.0625,    0.0698,    0.0773,    0.0683,    0.0933,    0.0822,    0.0896,    0.0980,    0.0791,    0.1138,    0.1239,    0.1003,    0.0638,    0.0076,    0.0168,    0.0833,    0.1003,    0.1619,    0.1700,    0.2103,    0.2249,    0.2326,    0.2477,    0.2541,    0.2599,    0.2416,    0.2181,    0.1916,    0.2312,    0.3252,    0.3304,    0.5830,    0.6395,    0.6730,    0.6882,    0.6787,    0.7614,    0.7365,    0.7865,    0.7264,    0.8269,    0.7876,    0.8433,    1.8445,    1.8214,    1.9183,    1.9712,    2.0048,    1.9429,    2.0344,    2.1024,    2.1536,    2.0065,    1.9942,    2.0823,    5.2996,    5.1065,    5.0788,    4.9432,    4.5924,    4.3339,    3.8071,    3.5012,    3.3852,    2.9730,    2.2828,    2.1221,    1.6313,    1.4976,    1.1349,    1.0792,    0.7223,    0.5217,    0.4170,    0.1658,    0.1437,    0.1003,    0.0341,    0.0272
