Particle       ,data/QEXT_96IR_84_VIS_fosterite_100nm
Ncase          ,  14
dt (sols)      ,  0.020833
Qext 0.67um    ,  0.157000
Alb sfc        ,  0.220000
Conrath nu     ,  0.002000
Sun Flux (W/m2),148.389262
BWN IR (cm-1)  ,     10.0000,     58.3330,     82.5000,    106.6670,    130.8330,    155.0000,    179.1670,    203.3330,    227.5000,    251.6670,    275.8330,    300.0000,    320.7880,    341.5750,    362.3630,    383.1500,    403.9380,    424.7250,    445.5130,    466.3010,    487.0880,    507.8760,    528.6630,    549.4510,    556.7420,    564.0330,    571.3240,    578.6150,    585.9060,    593.1970,    600.4880,    607.7790,    615.0700,    622.3610,    629.6520,    636.9430,    642.5500,    648.1570,    653.7640,    659.3700,    664.9770,    670.5840,    676.1910,    681.7980,    687.4050,    693.0110,    698.6180,    704.2250,    710.1390,    716.0530,    721.9670,    727.8810,    733.7950,    739.7090,    745.6240,    751.5380,    757.4520,    763.3660,    769.2800,    775.1940,    791.5010,    807.8070,    824.1140,    840.4210,    856.7270,    873.0340,    889.3410,    905.6470,    921.9540,    938.2610,    954.5670,    970.8740,    996.8050,   1022.7370,   1048.6680,   1074.6000,   1100.5310,   1126.4630,   1152.3940,   1178.3250,   1204.2570,   1230.1880,   1256.1200,   1282.0510,   1360.3990,   1438.7460,   1517.0940,   1595.4410,   1673.7890,   1752.1370,   1830.4840,   1908.8320,   1987.1790,   2065.5270,   2143.8740,   2222.2220
BWN VIS (cm-1) ,   2222.2200,   2366.4120,   2438.5080,   2510.6030,   2582.6990,   2654.7950,   2726.8910,   2798.9870,   2871.0820,   2943.1780,   3015.2740,   3087.3700,   3165.9750,   3244.5800,   3323.1850,   3401.7900,   3480.3950,   3559.0000,   3637.6050,   3716.2100,   3794.8150,   3873.4200,   3952.0250,   4030.6300,   4142.2920,   4253.9530,   4365.6150,   4477.2770,   4588.9380,   4700.6000,   4812.2620,   4923.9230,   5035.5850,   5147.2470,   5258.9080,   5370.5700,   5560.6150,   5750.6600,   5940.7050,   6130.7500,   6320.7950,   6510.8400,   6700.8850,   6890.9300,   7080.9750,   7271.0200,   7461.0650,   7651.1100,   8055.1840,   8459.2580,   8863.3330,   9267.4070,   9671.4810,  10075.5550,  10479.6290,  10883.7030,  11287.7780,  11691.8520,  12095.9260,  12500.0000,  13541.6670,  14583.3330,  15625.0000,  16666.6670,  17708.3330,  18750.0000,  19791.6670,  20833.3330,  21875.0000,  22916.6670,  23958.3330,  25000.0000,  26388.8890,  27777.7780,  29166.6670,  30555.5570,  31944.4460,  33333.3350,  34722.2240,  36111.1130,  37500.0030,  38888.8920,  40277.7810,  41666.6700
================
wavelenght [um],    0.244068,    0.252632,    0.261818,    0.271698,    0.282353,    0.293878,    0.306383,    0.320000,    0.334884,    0.351220,    0.369231,    0.389189,    0.408511,    0.426667,    0.446512,    0.468293,    0.492308,    0.518919,    0.548571,    0.581818,    0.619355,    0.662069,    0.711111,    0.768000,    0.813143,    0.840768,    0.870336,    0.902060,    0.936184,    0.972991,    1.012810,    1.056028,    1.103099,    1.154562,    1.211061,    1.273375,    1.323436,    1.357581,    1.393534,    1.431444,    1.471474,    1.513807,    1.558648,    1.606226,    1.656801,    1.710664,    1.768147,    1.829628,    1.881560,    1.921939,    1.964090,    2.008131,    2.054193,    2.102417,    2.152960,    2.205992,    2.261704,    2.320302,    2.382017,    2.447105,    2.505432,    2.555765,    2.608162,    2.662752,    2.719677,    2.779088,    2.841153,    2.906054,    2.973989,    3.045176,    3.119855,    3.198288,    3.277268,    3.356577,    3.439819,    3.527294,    3.619334,    3.716307,    3.818620,    3.926726,    4.041130,    4.162400,    4.291175,    4.428172,    4.580751,    4.751270,    4.934974,    5.133456,    5.348572,    5.582505,    5.837838,    6.117648,    6.425631,    6.766266,    7.145039,    7.568734,    7.879690,    8.044056,    8.215425,    8.394255,    8.581043,    8.776330,    8.980716,    9.194848,    9.419442,    9.655282,    9.903235,   10.164260,   10.387231,   10.566200,   10.751445,   10.943308,   11.142136,   11.348323,   11.562291,   11.784476,   12.015368,   12.255495,   12.505409,   12.765727,   12.949392,   13.049328,   13.150818,   13.253898,   13.358608,   13.464994,   13.573088,   13.682923,   13.794549,   13.908012,   14.023357,   14.140631,   14.256763,   14.371646,   14.488386,   14.607038,   14.727660,   14.850291,   14.974981,   15.101782,   15.230738,   15.361915,   15.495384,   15.631191,   15.790367,   15.974275,   16.162517,   16.355249,   16.552633,   16.754839,   16.962047,   17.174443,   17.392227,   17.615605,   17.844795,   18.080028,   18.550914,   19.294981,   20.101230,   20.977796,   21.934298,   22.982219,   24.135264,   25.410119,   26.827165,   28.411593,   30.194923,   32.217118,   34.732292,   37.914692,   41.739101,   46.421699,   52.287582,   59.850314,   69.970927,   84.210526,  105.726686,  142.012170,  216.216216,  452.826771
Qext           ,      0.1460,      0.1460,      0.1460,      0.1460,      0.1470,      0.1470,      0.1470,      0.1480,      0.1480,      0.1490,      0.1490,      0.1500,      0.1510,      0.1510,      0.1520,      0.1520,      0.1530,      0.1540,      0.1550,      0.1550,      0.1570,      0.1570,      0.1590,      0.1600,      0.1610,      0.1620,      0.1620,      0.1630,      0.1640,      0.1650,      0.1650,      0.1660,      0.1670,      0.1690,      0.1700,      0.1720,      0.1740,      0.1750,      0.1770,      0.1780,      0.1800,      0.1820,      0.1840,      0.1880,      0.1910,      0.1940,      0.1980,      0.2020,      0.2040,      0.2060,      0.2100,      0.2140,      0.2160,      0.2180,      0.2200,      0.2230,      0.2260,      0.2280,      0.2300,      0.2320,      0.2330,      0.2330,      0.2340,      0.2340,      0.2340,      0.2330,      0.2320,      0.2310,      0.2290,      0.2270,      0.2250,      0.2210,      0.2170,      0.2140,      0.2110,      0.2050,      0.1990,      0.1950,      0.1880,      0.1810,      0.1740,      0.1660,      0.1590,      0.1510,      0.1430,      0.1320,      0.1210,      0.1110,      0.1010,      0.0910,      0.0790,      0.0680,      0.0580,      0.0500,      0.0430,      0.0370,      0.0340,      0.0340,      0.0350,      0.0380,      0.0410,      0.0460,      0.0530,      0.0620,      0.0810,      0.1000,      0.1060,      0.1070,      0.1070,      0.1030,      0.0980,      0.0910,      0.0840,      0.0780,      0.0720,      0.0650,      0.0570,      0.0470,      0.0390,      0.0340,      0.0310,      0.0310,      0.0310,      0.0300,      0.0300,      0.0300,      0.0300,      0.0300,      0.0290,      0.0290,      0.0290,      0.0290,      0.0280,      0.0280,      0.0280,      0.0280,      0.0280,      0.0280,      0.0280,      0.0310,      0.0310,      0.0310,      0.0350,      0.0350,      0.0390,      0.0390,      0.0430,      0.0470,      0.0470,      0.0500,      0.0500,      0.0520,      0.0530,      0.0530,      0.0530,      0.0520,      0.0490,      0.0440,      0.0410,      0.0400,      0.0380,      0.0350,      0.0320,      0.0270,      0.0220,      0.0180,      0.0150,      0.0130,      0.0100,      0.0080,      0.0060,      0.0050,      0.0040,      0.0030,      0.0020,      0.0010,      0.0010,      0.0010,      0.0010,      0.0010
Qscat          ,      0.1370,      0.1380,      0.1390,      0.1400,      0.1420,      0.1430,      0.1440,      0.1450,      0.1460,      0.1460,      0.1470,      0.1480,      0.1490,      0.1500,      0.1500,      0.1510,      0.1520,      0.1530,      0.1540,      0.1550,      0.1560,      0.1570,      0.1580,      0.1600,      0.1610,      0.1610,      0.1620,      0.1630,      0.1630,      0.1640,      0.1650,      0.1660,      0.1670,      0.1680,      0.1700,      0.1720,      0.1730,      0.1750,      0.1760,      0.1780,      0.1800,      0.1810,      0.1840,      0.1870,      0.1900,      0.1930,      0.1980,      0.2010,      0.2030,      0.2060,      0.2090,      0.2130,      0.2150,      0.2170,      0.2190,      0.2220,      0.2250,      0.2270,      0.2290,      0.2300,      0.2310,      0.2320,      0.2320,      0.2320,      0.2320,      0.2320,      0.2310,      0.2290,      0.2270,      0.2250,      0.2230,      0.2190,      0.2150,      0.2120,      0.2080,      0.2030,      0.1970,      0.1920,      0.1860,      0.1780,      0.1710,      0.1630,      0.1550,      0.1470,      0.1390,      0.1280,      0.1170,      0.1060,      0.0950,      0.0850,      0.0720,      0.0610,      0.0500,      0.0400,      0.0310,      0.0210,      0.0160,      0.0140,      0.0110,      0.0080,      0.0080,      0.0070,      0.0080,      0.0090,      0.0130,      0.0200,      0.0230,      0.0270,      0.0280,      0.0280,      0.0290,      0.0280,      0.0270,      0.0260,      0.0250,      0.0240,      0.0230,      0.0200,      0.0170,      0.0140,      0.0120,      0.0120,      0.0120,      0.0100,      0.0100,      0.0090,      0.0090,      0.0090,      0.0080,      0.0080,      0.0070,      0.0070,      0.0060,      0.0060,      0.0060,      0.0050,      0.0050,      0.0050,      0.0050,      0.0040,      0.0040,      0.0040,      0.0040,      0.0040,      0.0040,      0.0040,      0.0040,      0.0040,      0.0040,      0.0050,      0.0050,      0.0050,      0.0050,      0.0050,      0.0060,      0.0060,      0.0050,      0.0050,      0.0040,      0.0040,      0.0040,      0.0030,      0.0030,      0.0030,      0.0020,      0.0020,      0.0010,      0.0010,      0.0010,      0.0000,      0.0000,      0.0000,      0.0000,      0.0000,      0.0000,      0.0000,      0.0000,      0.0000,      0.0000,      0.0000
G factor       ,    0.7660,    0.7630,    0.7610,    0.7580,    0.7550,    0.7520,    0.7500,    0.7470,    0.7440,    0.7420,    0.7400,    0.7360,    0.7330,    0.7310,    0.7280,    0.7250,    0.7210,    0.7180,    0.7140,    0.7100,    0.7040,    0.7000,    0.6940,    0.6860,    0.6790,    0.6750,    0.6710,    0.6670,    0.6620,    0.6560,    0.6490,    0.6430,    0.6350,    0.6260,    0.6180,    0.6100,    0.6040,    0.6010,    0.5990,    0.5960,    0.5940,    0.5930,    0.5920,    0.5920,    0.5930,    0.5940,    0.5980,    0.6010,    0.6030,    0.6060,    0.6100,    0.6140,    0.6180,    0.6210,    0.6240,    0.6290,    0.6340,    0.6370,    0.6410,    0.6460,    0.6480,    0.6510,    0.6530,    0.6560,    0.6580,    0.6600,    0.6610,    0.6640,    0.6660,    0.6670,    0.6670,    0.6680,    0.6690,    0.6690,    0.6690,    0.6690,    0.6680,    0.6670,    0.6650,    0.6640,    0.6610,    0.6590,    0.6560,    0.6520,    0.6490,    0.6430,    0.6370,    0.6300,    0.6220,    0.6130,    0.6010,    0.5870,    0.5700,    0.5500,    0.5260,    0.4930,    0.4670,    0.4530,    0.4300,    0.4070,    0.3910,    0.3740,    0.3580,    0.3420,    0.3190,    0.3020,    0.2960,    0.2930,    0.2930,    0.2960,    0.3000,    0.3040,    0.3050,    0.3040,    0.3030,    0.3030,    0.3010,    0.2960,    0.2830,    0.2660,    0.2500,    0.2500,    0.2500,    0.2360,    0.2360,    0.2240,    0.2240,    0.2240,    0.2130,    0.2130,    0.2030,    0.2030,    0.1920,    0.1920,    0.1920,    0.1820,    0.1820,    0.1710,    0.1710,    0.1610,    0.1610,    0.1610,    0.1520,    0.1520,    0.1440,    0.1440,    0.1370,    0.1320,    0.1320,    0.1270,    0.1270,    0.1220,    0.1190,    0.1190,    0.1160,    0.1140,    0.1120,    0.1070,    0.1010,    0.0940,    0.0890,    0.0840,    0.0800,    0.0770,    0.0730,    0.0680,    0.0620,    0.0560,    0.0490,    0.0410,    0.0340,    0.0280,    0.0220,    0.0170,    0.0120,    0.0080,    0.0050,    0.0030,    0.0010,    0.0000
================
P [mbar]       ,    0.1004,    0.1015,    0.1034,    0.1069,    0.1130,    0.1239,    0.1432,    0.1740,    0.2226,    0.3028,    0.4349,    0.6529,    1.0121,    1.6044,    2.4646,    3.4606,    4.3994,    5.2226,    5.8426,    6.2132,    6.3980,    6.4686,    6.5039,    6.5168
Temp initial[K],  163.5827,  163.6723,  163.8293,  164.1029,  164.5732,  165.3648,  166.6602,  168.4872,  170.9519,  174.2721,  178.5564,  183.8814,  190.3071,  197.9049,  205.8548,  212.8059,  218.1105,  222.1140,  224.8330,  226.3589,  227.0949,  227.3721,  227.5098,  227.5598
================
it   ,   tau    ,  Tsfc    ,   alb    ,   OLR    ,    ASR   ,  NET top ,  NET bot , T lev  01, T lev  02, T lev  03, T lev  04, T lev  05, T lev  06, T lev  07, T lev  08, T lev  09, T lev  10, T lev  11, T lev  12, T lev  13, T lev  14, T lev  15, T lev  16, T lev  17, T lev  18, T lev  19, T lev  20, T lev  21, T lev  22, T lev  23, T lev  24, T lev  25,  OLR IR01,  OLR IR02,  OLR IR03,  OLR IR04,  OLR IR05,  OLR IR06,  OLR IR07,  OLR IR08,  OLR IR09,  OLR IR10,  OLR IR11,  OLR IR12,  OLR IR13,  OLR IR14,  OLR IR15,  OLR IR16,  OLR IR17,  OLR IR18,  OLR IR19,  OLR IR20,  OLR IR21,  OLR IR22,  OLR IR23,  OLR IR24,  OLR IR25,  OLR IR26,  OLR IR27,  OLR IR28,  OLR IR29,  OLR IR30,  OLR IR31,  OLR IR32,  OLR IR33,  OLR IR34,  OLR IR35,  OLR IR36,  OLR IR37,  OLR IR38,  OLR IR39,  OLR IR40,  OLR IR41,  OLR IR42,  OLR IR43,  OLR IR44,  OLR IR45,  OLR IR46,  OLR IR47,  OLR IR48,  OLR IR49,  OLR IR50,  OLR IR51,  OLR IR52,  OLR IR53,  OLR IR54,  OLR IR55,  OLR IR56,  OLR IR57,  OLR IR58,  OLR IR59,  OLR IR60,  OLR IR61,  OLR IR62,  OLR IR63,  OLR IR64,  OLR IR65,  OLR IR66,  OLR IR67,  OLR IR68,  OLR IR69,  OLR IR70,  OLR IR71,  OLR IR72,  OLR IR73,  OLR IR74,  OLR IR75,  OLR IR76,  OLR IR77,  OLR IR78,  OLR IR79,  OLR IR80,  OLR IR81,  OLR IR82,  OLR IR83,  OLR IR84,  OLR IR85,  OLR IR86,  OLR IR87,  OLR IR88,  OLR IR89,  OLR IR90,  OLR IR91,  OLR IR92,  OLR IR93,  OLR IR94,  OLR IR95,  OLR IR96, ASR VIS01, ASR VIS02, ASR VIS03, ASR VIS04, ASR VIS05, ASR VIS06, ASR VIS07, ASR VIS08, ASR VIS09, ASR VIS10, ASR VIS11, ASR VIS12, ASR VIS13, ASR VIS14, ASR VIS15, ASR VIS16, ASR VIS17, ASR VIS18, ASR VIS19, ASR VIS20, ASR VIS21, ASR VIS22, ASR VIS23, ASR VIS24, ASR VIS25, ASR VIS26, ASR VIS27, ASR VIS28, ASR VIS29, ASR VIS30, ASR VIS31, ASR VIS32, ASR VIS33, ASR VIS34, ASR VIS35, ASR VIS36, ASR VIS37, ASR VIS38, ASR VIS39, ASR VIS40, ASR VIS41, ASR VIS42, ASR VIS43, ASR VIS44, ASR VIS45, ASR VIS46, ASR VIS47, ASR VIS48, ASR VIS49, ASR VIS50, ASR VIS51, ASR VIS52, ASR VIS53, ASR VIS54, ASR VIS55, ASR VIS56, ASR VIS57, ASR VIS58, ASR VIS59, ASR VIS60, ASR VIS61, ASR VIS62, ASR VIS63, ASR VIS64, ASR VIS65, ASR VIS66, ASR VIS67, ASR VIS68, ASR VIS69, ASR VIS70, ASR VIS71, ASR VIS72, ASR VIS73, ASR VIS74, ASR VIS75, ASR VIS76, ASR VIS77, ASR VIS78, ASR VIS79, ASR VIS80, ASR VIS81, ASR VIS82, ASR VIS83, ASR VIS84, SFC DIR01, SFC DIR02, SFC DIR03, SFC DIR04, SFC DIR05, SFC DIR06, SFC DIR07, SFC DIR08, SFC DIR09, SFC DIR10, SFC DIR11, SFC DIR12, SFC DIR13, SFC DIR14, SFC DIR15, SFC DIR16, SFC DIR17, SFC DIR18, SFC DIR19, SFC DIR20, SFC DIR21, SFC DIR22, SFC DIR23, SFC DIR24, SFC DIR25, SFC DIR26, SFC DIR27, SFC DIR28, SFC DIR29, SFC DIR30, SFC DIR31, SFC DIR32, SFC DIR33, SFC DIR34, SFC DIR35, SFC DIR36, SFC DIR37, SFC DIR38, SFC DIR39, SFC DIR40, SFC DIR41, SFC DIR42, SFC DIR43, SFC DIR44, SFC DIR45, SFC DIR46, SFC DIR47, SFC DIR48, SFC DIR49, SFC DIR50, SFC DIR51, SFC DIR52, SFC DIR53, SFC DIR54, SFC DIR55, SFC DIR56, SFC DIR57, SFC DIR58, SFC DIR59, SFC DIR60, SFC DIR61, SFC DIR62, SFC DIR63, SFC DIR64, SFC DIR65, SFC DIR66, SFC DIR67, SFC DIR68, SFC DIR69, SFC DIR70, SFC DIR71, SFC DIR72, SFC DIR73, SFC DIR74, SFC DIR75, SFC DIR76, SFC DIR77, SFC DIR78, SFC DIR79, SFC DIR80, SFC DIR81, SFC DIR82, SFC DIR83, SFC DIR84, SFC DIR85, SFC DIR86, SFC DIR87, SFC DIR88, SFC DIR89, SFC DIR90, SFC DIR91, SFC DIR92, SFC DIR93, SFC DIR94, SFC DIR95, SFC DIR96,SFC DVIS01,SFC DVIS02,SFC DVIS03,SFC DVIS04,SFC DVIS05,SFC DVIS06,SFC DVIS07,SFC DVIS08,SFC DVIS09,SFC DVIS10,SFC DVIS11,SFC DVIS12,SFC DVIS13,SFC DVIS14,SFC DVIS15,SFC DVIS16,SFC DVIS17,SFC DVIS18,SFC DVIS19,SFC DVIS20,SFC DVIS21,SFC DVIS22,SFC DVIS23,SFC DVIS24,SFC DVIS25,SFC DVIS26,SFC DVIS27,SFC DVIS28,SFC DVIS29,SFC DVIS30,SFC DVIS31,SFC DVIS32,SFC DVIS33,SFC DVIS34,SFC DVIS35,SFC DVIS36,SFC DVIS37,SFC DVIS38,SFC DVIS39,SFC DVIS40,SFC DVIS41,SFC DVIS42,SFC DVIS43,SFC DVIS44,SFC DVIS45,SFC DVIS46,SFC DVIS47,SFC DVIS48,SFC DVIS49,SFC DVIS50,SFC DVIS51,SFC DVIS52,SFC DVIS53,SFC DVIS54,SFC DVIS55,SFC DVIS56,SFC DVIS57,SFC DVIS58,SFC DVIS59,SFC DVIS60,SFC DVIS61,SFC DVIS62,SFC DVIS63,SFC DVIS64,SFC DVIS65,SFC DVIS66,SFC DVIS67,SFC DVIS68,SFC DVIS69,SFC DVIS70,SFC DVIS71,SFC DVIS72,SFC DVIS73,SFC DVIS74,SFC DVIS75,SFC DVIS76,SFC DVIS77,SFC DVIS78,SFC DVIS79,SFC DVIS80,SFC DVIS81,SFC DVIS82,SFC DVIS83,SFC DVIS84
    2,    0.0000,  227.5722,    0.2192,  139.8688,  115.8602,  -23.5218,  -14.0680,  158.4330,  163.5827,  163.6723,  163.8293,  164.1029,  164.5732,  165.3648,  166.6602,  168.4872,  170.9519,  174.2721,  178.5564,  183.8814,  190.3071,  197.9049,  205.8548,  212.8059,  218.1105,  222.1140,  224.8330,  226.3589,  227.0949,  227.3721,  227.5098,  227.5598,    0.0705,    0.2675,    0.5658,    0.9364,    1.3541,    1.7971,    2.2470,    2.6886,    3.1100,    3.5012,    3.8550,    4.1668,    3.7991,    3.9662,    4.1036,    4.2111,    4.2902,    4.3412,    4.3666,    4.3674,    4.3455,    4.3031,    4.2365,    4.1377,    1.4329,    1.4160,    1.3937,    1.3544,    1.3064,    1.2531,    1.1042,    1.0903,    1.0331,    0.8812,    0.8657,    0.6804,    0.4286,    0.3613,    0.2973,    0.2859,    0.2660,    0.2237,    0.2586,    0.2615,    0.2793,    0.3166,    0.3804,    0.4522,    0.5746,    0.6344,    0.5305,    0.6851,    0.6744,    0.6698,    0.6769,    0.7426,    0.7550,    0.7683,    0.7700,    0.7628,    2.0538,    1.9716,    1.9052,    1.8274,    1.7484,    1.6691,    1.5919,    1.5151,    1.4407,    1.3665,    1.2937,    1.2291,    1.8278,    1.6842,    1.5339,    1.3924,    1.2741,    1.1725,    1.0662,    0.9681,    0.8777,    0.7928,    0.7079,    0.6374,    1.5840,    1.1437,    0.8293,    0.5901,    0.4167,    0.2922,    0.2036,    0.1383,    0.0940,    0.0622,    0.0416,    0.0303,    0.0906,    0.0482,    0.0759,    0.0854,    0.0957,    0.0892,    0.0975,    0.1096,    0.0962,    0.1325,    0.1172,    0.1283,    0.1417,    0.1155,    0.1680,    0.1868,    0.1536,    0.1833,    0.2065,    0.2237,    0.2252,    0.1502,    0.2398,    0.2533,    0.3110,    0.3324,    0.3440,    0.3658,    0.3756,    0.3940,    0.4010,    0.4565,    0.4953,    0.4717,    0.4852,    0.4943,    0.8433,    0.9209,    0.9663,    0.9993,    1.0234,    1.1077,    1.0381,    1.1064,    1.0804,    1.1314,    1.0733,    1.1507,    2.4780,    2.4450,    2.4989,    2.5384,    2.5644,    2.4626,    2.5489,    2.6139,    2.6670,    2.4800,    2.4441,    2.5380,    6.4157,    6.1123,    6.0433,    5.8603,    5.4132,    5.0767,    4.4565,    4.0997,    3.9404,    3.4535,    2.6528,    2.4637,    1.8993,    1.7458,    1.3311,    1.2705,    0.8565,    0.6215,    0.5021,    0.2015,    0.1776,    0.1261,    0.0437,    0.0355,    0.0000,    0.0000,    0.0000,    0.0000,    0.0000,    0.0000,    0.0000,    0.0000,    0.0000,    0.0000,    0.0000,    0.0000,    0.0000,    0.0000,    0.0000,    0.0000,    0.0000,    0.0000,    0.0000,    0.0004,    0.0013,    0.0042,    0.0316,    0.1224,    0.0337,    0.0553,    0.0951,    0.1939,    0.3170,    0.4390,    0.7874,    0.8078,    0.8986,    1.0611,    1.1127,    1.2540,    0.9696,    0.9641,    0.9572,    0.9473,    0.9378,    0.9287,    0.9178,    0.9074,    0.8966,    0.8844,    0.8683,    0.8421,    0.8025,    0.6764,    0.7395,    0.4977,    0.5022,    0.4908,    0.4247,    0.2470,    0.1814,    0.1031,    0.0612,    0.0469,    0.0933,    0.0788,    0.0260,    0.0119,    0.0030,    0.0028,    0.0017,    0.0056,    0.0100,    0.0182,    0.0292,    0.0235,    0.0278,    0.0056,    0.0259,    0.0458,    0.0328,    0.0004,    0.0000,    0.0000,    0.0000,    0.0031,    0.0165,    0.0171,    0.0171,    0.0171,    0.0000,    0.0000,    0.0000,    0.0000,    0.0000,    0.0035,    0.0040,    0.0054,    0.0048,    0.0010,    0.0230,    0.0000,    0.0598,    0.1073,    0.1213,    0.1109,    0.1245,    0.1385,    0.1233,    0.1698,    0.1501,    0.1645,    0.1806,    0.1466,    0.2118,    0.2312,    0.1878,    0.1215,    0.0145,    0.0325,    0.1583,    0.1897,    0.3065,    0.3218,    0.3984,    0.4260,    0.4410,    0.4686,    0.4796,    0.4909,    0.4572,    0.4157,    0.3661,    0.4375,    0.6076,    0.6165,    1.0804,    1.1803,    1.2358,    1.2540,    1.2316,    1.3659,    1.3119,    1.3949,    1.2823,    1.4502,    1.3714,    1.4595,    3.1611,    3.0848,    3.2030,    3.2531,    3.2743,    3.1567,    3.2678,    3.3511,    3.4192,    3.1776,    3.1334,    3.2539,    8.2247,    7.8363,    7.7478,    7.5132,    6.9399,    6.5086,    5.7135,    5.2561,    5.0518,    4.4276,    3.4010,    3.1586,    2.4350,    2.2382,    1.7066,    1.6288,    1.0981,    0.7968,    0.6438,    0.2584,    0.2277,    0.1616,    0.0560,    0.0455
    2,    0.0500,  227.5722,    0.2308,  138.8422,  114.1387,  -24.2166,  -13.9478,  158.4330,  163.5827,  163.6723,  163.8293,  164.1029,  164.5732,  165.3648,  166.6602,  168.4872,  170.9519,  174.2721,  178.5564,  183.8814,  190.3071,  197.9049,  205.8548,  212.8059,  218.1105,  222.1140,  224.8330,  226.3589,  227.0949,  227.3721,  227.5098,  227.5598,    0.0705,    0.2675,    0.5658,    0.9364,    1.3539,    1.7968,    2.2465,    2.6877,    3.1085,    3.4990,    3.8516,    4.1613,    3.7925,    3.9582,    4.0928,    4.1975,    4.2723,    4.3197,    4.3425,    4.3401,    4.3163,    4.2729,    4.2035,    4.1018,    1.4193,    1.4024,    1.3804,    1.3418,    1.2948,    1.2428,    1.0965,    1.0832,    1.0268,    0.8771,    0.8624,    0.6789,    0.4281,    0.3611,    0.2972,    0.2858,    0.2660,    0.2237,    0.2585,    0.2614,    0.2792,    0.3164,    0.3799,    0.4514,    0.5728,    0.6320,    0.5288,    0.6819,    0.6712,    0.6666,    0.6734,    0.7383,    0.7504,    0.7632,    0.7648,    0.7576,    2.0384,    1.9547,    1.8853,    1.8041,    1.7229,    1.6419,    1.5637,    1.4860,    1.4104,    1.3354,    1.2625,    1.1980,    1.7809,    1.6407,    1.4960,    1.3642,    1.2540,    1.1564,    1.0534,    0.9577,    0.8689,    0.7858,    0.7022,    0.6324,    1.5711,    1.1341,    0.8219,    0.5845,    0.4124,    0.2888,    0.2011,    0.1364,    0.0926,    0.0613,    0.0409,    0.0297,    0.0900,    0.0481,    0.0751,    0.0841,    0.0942,    0.0877,    0.0958,    0.1076,    0.0945,    0.1300,    0.1149,    0.1258,    0.1389,    0.1132,    0.1646,    0.1830,    0.1504,    0.1803,    0.2052,    0.2219,    0.2219,    0.1469,    0.2344,    0.2477,    0.3040,    0.3248,    0.3361,    0.3574,    0.3671,    0.3852,    0.3924,    0.4477,    0.4867,    0.4626,    0.4743,    0.4835,    0.8247,    0.9004,    0.9454,    0.9783,    1.0026,    1.0849,    1.0172,    1.0839,    1.0595,    1.1094,    1.0522,    1.1290,    2.4313,    2.4006,    2.4553,    2.4945,    2.5214,    2.4220,    2.5088,    2.5737,    2.6256,    2.4422,    2.4083,    2.5004,    6.3232,    6.0293,    5.9611,    5.7840,    5.3425,    5.0133,    4.4018,    4.0501,    3.8935,    3.4141,    2.6218,    2.4360,    1.8782,    1.7267,    1.3171,    1.2566,    0.8476,    0.6151,    0.4972,    0.1996,    0.1760,    0.1250,    0.0434,    0.0353,    0.0000,    0.0002,    0.0003,    0.0005,    0.0008,    0.0020,    0.0038,    0.0060,    0.0085,    0.0114,    0.0166,    0.0212,    0.0252,    0.0302,    0.0364,    0.0456,    0.0559,    0.0669,    0.0731,    0.0783,    0.0823,    0.0857,    0.1158,    0.2118,    0.0663,    0.0876,    0.1263,    0.2222,    0.3414,    0.4591,    0.7992,    0.8180,    0.9066,    1.0652,    1.1152,    1.2542,    0.9696,    0.9641,    0.9572,    0.9473,    0.9378,    0.9287,    0.9178,    0.9074,    0.8966,    0.8844,    0.8683,    0.8422,    0.8033,    0.6785,    0.7408,    0.5014,    0.5058,    0.4945,    0.4290,    0.2532,    0.1882,    0.1107,    0.0692,    0.0549,    0.1167,    0.1040,    0.0558,    0.0468,    0.0417,    0.0440,    0.0443,    0.0491,    0.0547,    0.0637,    0.0744,    0.0683,    0.0943,    0.0673,    0.0784,    0.0844,    0.0599,    0.0219,    0.0168,    0.0132,    0.0109,    0.0115,    0.0232,    0.0228,    0.0312,    0.0270,    0.0075,    0.0056,    0.0043,    0.0033,    0.0025,    0.0053,    0.0053,    0.0063,    0.0054,    0.0015,    0.0226,    0.0000,    0.0588,    0.1053,    0.1190,    0.1088,    0.1220,    0.1358,    0.1208,    0.1662,    0.1469,    0.1610,    0.1766,    0.1434,    0.2070,    0.2260,    0.1835,    0.1188,    0.0142,    0.0318,    0.1545,    0.1851,    0.2994,    0.3140,    0.3887,    0.4159,    0.4305,    0.4574,    0.4682,    0.4793,    0.4464,    0.4059,    0.3576,    0.4273,    0.5938,    0.6022,    1.0555,    1.1540,    1.2079,    1.2260,    1.2045,    1.3371,    1.2839,    1.3663,    1.2564,    1.4206,    1.3445,    1.4304,    3.1014,    3.0283,    3.1440,    3.1968,    3.2192,    3.1047,    3.2132,    3.2963,    3.3662,    3.1292,    3.0845,    3.2057,    8.1061,    7.7222,    7.6425,    7.4080,    6.8494,    6.4209,    5.6378,    5.1873,    4.9867,    4.3683,    3.3579,    3.1168,    2.4031,    2.2093,    1.6835,    1.6078,    1.0834,    0.7862,    0.6348,    0.2546,    0.2243,    0.1591,    0.0551,    0.0448
    2,    0.1000,  227.5722,    0.2419,  137.8431,  112.5011,  -24.8550,  -13.7928,  158.4330,  163.5827,  163.6723,  163.8293,  164.1029,  164.5732,  165.3648,  166.6602,  168.4872,  170.9519,  174.2721,  178.5564,  183.8814,  190.3071,  197.9049,  205.8548,  212.8059,  218.1105,  222.1140,  224.8330,  226.3589,  227.0949,  227.3721,  227.5098,  227.5598,    0.0705,    0.2675,    0.5657,    0.9363,    1.3538,    1.7965,    2.2459,    2.6867,    3.1070,    3.4969,    3.8483,    4.1558,    3.7860,    3.9502,    4.0821,    4.1840,    4.2547,    4.2984,    4.3187,    4.3133,    4.2877,    4.2433,    4.1713,    4.0666,    1.4061,    1.3891,    1.3675,    1.3295,    1.2835,    1.2327,    1.0889,    1.0763,    1.0206,    0.8731,    0.8590,    0.6774,    0.4277,    0.3608,    0.2971,    0.2857,    0.2659,    0.2237,    0.2585,    0.2613,    0.2791,    0.3162,    0.3795,    0.4505,    0.5711,    0.6296,    0.5271,    0.6787,    0.6680,    0.6633,    0.6700,    0.7340,    0.7458,    0.7582,    0.7597,    0.7525,    2.0233,    1.9380,    1.8659,    1.7816,    1.6982,    1.6157,    1.5364,    1.4580,    1.3814,    1.3057,    1.2327,    1.1683,    1.7363,    1.5991,    1.4598,    1.3369,    1.2344,    1.1406,    1.0408,    0.9475,    0.8604,    0.7789,    0.6965,    0.6274,    1.5583,    1.1247,    0.8146,    0.5790,    0.4081,    0.2855,    0.1986,    0.1346,    0.0913,    0.0604,    0.0403,    0.0292,    0.0895,    0.0481,    0.0743,    0.0828,    0.0928,    0.0863,    0.0942,    0.1058,    0.0928,    0.1277,    0.1128,    0.1235,    0.1362,    0.1109,    0.1614,    0.1794,    0.1474,    0.1775,    0.2039,    0.2202,    0.2189,    0.1438,    0.2293,    0.2424,    0.2975,    0.3176,    0.3287,    0.3496,    0.3590,    0.3768,    0.3843,    0.4394,    0.4784,    0.4540,    0.4639,    0.4733,    0.8070,    0.8809,    0.9257,    0.9583,    0.9828,    1.0632,    0.9973,    1.0626,    1.0396,    1.0884,    1.0322,    1.1084,    2.3867,    2.3581,    2.4137,    2.4525,    2.4801,    2.3831,    2.4703,    2.5351,    2.5859,    2.4058,    2.3740,    2.4643,    6.2341,    5.9496,    5.8821,    5.7109,    5.2748,    4.9528,    4.3498,    4.0031,    3.8492,    3.3772,    2.5928,    2.4104,    1.8588,    1.7093,    1.3045,    1.2442,    0.8397,    0.6095,    0.4929,    0.1980,    0.1747,    0.1242,    0.0431,    0.0351,    0.0001,    0.0003,    0.0007,    0.0011,    0.0015,    0.0041,    0.0075,    0.0119,    0.0170,    0.0228,    0.0331,    0.0423,    0.0501,    0.0601,    0.0724,    0.0906,    0.1110,    0.1326,    0.1448,    0.1547,    0.1616,    0.1654,    0.1980,    0.2989,    0.0980,    0.1191,    0.1566,    0.2497,    0.3650,    0.4787,    0.8107,    0.8280,    0.9144,    1.0692,    1.1176,    1.2543,    0.9696,    0.9641,    0.9572,    0.9473,    0.9378,    0.9287,    0.9178,    0.9074,    0.8966,    0.8844,    0.8683,    0.8423,    0.8041,    0.6805,    0.7421,    0.5051,    0.5094,    0.4981,    0.4333,    0.2592,    0.1949,    0.1182,    0.0770,    0.0628,    0.1397,    0.1288,    0.0850,    0.0809,    0.0793,    0.0838,    0.0854,    0.0910,    0.0976,    0.1072,    0.1176,    0.1109,    0.1577,    0.1261,    0.1285,    0.1215,    0.0863,    0.0428,    0.0332,    0.0261,    0.0215,    0.0198,    0.0298,    0.0284,    0.0451,    0.0368,    0.0149,    0.0110,    0.0084,    0.0065,    0.0050,    0.0070,    0.0066,    0.0071,    0.0060,    0.0019,    0.0223,    0.0000,    0.0578,    0.1034,    0.1168,    0.1068,    0.1196,    0.1331,    0.1184,    0.1627,    0.1439,    0.1576,    0.1729,    0.1403,    0.2025,    0.2210,    0.1794,    0.1162,    0.0139,    0.0311,    0.1510,    0.1808,    0.2925,    0.3067,    0.3796,    0.4063,    0.4206,    0.4469,    0.4574,    0.4682,    0.4361,    0.3966,    0.3494,    0.4176,    0.5807,    0.5886,    1.0318,    1.1290,    1.1814,    1.1995,    1.1787,    1.3098,    1.2573,    1.3391,    1.2318,    1.3922,    1.3188,    1.4027,    3.0443,    2.9742,    3.0875,    3.1430,    3.1663,    3.0548,    3.1607,    3.2436,    3.3152,    3.0826,    3.0374,    3.1593,    7.9919,    7.6124,    7.5412,    7.3070,    6.7626,    6.3370,    5.5655,    5.1218,    4.9250,    4.3124,    3.3174,    3.0778,    2.3735,    2.1825,    1.6623,    1.5887,    1.0700,    0.7767,    0.6268,    0.2513,    0.2213,    0.1569,    0.0543,    0.0441
    2,    0.1500,  227.5722,    0.2525,  136.8702,  110.9267,  -25.4566,  -13.6220,  158.4330,  163.5827,  163.6723,  163.8293,  164.1029,  164.5732,  165.3648,  166.6602,  168.4872,  170.9519,  174.2721,  178.5564,  183.8814,  190.3071,  197.9049,  205.8548,  212.8059,  218.1105,  222.1140,  224.8330,  226.3589,  227.0949,  227.3721,  227.5098,  227.5598,    0.0705,    0.2674,    0.5657,    0.9362,    1.3537,    1.7962,    2.2453,    2.6857,    3.1055,    3.4947,    3.8450,    4.1504,    3.7796,    3.9423,    4.0715,    4.1707,    4.2373,    4.2775,    4.2953,    4.2869,    4.2596,    4.2142,    4.1397,    4.0322,    1.3932,    1.3761,    1.3549,    1.3174,    1.2724,    1.2228,    1.0815,    1.0695,    1.0145,    0.8691,    0.8558,    0.6760,    0.4272,    0.3605,    0.2970,    0.2856,    0.2659,    0.2236,    0.2584,    0.2613,    0.2790,    0.3160,    0.3791,    0.4497,    0.5694,    0.6272,    0.5254,    0.6755,    0.6648,    0.6602,    0.6666,    0.7297,    0.7413,    0.7533,    0.7547,    0.7474,    2.0084,    1.9217,    1.8469,    1.7596,    1.6742,    1.5903,    1.5101,    1.4310,    1.3536,    1.2772,    1.2042,    1.1401,    1.6937,    1.5594,    1.4251,    1.3105,    1.2153,    1.1252,    1.0284,    0.9375,    0.8519,    0.7721,    0.6909,    0.6225,    1.5458,    1.1154,    0.8074,    0.5736,    0.4039,    0.2823,    0.1961,    0.1328,    0.0901,    0.0595,    0.0397,    0.0288,    0.0891,    0.0480,    0.0736,    0.0816,    0.0914,    0.0849,    0.0927,    0.1040,    0.0912,    0.1255,    0.1107,    0.1212,    0.1337,    0.1088,    0.1583,    0.1759,    0.1446,    0.1748,    0.2027,    0.2185,    0.2159,    0.1409,    0.2245,    0.2374,    0.2914,    0.3109,    0.3217,    0.3421,    0.3514,    0.3690,    0.3766,    0.4315,    0.4706,    0.4458,    0.4541,    0.4636,    0.7903,    0.8624,    0.9069,    0.9394,    0.9641,    1.0425,    0.9784,    1.0422,    1.0205,    1.0684,    1.0130,    1.0887,    2.3440,    2.3174,    2.3738,    2.4121,    2.4404,    2.3456,    2.4334,    2.4980,    2.5476,    2.3708,    2.3408,    2.4294,    6.1481,    5.8726,    5.8057,    5.6402,    5.2092,    4.8942,    4.2994,    3.9575,    3.8063,    3.3415,    2.5648,    2.3856,    1.8401,    1.6925,    1.2923,    1.2323,    0.8321,    0.6042,    0.4888,    0.1965,    0.1735,    0.1234,    0.0428,    0.0349,    0.0001,    0.0005,    0.0010,    0.0016,    0.0023,    0.0061,    0.0113,    0.0178,    0.0255,    0.0341,    0.0495,    0.0633,    0.0749,    0.0897,    0.1080,    0.1350,    0.1653,    0.1971,    0.2151,    0.2295,    0.2392,    0.2434,    0.2784,    0.3838,    0.1289,    0.1496,    0.1861,    0.2765,    0.3881,    0.4979,    0.8219,    0.8378,    0.9220,    1.0731,    1.1200,    1.2545,    0.9696,    0.9641,    0.9572,    0.9473,    0.9378,    0.9287,    0.9178,    0.9074,    0.8966,    0.8844,    0.8683,    0.8424,    0.8048,    0.6825,    0.7434,    0.5088,    0.5129,    0.5016,    0.4375,    0.2652,    0.2016,    0.1256,    0.0848,    0.0706,    0.1624,    0.1532,    0.1135,    0.1141,    0.1159,    0.1224,    0.1250,    0.1313,    0.1388,    0.1488,    0.1588,    0.1514,    0.2181,    0.1821,    0.1764,    0.1573,    0.1119,    0.0633,    0.0493,    0.0387,    0.0320,    0.0279,    0.0363,    0.0339,    0.0588,    0.0464,    0.0222,    0.0164,    0.0126,    0.0097,    0.0073,    0.0088,    0.0078,    0.0080,    0.0066,    0.0024,    0.0219,    0.0000,    0.0568,    0.1016,    0.1147,    0.1049,    0.1173,    0.1306,    0.1161,    0.1594,    0.1410,    0.1544,    0.1693,    0.1373,    0.1982,    0.2162,    0.1755,    0.1137,    0.0137,    0.0304,    0.1476,    0.1768,    0.2861,    0.2997,    0.3709,    0.3972,    0.4112,    0.4369,    0.4472,    0.4578,    0.4264,    0.3878,    0.3417,    0.4084,    0.5683,    0.5757,    1.0093,    1.1053,    1.1562,    1.1742,    1.1542,    1.2838,    1.2320,    1.3131,    1.2082,    1.3652,    1.2943,    1.3761,    2.9896,    2.9223,    3.0333,    3.0912,    3.1155,    3.0067,    3.1102,    3.1928,    3.2661,    3.0377,    2.9920,    3.1146,    7.8816,    7.5061,    7.4431,    7.2091,    6.6784,    6.2556,    5.4953,    5.0583,    4.8651,    4.2580,    3.2782,    3.0399,    2.3448,    2.1566,    1.6418,    1.5703,    1.0571,    0.7675,    0.6190,    0.2481,    0.2183,    0.1548,    0.0536,    0.0435
    2,    0.2000,  227.5722,    0.2627,  135.9225,  109.4111,  -26.0245,  -13.4382,  158.4330,  163.5827,  163.6723,  163.8293,  164.1029,  164.5732,  165.3648,  166.6602,  168.4872,  170.9519,  174.2721,  178.5564,  183.8814,  190.3071,  197.9049,  205.8548,  212.8059,  218.1105,  222.1140,  224.8330,  226.3589,  227.0949,  227.3721,  227.5098,  227.5598,    0.0705,    0.2674,    0.5656,    0.9362,    1.3536,    1.7959,    2.2447,    2.6847,    3.1039,    3.4926,    3.8417,    4.1449,    3.7732,    3.9344,    4.0610,    4.1575,    4.2202,    4.2569,    4.2723,    4.2610,    4.2320,    4.1856,    4.1088,    3.9986,    1.3806,    1.3634,    1.3425,    1.3057,    1.2616,    1.2131,    1.0743,    1.0628,    1.0085,    0.8652,    0.8525,    0.6745,    0.4267,    0.3603,    0.2969,    0.2856,    0.2658,    0.2236,    0.2583,    0.2612,    0.2789,    0.3158,    0.3786,    0.4489,    0.5677,    0.6248,    0.5237,    0.6724,    0.6617,    0.6570,    0.6632,    0.7256,    0.7369,    0.7484,    0.7497,    0.7425,    1.9937,    1.9057,    1.8283,    1.7382,    1.6509,    1.5657,    1.4847,    1.4050,    1.3269,    1.2499,    1.1770,    1.1131,    1.6531,    1.5214,    1.3918,    1.2851,    1.1966,    1.1102,    1.0163,    0.9277,    0.8436,    0.7654,    0.6853,    0.6176,    1.5334,    1.1063,    0.8004,    0.5683,    0.3999,    0.2791,    0.1937,    0.1311,    0.0889,    0.0587,    0.0391,    0.0283,    0.0886,    0.0480,    0.0729,    0.0805,    0.0901,    0.0836,    0.0913,    0.1023,    0.0896,    0.1233,    0.1088,    0.1191,    0.1313,    0.1068,    0.1554,    0.1727,    0.1419,    0.1723,    0.2015,    0.2169,    0.2131,    0.1381,    0.2200,    0.2327,    0.2855,    0.3044,    0.3151,    0.3350,    0.3441,    0.3615,    0.3693,    0.4239,    0.4631,    0.4380,    0.4448,    0.4544,    0.7744,    0.8449,    0.8891,    0.9214,    0.9462,    1.0228,    0.9604,    1.0227,    1.0023,    1.0493,    0.9947,    1.0699,    2.3031,    2.2784,    2.3355,    2.3733,    2.4022,    2.3096,    2.3978,    2.4623,    2.5106,    2.3370,    2.3089,    2.3956,    6.0649,    5.7981,    5.7316,    5.5717,    5.1455,    4.8375,    4.2505,    3.9133,    3.7646,    3.3068,    2.5375,    2.3615,    1.8219,    1.6762,    1.2806,    1.2208,    0.8249,    0.5990,    0.4849,    0.1950,    0.1723,    0.1226,    0.0426,    0.0347,    0.0002,    0.0006,    0.0013,    0.0022,    0.0031,    0.0081,    0.0150,    0.0238,    0.0340,    0.0454,    0.0658,    0.0842,    0.0995,    0.1191,    0.1433,    0.1790,    0.2187,    0.2605,    0.2841,    0.3027,    0.3151,    0.3196,    0.3569,    0.4665,    0.1589,    0.1794,    0.2148,    0.3025,    0.4105,    0.5165,    0.8328,    0.8474,    0.9295,    1.0770,    1.1224,    1.2547,    0.9696,    0.9641,    0.9572,    0.9473,    0.9378,    0.9287,    0.9178,    0.9074,    0.8966,    0.8844,    0.8683,    0.8425,    0.8056,    0.6844,    0.7446,    0.5124,    0.5164,    0.5051,    0.4417,    0.2712,    0.2081,    0.1329,    0.0924,    0.0782,    0.1847,    0.1771,    0.1415,    0.1465,    0.1513,    0.1598,    0.1634,    0.1702,    0.1784,    0.1886,    0.1981,    0.1901,    0.2756,    0.2355,    0.2221,    0.1918,    0.1368,    0.0832,    0.0651,    0.0512,    0.0423,    0.0360,    0.0427,    0.0394,    0.0723,    0.0559,    0.0293,    0.0217,    0.0166,    0.0128,    0.0097,    0.0104,    0.0089,    0.0088,    0.0072,    0.0028,    0.0216,    0.0000,    0.0558,    0.0998,    0.1127,    0.1030,    0.1151,    0.1282,    0.1139,    0.1562,    0.1382,    0.1514,    0.1659,    0.1345,    0.1941,    0.2117,    0.1718,    0.1114,    0.0134,    0.0298,    0.1443,    0.1729,    0.2800,    0.2930,    0.3627,    0.3886,    0.4022,    0.4274,    0.4375,    0.4478,    0.4172,    0.3794,    0.3343,    0.3996,    0.5565,    0.5635,    0.9880,    1.0828,    1.1322,    1.1501,    1.1308,    1.2589,    1.2077,    1.2883,    1.1857,    1.3393,    1.2708,    1.3507,    2.9373,    2.8726,    2.9813,    3.0415,    3.0666,    2.9605,    3.0615,    3.1438,    3.2187,    2.9943,    2.9480,    3.0713,    7.7749,    7.4032,    7.3482,    7.1141,    6.5968,    6.1767,    5.4272,    4.9966,    4.8068,    4.2052,    3.2400,    3.0030,    2.3168,    2.1314,    1.6218,    1.5523,    1.0446,    0.7585,    0.6115,    0.2450,    0.2155,    0.1527,    0.0528,    0.0429
    2,    0.3000,  227.5722,    0.2820,  134.0984,  106.5418,  -27.0695,  -13.0392,  158.4330,  163.5827,  163.6723,  163.8293,  164.1029,  164.5732,  165.3648,  166.6602,  168.4872,  170.9519,  174.2721,  178.5564,  183.8814,  190.3071,  197.9049,  205.8548,  212.8059,  218.1105,  222.1140,  224.8330,  226.3589,  227.0949,  227.3721,  227.5098,  227.5598,    0.0705,    0.2674,    0.5656,    0.9360,    1.3534,    1.7953,    2.2435,    2.6827,    3.1009,    3.4883,    3.8351,    4.1341,    3.7604,    3.9189,    4.0402,    4.1315,    4.1865,    4.2166,    4.2274,    4.2106,    4.1783,    4.1301,    4.0488,    3.9335,    1.3563,    1.3390,    1.3187,    1.2830,    1.2406,    1.1944,    1.0601,    1.0497,    0.9968,    0.8576,    0.8462,    0.6716,    0.4257,    0.3598,    0.2967,    0.2854,    0.2657,    0.2236,    0.2582,    0.2611,    0.2787,    0.3154,    0.3778,    0.4472,    0.5643,    0.6201,    0.5204,    0.6663,    0.6556,    0.6508,    0.6566,    0.7174,    0.7282,    0.7390,    0.7400,    0.7328,    1.9652,    1.8746,    1.7924,    1.6970,    1.6063,    1.5188,    1.4365,    1.3557,    1.2764,    1.1987,    1.1261,    1.0626,    1.5770,    1.4504,    1.3294,    1.2366,    1.1608,    1.0810,    0.9928,    0.9085,    0.8274,    0.7523,    0.6744,    0.6081,    1.5091,    1.0884,    0.7866,    0.5579,    0.3919,    0.2730,    0.1891,    0.1277,    0.0865,    0.0571,    0.0380,    0.0274,    0.0877,    0.0479,    0.0715,    0.0783,    0.0876,    0.0812,    0.0885,    0.0991,    0.0868,    0.1194,    0.1052,    0.1150,    0.1268,    0.1031,    0.1500,    0.1666,    0.1369,    0.1675,    0.1992,    0.2138,    0.2079,    0.1330,    0.2115,    0.2239,    0.2747,    0.2926,    0.3027,    0.3220,    0.3307,    0.3476,    0.3558,    0.4099,    0.4492,    0.4235,    0.4275,    0.4373,    0.7449,    0.8121,    0.8560,    0.8878,    0.9129,    0.9860,    0.9267,    0.9863,    0.9682,    1.0135,    0.9603,    1.0346,    2.2263,    2.2049,    2.2636,    2.3001,    2.3300,    2.2413,    2.3305,    2.3946,    2.4404,    2.2727,    2.2483,    2.3315,    5.9064,    5.6564,    5.5902,    5.4412,    5.0238,    4.7291,    4.1571,    3.8287,    3.6849,    3.2407,    2.4854,    2.3156,    1.7871,    1.6449,    1.2582,    1.1987,    0.8109,    0.5891,    0.4775,    0.1923,    0.1701,    0.1212,    0.0422,    0.0344,    0.0002,    0.0009,    0.0020,    0.0032,    0.0046,    0.0121,    0.0225,    0.0355,    0.0508,    0.0679,    0.0983,    0.1256,    0.1482,    0.1771,    0.2129,    0.2652,    0.3233,    0.3840,    0.4182,    0.4448,    0.4621,    0.4672,    0.5085,    0.6256,    0.2166,    0.2364,    0.2698,    0.3524,    0.4536,    0.5523,    0.8539,    0.8658,    0.9438,    1.0844,    1.1270,    1.2549,    0.9696,    0.9641,    0.9572,    0.9473,    0.9378,    0.9287,    0.9178,    0.9074,    0.8966,    0.8844,    0.8683,    0.8427,    0.8070,    0.6883,    0.7470,    0.5195,    0.5233,    0.5119,    0.4498,    0.2827,    0.2209,    0.1472,    0.1074,    0.0932,    0.2284,    0.2238,    0.1958,    0.2089,    0.2193,    0.2310,    0.2361,    0.2437,    0.2528,    0.2633,    0.2715,    0.2621,    0.3827,    0.3349,    0.3076,    0.2570,    0.1845,    0.1218,    0.0956,    0.0754,    0.0624,    0.0516,    0.0553,    0.0501,    0.0988,    0.0745,    0.0433,    0.0320,    0.0244,    0.0188,    0.0142,    0.0136,    0.0112,    0.0103,    0.0082,    0.0037,    0.0209,    0.0000,    0.0540,    0.0965,    0.1088,    0.0995,    0.1109,    0.1237,    0.1097,    0.1502,    0.1330,    0.1456,    0.1595,    0.1292,    0.1864,    0.2033,    0.1649,    0.1070,    0.0129,    0.0286,    0.1384,    0.1657,    0.2686,    0.2807,    0.3474,    0.3726,    0.3856,    0.4098,    0.4195,    0.4294,    0.4000,    0.3638,    0.3206,    0.3833,    0.5346,    0.5407,    0.9482,    1.0409,    1.0875,    1.1052,    1.0871,    1.2126,    1.1625,    1.2420,    1.1436,    1.2908,    1.2268,    1.3030,    2.8390,    2.7790,    2.8831,    2.9476,    2.9742,    2.8731,    2.9692,    3.0509,    3.1287,    2.9120,    2.8645,    2.9891,    7.5718,    7.2068,    7.1669,    6.9327,    6.4408,    6.0254,    5.2967,    4.8783,    4.6951,    4.1036,    3.1667,    2.9322,    2.2630,    2.0829,    1.5834,    1.5178,    1.0205,    0.7413,    0.5971,    0.2390,    0.2101,    0.1487,    0.0514,    0.0417
    2,    0.4000,  227.5722,    0.3000,  132.3627,  103.8688,  -28.0069,  -12.6082,  158.4330,  163.5827,  163.6723,  163.8293,  164.1029,  164.5732,  165.3648,  166.6602,  168.4872,  170.9519,  174.2721,  178.5564,  183.8814,  190.3071,  197.9049,  205.8548,  212.8059,  218.1105,  222.1140,  224.8330,  226.3589,  227.0949,  227.3721,  227.5098,  227.5598,    0.0705,    0.2674,    0.5655,    0.9359,    1.3532,    1.7947,    2.2424,    2.6808,    3.0980,    3.4841,    3.8286,    4.1234,    3.7479,    3.9036,    4.0198,    4.1061,    4.1538,    4.1774,    4.1839,    4.1619,    4.1266,    4.0765,    3.9911,    3.8712,    1.3331,    1.3156,    1.2959,    1.2612,    1.2205,    1.1764,    1.0465,    1.0371,    0.9855,    0.8501,    0.8400,    0.6688,    0.4247,    0.3592,    0.2965,    0.2852,    0.2656,    0.2235,    0.2581,    0.2609,    0.2785,    0.3150,    0.3769,    0.4456,    0.5610,    0.6155,    0.5172,    0.6604,    0.6496,    0.6448,    0.6502,    0.7094,    0.7198,    0.7298,    0.7306,    0.7234,    1.9375,    1.8445,    1.7580,    1.6579,    1.5643,    1.4748,    1.3914,    1.3099,    1.2298,    1.1515,    1.0793,    1.0164,    1.5074,    1.3853,    1.2718,    1.1913,    1.1268,    1.0532,    0.9701,    0.8900,    0.8116,    0.7396,    0.6639,    0.5989,    1.4855,    1.0710,    0.7732,    0.5479,    0.3842,    0.2671,    0.1847,    0.1245,    0.0842,    0.0555,    0.0369,    0.0266,    0.0868,    0.0478,    0.0702,    0.0763,    0.0853,    0.0789,    0.0861,    0.0962,    0.0842,    0.1158,    0.1019,    0.1114,    0.1227,    0.0998,    0.1450,    0.1612,    0.1324,    0.1630,    0.1970,    0.2109,    0.2031,    0.1283,    0.2038,    0.2160,    0.2650,    0.2818,    0.2916,    0.3101,    0.3186,    0.3351,    0.3435,    0.3971,    0.4364,    0.4102,    0.4117,    0.4217,    0.7181,    0.7823,    0.8259,    0.8572,    0.8825,    0.9522,    0.8959,    0.9529,    0.9368,    0.9807,    0.9287,    1.0022,    2.1554,    2.1370,    2.1971,    2.2321,    2.2629,    2.1778,    2.2680,    2.3317,    2.3749,    2.2126,    2.1918,    2.2714,    5.7578,    5.5236,    5.4571,    5.3186,    4.9090,    4.6270,    4.0691,    3.7489,    3.6097,    3.1783,    2.4360,    2.2722,    1.7543,    1.6154,    1.2370,    1.1779,    0.7978,    0.5798,    0.4705,    0.1897,    0.1681,    0.1199,    0.0417,    0.0341,    0.0003,    0.0012,    0.0026,    0.0043,    0.0062,    0.0162,    0.0300,    0.0473,    0.0676,    0.0902,    0.1305,    0.1665,    0.1962,    0.2342,    0.2810,    0.3494,    0.4248,    0.5033,    0.5472,    0.5812,    0.6029,    0.6084,    0.6531,    0.7766,    0.2712,    0.2904,    0.3218,    0.3996,    0.4944,    0.5863,    0.8739,    0.8833,    0.9575,    1.0915,    1.1314,    1.2552,    0.9697,    0.9641,    0.9572,    0.9473,    0.9378,    0.9287,    0.9178,    0.9074,    0.8966,    0.8844,    0.8684,    0.8428,    0.8085,    0.6920,    0.7494,    0.5264,    0.5299,    0.5186,    0.4577,    0.2940,    0.2334,    0.1610,    0.1219,    0.1078,    0.2708,    0.2688,    0.2478,    0.2682,    0.2835,    0.2978,    0.3041,    0.3119,    0.3216,    0.3318,    0.3385,    0.3277,    0.4802,    0.4253,    0.3859,    0.3177,    0.2296,    0.1585,    0.1249,    0.0988,    0.0819,    0.0669,    0.0675,    0.0606,    0.1246,    0.0926,    0.0568,    0.0420,    0.0320,    0.0246,    0.0185,    0.0167,    0.0134,    0.0118,    0.0092,    0.0045,    0.0203,    0.0000,    0.0523,    0.0934,    0.1052,    0.0962,    0.1071,    0.1195,    0.1059,    0.1447,    0.1283,    0.1403,    0.1536,    0.1244,    0.1794,    0.1955,    0.1585,    0.1030,    0.0125,    0.0275,    0.1329,    0.1591,    0.2582,    0.2695,    0.3335,    0.3581,    0.3706,    0.3938,    0.4031,    0.4126,    0.3844,    0.3495,    0.3081,    0.3684,    0.5146,    0.5199,    0.9120,    1.0027,    1.0467,    1.0642,    1.0471,    1.1701,    1.1209,    1.1994,    1.1049,    1.2462,    1.1863,    1.2590,    2.7482,    2.6925,    2.7921,    2.8605,    2.8883,    2.7916,    2.8831,    2.9641,    3.0447,    2.8350,    2.7863,    2.9121,    7.3813,    7.0222,    6.9962,    6.7616,    6.2935,    5.8825,    5.1732,    4.7662,    4.5892,    4.0073,    3.0971,    2.8648,    2.2119,    2.0368,    1.5468,    1.4850,    0.9975,    0.7249,    0.5833,    0.2333,    0.2049,    0.1449,    0.0500,    0.0405
    2,    0.5000,  227.5722,    0.3169,  130.7086,  101.3711,  -28.8504,  -12.1551,  158.4330,  163.5827,  163.6723,  163.8293,  164.1029,  164.5732,  165.3648,  166.6602,  168.4872,  170.9519,  174.2721,  178.5564,  183.8814,  190.3071,  197.9049,  205.8548,  212.8059,  218.1105,  222.1140,  224.8330,  226.3589,  227.0949,  227.3721,  227.5098,  227.5598,    0.0705,    0.2673,    0.5654,    0.9358,    1.3530,    1.7942,    2.2412,    2.6788,    3.0950,    3.4798,    3.8221,    4.1129,    3.7355,    3.8885,    3.9997,    4.0812,    4.1219,    4.1394,    4.1417,    4.1148,    4.0766,    4.0249,    3.9357,    3.8114,    1.3109,    1.2933,    1.2742,    1.2404,    1.2013,    1.1590,    1.0334,    1.0249,    0.9746,    0.8429,    0.8339,    0.6659,    0.4238,    0.3587,    0.2964,    0.2851,    0.2654,    0.2235,    0.2580,    0.2608,    0.2783,    0.3146,    0.3760,    0.4440,    0.5577,    0.6110,    0.5140,    0.6546,    0.6437,    0.6389,    0.6439,    0.7016,    0.7116,    0.7208,    0.7214,    0.7142,    1.9107,    1.8156,    1.7251,    1.6207,    1.5245,    1.4335,    1.3492,    1.2672,    1.1864,    1.1079,    1.0362,    0.9740,    1.4435,    1.3254,    1.2185,    1.1488,    1.0945,    1.0265,    0.9483,    0.8721,    0.7964,    0.7272,    0.6536,    0.5899,    1.4625,    1.0541,    0.7602,    0.5381,    0.3768,    0.2614,    0.1804,    0.1215,    0.0821,    0.0541,    0.0359,    0.0258,    0.0860,    0.0477,    0.0690,    0.0745,    0.0831,    0.0768,    0.0838,    0.0936,    0.0817,    0.1126,    0.0989,    0.1080,    0.1190,    0.0967,    0.1405,    0.1561,    0.1282,    0.1590,    0.1949,    0.2082,    0.1988,    0.1241,    0.1968,    0.2088,    0.2561,    0.2720,    0.2815,    0.2994,    0.3076,    0.3236,    0.3323,    0.3854,    0.4247,    0.3981,    0.3973,    0.4076,    0.6937,    0.7550,    0.7983,    0.8292,    0.8546,    0.9211,    0.8677,    0.9221,    0.9078,    0.9505,    0.8994,    0.9723,    2.0897,    2.0740,    2.1354,    2.1688,    2.2004,    2.1185,    2.2097,    2.2729,    2.3135,    2.1563,    2.1389,    2.2150,    5.6181,    5.3989,    5.3315,    5.2031,    4.8004,    4.5306,    3.9859,    3.6735,    3.5384,    3.1194,    2.3893,    2.2312,    1.7232,    1.5875,    1.2171,    1.1581,    0.7854,    0.5710,    0.4639,    0.1873,    0.1661,    0.1187,    0.0414,    0.0338,    0.0004,    0.0016,    0.0033,    0.0054,    0.0077,    0.0202,    0.0374,    0.0590,    0.0842,    0.1123,    0.1623,    0.2070,    0.2434,    0.2903,    0.3479,    0.4315,    0.5234,    0.6185,    0.6714,    0.7120,    0.7377,    0.7436,    0.7912,    0.9200,    0.3229,    0.3414,    0.3709,    0.4443,    0.5331,    0.6186,    0.8928,    0.9001,    0.9706,    1.0983,    1.1356,    1.2555,    0.9697,    0.9641,    0.9572,    0.9473,    0.9378,    0.9287,    0.9178,    0.9074,    0.8966,    0.8844,    0.8684,    0.8430,    0.8099,    0.6957,    0.7517,    0.5331,    0.5364,    0.5251,    0.4655,    0.3050,    0.2455,    0.1745,    0.1360,    0.1220,    0.3119,    0.3124,    0.2978,    0.3247,    0.3442,    0.3606,    0.3676,    0.3754,    0.3851,    0.3947,    0.3999,    0.3874,    0.5690,    0.5078,    0.4576,    0.3742,    0.2723,    0.1935,    0.1531,    0.1214,    0.1008,    0.0817,    0.0794,    0.0708,    0.1497,    0.1102,    0.0700,    0.0517,    0.0392,    0.0301,    0.0226,    0.0196,    0.0154,    0.0131,    0.0102,    0.0053,    0.0197,    0.0000,    0.0507,    0.0905,    0.1019,    0.0932,    0.1035,    0.1156,    0.1024,    0.1397,    0.1239,    0.1355,    0.1482,    0.1199,    0.1729,    0.1884,    0.1527,    0.0993,    0.0120,    0.0265,    0.1279,    0.1531,    0.2487,    0.2592,    0.3208,    0.3448,    0.3568,    0.3792,    0.3881,    0.3973,    0.3701,    0.3365,    0.2966,    0.3547,    0.4964,    0.5009,    0.8788,    0.9677,    1.0093,    1.0264,    1.0104,    1.1310,    1.0826,    1.1602,    1.0692,    1.2050,    1.1489,    1.2182,    2.6642,    2.6122,    2.7074,    2.7794,    2.8082,    2.7156,    2.8025,    2.8827,    2.9660,    2.7628,    2.7128,    2.8397,    7.2021,    6.8481,    6.8353,    6.6000,    6.1544,    5.7471,    5.0562,    4.6599,    4.4887,    3.9157,    3.0309,    2.8008,    2.1631,    1.9928,    1.5118,    1.4536,    0.9755,    0.7092,    0.5702,    0.2278,    0.1999,    0.1413,    0.0487,    0.0394
    2,    0.7500,  227.5722,    0.3545,  126.8913,   95.7819,  -30.6221,  -10.9745,  158.4330,  163.5827,  163.6723,  163.8293,  164.1029,  164.5732,  165.3648,  166.6602,  168.4872,  170.9519,  174.2721,  178.5564,  183.8814,  190.3071,  197.9049,  205.8548,  212.8059,  218.1105,  222.1140,  224.8330,  226.3589,  227.0949,  227.3721,  227.5098,  227.5598,    0.0705,    0.2672,    0.5652,    0.9354,    1.3525,    1.7927,    2.2383,    2.6739,    3.0876,    3.4693,    3.8061,    4.0869,    3.7051,    3.8516,    3.9512,    4.0211,    4.0455,    4.0490,    4.0416,    4.0039,    3.9591,    3.9035,    3.8060,    3.6723,    1.2595,    1.2417,    1.2237,    1.1921,    1.1565,    1.1186,    1.0025,    0.9960,    0.9487,    0.8257,    0.8193,    0.6591,    0.4214,    0.3575,    0.2959,    0.2847,    0.2651,    0.2234,    0.2577,    0.2605,    0.2778,    0.3137,    0.3739,    0.4400,    0.5498,    0.6002,    0.5063,    0.6406,    0.6296,    0.6247,    0.6289,    0.6831,    0.6920,    0.6996,    0.6997,    0.6925,    1.8473,    1.7476,    1.6484,    1.5354,    1.4341,    1.3402,    1.2546,    1.1721,    1.0907,    1.0124,    0.9422,    0.8819,    1.3046,    1.1953,    1.1021,    1.0536,    1.0203,    0.9645,    0.8972,    0.8299,    0.7603,    0.6977,    0.6290,    0.5683,    1.4077,    1.0138,    0.7294,    0.5152,    0.3594,    0.2481,    0.1706,    0.1144,    0.0771,    0.0507,    0.0335,    0.0240,    0.0841,    0.0475,    0.0663,    0.0704,    0.0785,    0.0722,    0.0788,    0.0877,    0.0765,    0.1055,    0.0923,    0.1008,    0.1109,    0.0900,    0.1308,    0.1453,    0.1193,    0.1500,    0.1900,    0.2020,    0.1892,    0.1150,    0.1818,    0.1934,    0.2371,    0.2510,    0.2596,    0.2761,    0.2838,    0.2990,    0.3081,    0.3599,    0.3989,    0.3717,    0.3661,    0.3769,    0.6409,    0.6957,    0.7386,    0.7685,    0.7939,    0.8532,    0.8060,    0.8546,    0.8441,    0.8845,    0.8351,    0.9067,    1.9447,    1.9344,    1.9993,    2.0280,    2.0608,    1.9860,    2.0798,    2.1417,    2.1757,    2.0296,    2.0202,    2.0878,    5.3024,    5.1176,    5.0466,    4.9420,    4.5532,    4.3119,    3.7968,    3.5018,    3.3761,    2.9856,    2.2825,    2.1379,    1.6524,    1.5237,    1.1717,    1.1129,    0.7571,    0.5510,    0.4490,    0.1818,    0.1618,    0.1159,    0.0405,    0.0332,    0.0006,    0.0023,    0.0049,    0.0080,    0.0115,    0.0302,    0.0559,    0.0879,    0.1254,    0.1670,    0.2406,    0.3061,    0.3585,    0.4265,    0.5092,    0.6283,    0.7574,    0.8893,    0.9619,    1.0167,    1.0507,    1.0567,    1.1097,    1.2479,    0.4405,    0.4574,    0.4827,    0.5457,    0.6211,    0.6925,    0.9363,    0.9386,    1.0007,    1.1142,    1.1455,    1.2562,    0.9697,    0.9641,    0.9572,    0.9473,    0.9378,    0.9287,    0.9178,    0.9074,    0.8966,    0.8844,    0.8684,    0.8434,    0.8132,    0.7044,    0.7573,    0.5492,    0.5518,    0.5405,    0.4838,    0.3311,    0.2743,    0.2067,    0.1697,    0.1558,    0.4094,    0.4151,    0.4144,    0.4546,    0.4821,    0.5018,    0.5091,    0.5157,    0.5242,    0.5311,    0.5317,    0.5152,    0.7590,    0.6842,    0.6121,    0.4990,    0.3693,    0.2742,    0.2186,    0.1744,    0.1453,    0.1169,    0.1078,    0.0952,    0.2097,    0.1521,    0.1012,    0.0745,    0.0564,    0.0430,    0.0321,    0.0264,    0.0201,    0.0163,    0.0124,    0.0070,    0.0183,    0.0000,    0.0472,    0.0839,    0.0944,    0.0865,    0.0956,    0.1069,    0.0946,    0.1284,    0.1142,    0.1248,    0.1364,    0.1102,    0.1588,    0.1729,    0.1400,    0.0911,    0.0111,    0.0242,    0.1169,    0.1400,    0.2282,    0.2369,    0.2932,    0.3160,    0.3270,    0.3475,    0.3557,    0.3640,    0.3390,    0.3081,    0.2715,    0.3250,    0.4568,    0.4596,    0.8066,    0.8916,    0.9277,    0.9441,    0.9299,    1.0456,    0.9986,    1.0743,    0.9908,    1.1142,    1.0665,    1.1283,    2.4787,    2.4345,    2.5191,    2.5989,    2.6296,    2.5458,    2.6219,    2.7000,    2.7893,    2.6004,    2.5471,    2.6767,    6.7975,    6.4531,    6.4699,    6.2322,    5.8374,    5.4380,    4.7885,    4.4165,    4.2580,    3.7052,    2.8788,    2.6532,    2.0508,    1.8911,    1.4310,    1.3811,    0.9246,    0.6728,    0.5396,    0.2151,    0.1884,    0.1328,    0.0457,    0.0369
    2,    1.0000,  227.5722,    0.3870,  123.4664,   90.9595,  -32.0195,   -9.7898,  158.4330,  163.5827,  163.6723,  163.8293,  164.1029,  164.5732,  165.3648,  166.6602,  168.4872,  170.9519,  174.2721,  178.5564,  183.8814,  190.3071,  197.9049,  205.8548,  212.8059,  218.1105,  222.1140,  224.8330,  226.3589,  227.0949,  227.3721,  227.5098,  227.5598,    0.0705,    0.2672,    0.5650,    0.9351,    1.3520,    1.7912,    2.2354,    2.6691,    3.0802,    3.4590,    3.7902,    4.0616,    3.6757,    3.8159,    3.9046,    3.9639,    3.9737,    3.9647,    3.9488,    3.9017,    3.8511,    3.7921,    3.6877,    3.5464,    1.2133,    1.1953,    1.1782,    1.1486,    1.1160,    1.0818,    0.9743,    0.9694,    0.9247,    0.8095,    0.8055,    0.6525,    0.4191,    0.3562,    0.2954,    0.2843,    0.2648,    0.2233,    0.2575,    0.2602,    0.2773,    0.3127,    0.3719,    0.4362,    0.5422,    0.5899,    0.4990,    0.6273,    0.6163,    0.6114,    0.6147,    0.6656,    0.6736,    0.6798,    0.6794,    0.6722,    1.7886,    1.6851,    1.5791,    1.4596,    1.3548,    1.2591,    1.1732,    1.0910,    1.0099,    0.9325,    0.8642,    0.8059,    1.1901,    1.0878,    1.0050,    0.9718,    0.9544,    0.9087,    0.8506,    0.7910,    0.7268,    0.6702,    0.6060,    0.5481,    1.3563,    0.9762,    0.7007,    0.4939,    0.3434,    0.2360,    0.1617,    0.1081,    0.0727,    0.0478,    0.0315,    0.0224,    0.0824,    0.0473,    0.0641,    0.0670,    0.0745,    0.0683,    0.0746,    0.0828,    0.0721,    0.0996,    0.0868,    0.0947,    0.1042,    0.0845,    0.1228,    0.1364,    0.1119,    0.1424,    0.1856,    0.1965,    0.1812,    0.1076,    0.1694,    0.1808,    0.2216,    0.2336,    0.2417,    0.2571,    0.2642,    0.2787,    0.2881,    0.3387,    0.3774,    0.3496,    0.3401,    0.3517,    0.5973,    0.6463,    0.6892,    0.7181,    0.7434,    0.7962,    0.7546,    0.7978,    0.7904,    0.8292,    0.7808,    0.8515,    1.8217,    1.8155,    1.8838,    1.9074,    1.9408,    1.8719,    1.9685,    2.0290,    2.0562,    1.9196,    1.9178,    1.9771,    5.0268,    4.8729,    4.7963,    4.7138,    4.3351,    4.1200,    3.6306,    3.3506,    3.2328,    2.8682,    2.1880,    2.0558,    1.5901,    1.4674,    1.1318,    1.0728,    0.7322,    0.5333,    0.4358,    0.1770,    0.1580,    0.1135,    0.0398,    0.0327,    0.0008,    0.0031,    0.0065,    0.0107,    0.0153,    0.0401,    0.0741,    0.1165,    0.1659,    0.2207,    0.3171,    0.4026,    0.4695,    0.5570,    0.6627,    0.8134,    0.9749,    1.1376,    1.2261,    1.2920,    1.3321,    1.3377,    1.3936,    1.5366,    0.5435,    0.5587,    0.5801,    0.6343,    0.6981,    0.7576,    0.9747,    0.9728,    1.0275,    1.1284,    1.1546,    1.2568,    0.9697,    0.9642,    0.9572,    0.9473,    0.9378,    0.9287,    0.9178,    0.9074,    0.8966,    0.8844,    0.8685,    0.8438,    0.8163,    0.7126,    0.7625,    0.5642,    0.5663,    0.5550,    0.5010,    0.3556,    0.3013,    0.2367,    0.2011,    0.1873,    0.4999,    0.5097,    0.5200,    0.5700,    0.6025,    0.6233,    0.6295,    0.6336,    0.6395,    0.6427,    0.6385,    0.6178,    0.9116,    0.8257,    0.7376,    0.6039,    0.4541,    0.3461,    0.2780,    0.2229,    0.1863,    0.1498,    0.1344,    0.1181,    0.2659,    0.1913,    0.1303,    0.0956,    0.0721,    0.0548,    0.0408,    0.0324,    0.0243,    0.0191,    0.0143,    0.0085,    0.0171,    0.0000,    0.0441,    0.0783,    0.0879,    0.0807,    0.0888,    0.0996,    0.0880,    0.1189,    0.1060,    0.1158,    0.1263,    0.1020,    0.1469,    0.1599,    0.1294,    0.0843,    0.0102,    0.0223,    0.1078,    0.1291,    0.2111,    0.2184,    0.2702,    0.2921,    0.3022,    0.3212,    0.3287,    0.3364,    0.3132,    0.2843,    0.2505,    0.3001,    0.4239,    0.4252,    0.7464,    0.8283,    0.8594,    0.8751,    0.8624,    0.9739,    0.9278,    1.0020,    0.9246,    1.0374,    0.9970,    1.0519,    2.3212,    2.2831,    2.3580,    2.4442,    2.4760,    2.3995,    2.4656,    2.5416,    2.6361,    2.4594,    2.4027,    2.5347,    6.4441,    6.1064,    6.1491,    5.9078,    5.5578,    5.1642,    4.5510,    4.2002,    4.0527,    3.5171,    2.7430,    2.5210,    1.9500,    1.7997,    1.3582,    1.3157,    0.8786,    0.6399,    0.5118,    0.2035,    0.1779,    0.1251,    0.0429,    0.0346
    2,    1.2500,  227.5722,    0.4154,  120.3721,   86.7436,  -33.1409,   -8.6518,  158.4330,  163.5827,  163.6723,  163.8293,  164.1029,  164.5732,  165.3648,  166.6602,  168.4872,  170.9519,  174.2721,  178.5564,  183.8814,  190.3071,  197.9049,  205.8548,  212.8059,  218.1105,  222.1140,  224.8330,  226.3589,  227.0949,  227.3721,  227.5098,  227.5598,    0.0704,    0.2671,    0.5648,    0.9348,    1.3515,    1.7898,    2.2326,    2.6643,    3.0730,    3.4487,    3.7746,    4.0369,    3.6471,    3.7814,    3.8601,    3.9094,    3.9061,    3.8859,    3.8623,    3.8073,    3.7516,    3.6896,    3.5795,    3.4320,    1.1715,    1.1535,    1.1371,    1.1092,    1.0791,    1.0482,    0.9482,    0.9448,    0.9025,    0.7944,    0.7924,    0.6462,    0.4168,    0.3550,    0.2950,    0.2839,    0.2646,    0.2232,    0.2572,    0.2598,    0.2769,    0.3118,    0.3699,    0.4324,    0.5349,    0.5800,    0.4920,    0.6148,    0.6038,    0.5987,    0.6013,    0.6493,    0.6564,    0.6613,    0.6605,    0.6533,    1.7341,    1.6276,    1.5162,    1.3918,    1.2846,    1.1882,    1.1025,    1.0211,    0.9409,    0.8649,    0.7986,    0.7423,    1.0945,    0.9981,    0.9234,    0.9012,    0.8958,    0.8583,    0.8079,    0.7550,    0.6957,    0.6445,    0.5843,    0.5290,    1.3081,    0.9409,    0.6740,    0.4742,    0.3286,    0.2249,    0.1536,    0.1024,    0.0687,    0.0451,    0.0296,    0.0210,    0.0809,    0.0471,    0.0621,    0.0641,    0.0712,    0.0650,    0.0711,    0.0786,    0.0683,    0.0946,    0.0822,    0.0896,    0.0985,    0.0798,    0.1160,    0.1289,    0.1057,    0.1359,    0.1816,    0.1916,    0.1744,    0.1014,    0.1589,    0.1703,    0.2086,    0.2191,    0.2266,    0.2410,    0.2477,    0.2616,    0.2712,    0.3206,    0.3589,    0.3309,    0.3180,    0.3303,    0.5605,    0.6044,    0.6474,    0.6754,    0.7006,    0.7474,    0.7109,    0.7492,    0.7442,    0.7820,    0.7340,    0.8043,    1.7155,    1.7126,    1.7843,    1.8024,    1.8363,    1.7723,    1.8717,    1.9309,    1.9513,    1.8230,    1.8283,    1.8795,    4.7835,    4.6576,    4.5741,    4.5124,    4.1408,    3.9500,    3.4831,    3.2163,    3.1053,    2.7643,    2.1037,    1.9830,    1.5347,    1.4173,    1.0965,    1.0371,    0.7101,    0.5175,    0.4243,    0.1728,    0.1548,    0.1115,    0.0392,    0.0323,    0.0010,    0.0039,    0.0081,    0.0134,    0.0191,    0.0500,    0.0923,    0.1448,    0.2059,    0.2734,    0.3918,    0.4963,    0.5765,    0.6821,    0.8088,    0.9877,    1.1771,    1.3653,    1.4665,    1.5409,    1.5852,    1.5899,    1.6469,    1.7911,    0.6337,    0.6472,    0.6653,    0.7117,    0.7657,    0.8149,    1.0086,    1.0033,    1.0514,    1.1413,    1.1628,    1.2574,    0.9698,    0.9642,    0.9572,    0.9473,    0.9378,    0.9287,    0.9178,    0.9074,    0.8966,    0.8844,    0.8685,    0.8442,    0.8193,    0.7202,    0.7674,    0.5783,    0.5798,    0.5685,    0.5171,    0.3785,    0.3265,    0.2648,    0.2305,    0.2168,    0.5841,    0.5969,    0.6159,    0.6727,    0.7080,    0.7283,    0.7323,    0.7332,    0.7357,    0.7346,    0.7255,    0.7008,    1.0351,    0.9403,    0.8403,    0.6926,    0.5284,    0.4104,    0.3317,    0.2675,    0.2243,    0.1804,    0.1594,    0.1396,    0.3188,    0.2281,    0.1574,    0.1152,    0.0866,    0.0655,    0.0486,    0.0379,    0.0281,    0.0216,    0.0160,    0.0098,    0.0160,    0.0000,    0.0414,    0.0734,    0.0823,    0.0756,    0.0829,    0.0932,    0.0823,    0.1107,    0.0989,    0.1080,    0.1177,    0.0950,    0.1368,    0.1487,    0.1203,    0.0784,    0.0095,    0.0206,    0.1000,    0.1198,    0.1965,    0.2025,    0.2506,    0.2718,    0.2812,    0.2988,    0.3058,    0.3130,    0.2912,    0.2641,    0.2325,    0.2788,    0.3960,    0.3959,    0.6952,    0.7745,    0.8012,    0.8162,    0.8046,    0.9127,    0.8671,    0.9401,    0.8678,    0.9713,    0.9371,    0.9860,    2.1854,    2.1522,    2.2178,    2.3097,    2.3422,    2.2718,    2.3284,    2.4023,    2.5017,    2.3355,    2.2753,    2.4096,    6.1322,    5.7985,    5.8643,    5.6187,    5.3087,    4.9194,    4.3383,    4.0062,    3.8682,    3.3477,    2.6208,    2.4018,    1.8589,    1.7170,    1.2922,    1.2564,    0.8368,    0.6099,    0.4865,    0.1929,    0.1682,    0.1180,    0.0404,    0.0325
    2,    1.5000,  227.5722,    0.4406,  117.5593,   83.0164,  -34.0552,   -7.5882,  158.4330,  163.5827,  163.6723,  163.8293,  164.1029,  164.5732,  165.3648,  166.6602,  168.4872,  170.9519,  174.2721,  178.5564,  183.8814,  190.3071,  197.9049,  205.8548,  212.8059,  218.1105,  222.1140,  224.8330,  226.3589,  227.0949,  227.3721,  227.5098,  227.5598,    0.0704,    0.2670,    0.5647,    0.9344,    1.3509,    1.7884,    2.2297,    2.6596,    3.0658,    3.4385,    3.7593,    4.0128,    3.6193,    3.7480,    3.8173,    3.8575,    3.8424,    3.8122,    3.7817,    3.7197,    3.6596,    3.5949,    3.4802,    3.3276,    1.1336,    1.1156,    1.0998,    1.0733,    1.0456,    1.0175,    0.9243,    0.9219,    0.8818,    0.7801,    0.7800,    0.6400,    0.4146,    0.3538,    0.2945,    0.2836,    0.2643,    0.2231,    0.2569,    0.2595,    0.2764,    0.3108,    0.3679,    0.4288,    0.5279,    0.5706,    0.4852,    0.6029,    0.5918,    0.5867,    0.5887,    0.6339,    0.6402,    0.6439,    0.6427,    0.6356,    1.6833,    1.5746,    1.4588,    1.3308,    1.2222,    1.1256,    1.0406,    0.9604,    0.8814,    0.8072,    0.7430,    0.6887,    1.0138,    0.9225,    0.8541,    0.8398,    0.8435,    0.8126,    0.7688,    0.7218,    0.6667,    0.6204,    0.5640,    0.5111,    1.2628,    0.9079,    0.6491,    0.4558,    0.3149,    0.2147,    0.1462,    0.0972,    0.0651,    0.0427,    0.0280,    0.0198,    0.0795,    0.0470,    0.0603,    0.0615,    0.0683,    0.0621,    0.0681,    0.0750,    0.0651,    0.0904,    0.0782,    0.0853,    0.0936,    0.0759,    0.1102,    0.1225,    0.1004,    0.1302,    0.1779,    0.1872,    0.1685,    0.0961,    0.1500,    0.1614,    0.1976,    0.2066,    0.2136,    0.2273,    0.2336,    0.2470,    0.2568,    0.3051,    0.3429,    0.3148,    0.2990,    0.3120,    0.5290,    0.5681,    0.6115,    0.6387,    0.6636,    0.7050,    0.6732,    0.7069,    0.7039,    0.7412,    0.6933,    0.7634,    1.6226,    1.6223,    1.6976,    1.7100,    1.7440,    1.6843,    1.7867,    1.8445,    1.8583,    1.7371,    1.7492,    1.7926,    4.5664,    4.4666,    4.3751,    4.3330,    3.9662,    3.7981,    3.3511,    3.0960,    2.9910,    2.6717,    2.0280,    1.9179,    1.4851,    1.3725,    1.0651,    1.0051,    0.6904,    0.5035,    0.4140,    0.1691,    0.1519,    0.1097,    0.0387,    0.0320,    0.0012,    0.0046,    0.0097,    0.0160,    0.0229,    0.0598,    0.1102,    0.1727,    0.2452,    0.3253,    0.4648,    0.5874,    0.6796,    0.8021,    0.9479,    1.1518,    1.3650,    1.5743,    1.6855,    1.7661,    1.8132,    1.8166,    1.8732,    2.0158,    0.7128,    0.7247,    0.7398,    0.7795,    0.8251,    0.8656,    1.0386,    1.0305,    1.0727,    1.1529,    1.1704,    1.2579,    0.9698,    0.9642,    0.9572,    0.9473,    0.9378,    0.9287,    0.9178,    0.9074,    0.8966,    0.8844,    0.8685,    0.8445,    0.8221,    0.7274,    0.7720,    0.5915,    0.5925,    0.5812,    0.5321,    0.3999,    0.3501,    0.2911,    0.2579,    0.2443,    0.6624,    0.6773,    0.7032,    0.7645,    0.8007,    0.8193,    0.8205,    0.8178,    0.8163,    0.8108,    0.7969,    0.7685,    1.1359,    1.0338,    0.9248,    0.7679,    0.5937,    0.4678,    0.3805,    0.3084,    0.2594,    0.2090,    0.1829,    0.1598,    0.3685,    0.2626,    0.1827,    0.1335,    0.1000,    0.0754,    0.0557,    0.0428,    0.0315,    0.0239,    0.0176,    0.0109,    0.0151,    0.0000,    0.0389,    0.0690,    0.0773,    0.0712,    0.0777,    0.0875,    0.0772,    0.1034,    0.0927,    0.1012,    0.1102,    0.0888,    0.1279,    0.1390,    0.1123,    0.0732,    0.0088,    0.0191,    0.0931,    0.1117,    0.1839,    0.1888,    0.2336,    0.2542,    0.2630,    0.2795,    0.2860,    0.2926,    0.2722,    0.2464,    0.2168,    0.2604,    0.3719,    0.3704,    0.6508,    0.7280,    0.7506,    0.7650,    0.7543,    0.8595,    0.8141,    0.8863,    0.8184,    0.9134,    0.8849,    0.9282,    2.0666,    2.0373,    2.0943,    2.1912,    2.2241,    2.1589,    2.2067,    2.2785,    2.3824,    2.2254,    2.1616,    2.2983,    5.8539,    5.5225,    5.6092,    5.3589,    5.0849,    4.6986,    4.1461,    3.8308,    3.7012,    3.1940,    2.5098,    2.2933,    1.7760,    1.6415,    1.2318,    1.2022,    0.7985,    0.5823,    0.4632,    0.1832,    0.1594,    0.1115,    0.0381,    0.0305
    2,    1.7500,  227.5722,    0.4630,  114.9889,   79.6897,  -34.8112,   -6.6124,  158.4330,  163.5827,  163.6723,  163.8293,  164.1029,  164.5732,  165.3648,  166.6602,  168.4872,  170.9519,  174.2721,  178.5564,  183.8814,  190.3071,  197.9049,  205.8548,  212.8059,  218.1105,  222.1140,  224.8330,  226.3589,  227.0949,  227.3721,  227.5098,  227.5598,    0.0704,    0.2669,    0.5645,    0.9341,    1.3504,    1.7869,    2.2269,    2.6548,    3.0587,    3.4285,    3.7441,    3.9893,    3.5923,    3.7156,    3.7762,    3.8079,    3.7821,    3.7429,    3.7064,    3.6384,    3.5744,    3.5073,    3.3887,    3.2321,    1.0992,    1.0811,    1.0658,    1.0407,    1.0149,    0.9892,    0.9021,    0.9007,    0.8625,    0.7667,    0.7682,    0.6341,    0.4125,    0.3526,    0.2941,    0.2832,    0.2640,    0.2230,    0.2567,    0.2592,    0.2759,    0.3099,    0.3659,    0.4253,    0.5211,    0.5616,    0.4788,    0.5916,    0.5805,    0.5753,    0.5767,    0.6194,    0.6250,    0.6276,    0.6261,    0.6190,    1.6360,    1.5255,    1.4063,    1.2757,    1.1664,    1.0701,    0.9861,    0.9072,    0.8298,    0.7575,    0.6953,    0.6430,    0.9450,    0.8581,    0.7948,    0.7861,    0.7965,    0.7711,    0.7329,    0.6910,    0.6398,    0.5977,    0.5448,    0.4942,    1.2201,    0.8768,    0.6257,    0.4387,    0.3023,    0.2053,    0.1394,    0.0924,    0.0619,    0.0405,    0.0265,    0.0187,    0.0783,    0.0468,    0.0587,    0.0593,    0.0658,    0.0596,    0.0655,    0.0718,    0.0623,    0.0868,    0.0747,    0.0815,    0.0894,    0.0724,    0.1052,    0.1169,    0.0958,    0.1252,    0.1745,    0.1832,    0.1633,    0.0916,    0.1422,    0.1536,    0.1881,    0.1958,    0.2024,    0.2154,    0.2214,    0.2343,    0.2442,    0.2915,    0.3288,    0.3006,    0.2823,    0.2961,    0.5016,    0.5363,    0.5803,    0.6067,    0.6314,    0.6677,    0.6403,    0.6696,    0.6684,    0.7054,    0.6572,    0.7275,    1.5404,    1.5422,    1.6211,    1.6278,    1.6617,    1.6057,    1.7113,    1.7678,    1.7749,    1.6600,    1.6787,    1.7146,    4.3711,    4.2955,    4.1954,    4.1720,    3.8082,    3.6615,    3.2323,    2.9875,    2.8877,    2.5886,    1.9594,    1.8595,    1.4405,    1.3320,    1.0370,    0.9762,    0.6727,    0.4909,    0.4048,    0.1659,    0.1494,    0.1081,    0.0382,    0.0316,    0.0014,    0.0054,    0.0114,    0.0186,    0.0267,    0.0696,    0.1280,    0.2003,    0.2840,    0.3762,    0.5361,    0.6761,    0.7791,    0.9171,    1.0803,    1.3063,    1.5398,    1.7660,    1.8849,    1.9700,    2.0187,    2.0206,    2.0756,    2.2143,    0.7824,    0.7926,    0.8051,    0.8390,    0.8773,    0.9104,    1.0652,    1.0548,    1.0918,    1.1634,    1.1773,    1.2585,    0.9699,    0.9642,    0.9572,    0.9473,    0.9378,    0.9287,    0.9178,    0.9074,    0.8966,    0.8844,    0.8686,    0.8448,    0.8247,    0.7342,    0.7763,    0.6039,    0.6043,    0.5930,    0.5462,    0.4199,    0.3723,    0.3156,    0.2836,    0.2701,    0.7355,    0.7518,    0.7827,    0.8466,    0.8824,    0.8986,    0.8965,    0.8900,    0.8844,    0.8743,    0.8560,    0.8242,    1.2188,    1.1106,    0.9948,    0.8322,    0.6512,    0.5193,    0.4249,    0.3461,    0.2919,    0.2357,    0.2049,    0.1789,    0.4153,    0.2951,    0.2065,    0.1505,    0.1124,    0.0845,    0.0622,    0.0473,    0.0346,    0.0259,    0.0189,    0.0120,    0.0142,    0.0000,    0.0367,    0.0650,    0.0728,    0.0672,    0.0730,    0.0825,    0.0728,    0.0970,    0.0872,    0.0951,    0.1036,    0.0834,    0.1200,    0.1304,    0.1053,    0.0687,    0.0082,    0.0177,    0.0871,    0.1046,    0.1729,    0.1767,    0.2186,    0.2388,    0.2470,    0.2625,    0.2687,    0.2748,    0.2555,    0.2309,    0.2030,    0.2441,    0.3509,    0.3481,    0.6118,    0.6873,    0.7061,    0.7198,    0.7100,    0.8126,    0.7674,    0.8389,    0.7747,    0.8622,    0.8388,    0.8770,    1.9614,    1.9354,    1.9842,    2.0858,    2.1188,    2.0582,    2.0977,    2.1674,    2.2755,    2.1266,    2.0593,    2.1982,    5.6034,    5.2730,    5.3788,    5.1233,    4.8822,    4.4980,    3.9713,    3.6711,    3.5489,    3.0534,    2.4085,    2.1940,    1.7000,    1.5723,    1.1763,    1.1523,    0.7632,    0.5569,    0.4417,    0.1742,    0.1512,    0.1055,    0.0359,    0.0287
    2,    2.0000,  227.5722,    0.4831,  112.6289,   76.6966,  -35.4443,   -5.7288,  158.4330,  163.5827,  163.6723,  163.8293,  164.1029,  164.5732,  165.3648,  166.6602,  168.4872,  170.9519,  174.2721,  178.5564,  183.8814,  190.3071,  197.9049,  205.8548,  212.8059,  218.1105,  222.1140,  224.8330,  226.3589,  227.0949,  227.3721,  227.5098,  227.5598,    0.0704,    0.2668,    0.5643,    0.9337,    1.3499,    1.7855,    2.2241,    2.6501,    3.0516,    3.4186,    3.7292,    3.9663,    3.5661,    3.6843,    3.7368,    3.7606,    3.7251,    3.6778,    3.6358,    3.5627,    3.4952,    3.4260,    3.3042,    3.1445,    1.0676,    1.0496,    1.0347,    1.0108,    0.9867,    0.9631,    0.8815,    0.8809,    0.8444,    0.7541,    0.7570,    0.6284,    0.4104,    0.3515,    0.2936,    0.2828,    0.2637,    0.2229,    0.2564,    0.2589,    0.2754,    0.3090,    0.3640,    0.4218,    0.5146,    0.5530,    0.4726,    0.5808,    0.5698,    0.5645,    0.5654,    0.6056,    0.6106,    0.6123,    0.6105,    0.6034,    1.5918,    1.4799,    1.3580,    1.2257,    1.1162,    1.0205,    0.9377,    0.8604,    0.7846,    0.7143,    0.6541,    0.6037,    0.8860,    0.8030,    0.7437,    0.7389,    0.7543,    0.7334,    0.6998,    0.6624,    0.6146,    0.5765,    0.5268,    0.4783,    1.1798,    0.8476,    0.6038,    0.4227,    0.2905,    0.1966,    0.1331,    0.0881,    0.0589,    0.0385,    0.0251,    0.0176,    0.0771,    0.0466,    0.0573,    0.0574,    0.0636,    0.0574,    0.0632,    0.0691,    0.0598,    0.0836,    0.0717,    0.0781,    0.0857,    0.0694,    0.1008,    0.1120,    0.0918,    0.1207,    0.1714,    0.1795,    0.1586,    0.0876,    0.1354,    0.1469,    0.1798,    0.1862,    0.1926,    0.2049,    0.2106,    0.2232,    0.2331,    0.2794,    0.3163,    0.2881,    0.2675,    0.2821,    0.4775,    0.5081,    0.5528,    0.5785,    0.6030,    0.6346,    0.6112,    0.6364,    0.6367,    0.6738,    0.6251,    0.6956,    1.4668,    1.4705,    1.5530,    1.5539,    1.5877,    1.5349,    1.6438,    1.6990,    1.6996,    1.5903,    1.6154,    1.6439,    4.1939,    4.1413,    4.0320,    4.0265,    3.6640,    3.5376,    3.1244,    2.8890,    2.7938,    2.5135,    1.8971,    1.8066,    1.4002,    1.2954,    1.0117,    0.9499,    0.6568,    0.4795,    0.3965,    0.1629,    0.1471,    0.1068,    0.0378,    0.0314,    0.0016,    0.0062,    0.0130,    0.0213,    0.0305,    0.0793,    0.1456,    0.2276,    0.3222,    0.4262,    0.6057,    0.7622,    0.8749,    1.0273,    1.2063,    1.4518,    1.7025,    1.9422,    2.0668,    2.1548,    2.2040,    2.2042,    2.2568,    2.3901,    0.8436,    0.8523,    0.8624,    0.8912,    0.9233,    0.9502,    1.0888,    1.0765,    1.1089,    1.1729,    1.1836,    1.2590,    0.9699,    0.9642,    0.9572,    0.9473,    0.9378,    0.9287,    0.9178,    0.9074,    0.8966,    0.8844,    0.8686,    0.8452,    0.8272,    0.7405,    0.7803,    0.6155,    0.6155,    0.6042,    0.5594,    0.4387,    0.3930,    0.3386,    0.3077,    0.2943,    0.8036,    0.8206,    0.8553,    0.9203,    0.9546,    0.9678,    0.9622,    0.9518,    0.9420,    0.9277,    0.9051,    0.8703,    1.2874,    1.1742,    1.0533,    0.8872,    0.7020,    0.5656,    0.4653,    0.3808,    0.3220,    0.2608,    0.2257,    0.1969,    0.4594,    0.3256,    0.2288,    0.1664,    0.1239,    0.0929,    0.0682,    0.0514,    0.0374,    0.0278,    0.0202,    0.0129,    0.0134,    0.0000,    0.0347,    0.0615,    0.0687,    0.0636,    0.0688,    0.0780,    0.0687,    0.0912,    0.0823,    0.0897,    0.0976,    0.0786,    0.1130,    0.1227,    0.0990,    0.0646,    0.0077,    0.0165,    0.0818,    0.0982,    0.1630,    0.1659,    0.2053,    0.2251,    0.2328,    0.2474,    0.2532,    0.2590,    0.2406,    0.2171,    0.1907,    0.2296,    0.3322,    0.3283,    0.5771,    0.6512,    0.6665,    0.6797,    0.6704,    0.7710,    0.7256,    0.7967,    0.7358,    0.8165,    0.7977,    0.8311,    1.8673,    1.8442,    1.8852,    1.9911,    2.0241,    1.9674,    1.9990,    2.0668,    2.1789,    2.0373,    1.9665,    2.1076,    5.3763,    5.0457,    5.1692,    4.9083,    4.6975,    4.3144,    3.8112,    3.5246,    3.4091,    2.9241,    2.3154,    2.1025,    1.6299,    1.5083,    1.1250,    1.1062,    0.7305,    0.5334,    0.4218,    0.1659,    0.1436,    0.0999,    0.0339,    0.0271
