Particle       ,data/QEXT_96IR_84_VIS_nanoribbon_9um1um0p1um
Ncase          ,  14
dt (sols)      ,  0.020833
Qext 0.67um    ,  9.793000
Alb sfc        ,  0.220000
Conrath nu     ,  0.002000
Sun Flux (W/m2),148.389262
BWN IR (cm-1)  ,     10.0000,     34.1670,     58.3330,     82.5000,    106.6670,    130.8330,    155.0000,    179.1670,    203.3330,    227.5000,    251.6670,    275.8330,    300.0000,    320.7880,    341.5750,    362.3630,    383.1500,    403.9380,    424.7250,    445.5130,    466.3010,    487.0880,    507.8760,    528.6630,    549.4510,    556.7420,    564.0330,    571.3240,    578.6150,    585.9060,    593.1970,    600.4880,    607.7790,    615.0700,    622.3610,    629.6520,    636.9430,    642.5500,    648.1570,    653.7640,    659.3700,    664.9770,    670.5840,    676.1910,    681.7980,    687.4050,    693.0110,    698.6180,    704.2250,    710.1390,    716.0530,    721.9670,    727.8810,    733.7950,    739.7090,    745.6240,    751.5380,    757.4520,    763.3660,    769.2800,    775.1940,    791.5010,    807.8070,    824.1140,    840.4210,    856.7270,    873.0340,    889.3410,    905.6470,    921.9540,    938.2610,    954.5670,    970.8740,    996.8050,   1022.7370,   1048.6680,   1074.6000,   1100.5310,   1126.4630,   1152.3940,   1178.3250,   1204.2570,   1230.1880,   1256.1200,   1282.0510,   1360.3990,   1438.7460,   1517.0940,   1595.4410,   1673.7890,   1752.1370,   1830.4840,   1908.8320,   1987.1790,   2065.5270,   2143.8740,   2222.2220
BWN VIS (cm-1) ,   2222.2200,   2294.3160,   2366.4120,   2438.5080,   2510.6030,   2582.6990,   2654.7950,   2726.8910,   2798.9870,   2871.0820,   2943.1780,   3015.2740,   3087.3700,   3165.9750,   3244.5800,   3323.1850,   3401.7900,   3480.3950,   3559.0000,   3637.6050,   3716.2100,   3794.8150,   3873.4200,   3952.0250,   4030.6300,   4142.2920,   4253.9530,   4365.6150,   4477.2770,   4588.9380,   4700.6000,   4812.2620,   4923.9230,   5035.5850,   5147.2470,   5258.9080,   5370.5700,   5560.6150,   5750.6600,   5940.7050,   6130.7500,   6320.7950,   6510.8400,   6700.8850,   6890.9300,   7080.9750,   7271.0200,   7461.0650,   7651.1100,   8055.1840,   8459.2580,   8863.3330,   9267.4070,   9671.4810,  10075.5550,  10479.6290,  10883.7030,  11287.7780,  11691.8520,  12095.9260,  12500.0000,  13541.6670,  14583.3330,  15625.0000,  16666.6670,  17708.3330,  18750.0000,  19791.6670,  20833.3330,  21875.0000,  22916.6670,  23958.3330,  25000.0000,  26388.8890,  27777.7780,  29166.6670,  30555.5570,  31944.4460,  33333.3350,  34722.2240,  36111.1130,  37500.0030,  38888.8920,  40277.7810,  41666.6700
SUN VIS (W/m2) ,      0.1008,      0.0862,      0.0968,      0.1089,      0.1224,      0.1136,      0.1248,      0.1400,      0.1233,      0.1698,      0.1502,      0.1645,      0.1814,      0.1477,      0.2144,      0.2377,      0.1946,      0.2106,      0.2276,      0.2472,      0.2683,      0.1918,      0.3072,      0.3239,      0.3986,      0.4261,      0.4410,      0.4688,      0.4810,      0.5017,      0.5013,      0.5485,      0.5772,      0.5665,      0.6183,      0.6303,      1.0809,      1.1806,      1.2379,      1.2751,      1.2949,      1.4092,      1.3262,      1.4132,      1.3634,      1.4505,      1.3747,      1.4716,      3.1730,      3.1258,      3.2038,      3.2543,      3.2846,      3.1576,      3.2685,      3.3520,      3.4202,      3.1800,      3.1347,      3.2554,      8.2299,      7.8425,      7.7561,      7.5237,      6.9524,      6.5235,      5.7299,      5.2748,      5.0739,      4.4511,      3.4228,      3.1828,      2.4579,      2.2644,      1.7312,      1.6575,      1.1215,      0.8173,      0.6634,      0.2677,      0.2374,      0.1697,      0.0593,      0.0486
================
wavelenght [um],    0.244068,    0.252632,    0.261818,    0.271698,    0.282353,    0.293878,    0.306383,    0.320000,    0.334884,    0.351220,    0.369231,    0.389189,    0.408511,    0.426667,    0.446512,    0.468293,    0.492308,    0.518919,    0.548571,    0.581818,    0.619355,    0.662069,    0.711111,    0.768000,    0.813143,    0.840768,    0.870336,    0.902060,    0.936184,    0.972991,    1.012810,    1.056028,    1.103099,    1.154562,    1.211061,    1.273375,    1.323436,    1.357581,    1.393534,    1.431444,    1.471474,    1.513807,    1.558648,    1.606226,    1.656801,    1.710664,    1.768147,    1.829628,    1.881560,    1.921939,    1.964090,    2.008131,    2.054193,    2.102417,    2.152960,    2.205992,    2.261704,    2.320302,    2.382017,    2.447105,    2.505432,    2.555765,    2.608162,    2.662752,    2.719677,    2.779088,    2.841153,    2.906054,    2.973989,    3.045176,    3.119855,    3.198288,    3.277268,    3.356577,    3.439819,    3.527294,    3.619334,    3.716307,    3.818620,    3.926726,    4.041130,    4.162400,    4.291175,    4.428172,    4.580751,    4.751270,    4.934974,    5.133456,    5.348572,    5.582505,    5.837838,    6.117648,    6.425631,    6.766266,    7.145039,    7.568734,    7.879690,    8.044056,    8.215425,    8.394255,    8.581043,    8.776330,    8.980716,    9.194848,    9.419442,    9.655282,    9.903235,   10.164260,   10.387231,   10.566200,   10.751445,   10.943308,   11.142136,   11.348323,   11.562291,   11.784476,   12.015368,   12.255495,   12.505409,   12.765727,   12.949392,   13.049328,   13.150818,   13.253898,   13.358608,   13.464994,   13.573088,   13.682923,   13.794549,   13.908012,   14.023357,   14.140631,   14.256763,   14.371646,   14.488386,   14.607038,   14.727660,   14.850291,   14.974981,   15.101782,   15.230738,   15.361915,   15.495384,   15.631191,   15.790367,   15.974275,   16.162517,   16.355249,   16.552633,   16.754839,   16.962047,   17.174443,   17.392227,   17.615605,   17.844795,   18.080028,   18.550914,   19.294981,   20.101230,   20.977796,   21.934298,   22.982219,   24.135264,   25.410119,   26.827165,   28.411593,   30.194923,   32.217118,   34.732292,   37.914692,   41.739101,   46.421699,   52.287582,   59.850314,   69.970927,   84.210526,  105.726686,  142.012170,  216.216216,  452.826771
Qext           ,      9.3710,      9.3710,      9.3710,      9.3710,      9.3710,      9.3710,      9.3710,      9.3710,      9.3710,      9.3710,      9.3710,      9.7930,      9.7930,      9.7930,      9.7930,      9.7930,      9.7930,      9.7930,      9.7930,      9.7930,      9.7930,      9.7930,      9.7930,      9.7920,      9.7920,      9.7920,      9.7920,      9.7920,      9.7920,      9.7920,      9.7920,      9.7920,      9.7920,     10.2380,     10.2380,     10.2380,     10.2380,     10.2380,     10.2380,     10.2380,     10.2380,     10.6760,     10.6760,     10.6760,     10.6760,     10.6760,     10.6760,     10.6760,     11.3020,     11.3020,     11.3020,     11.3020,     11.3020,     11.3020,     11.3020,     11.3020,     11.3470,     11.3470,     11.3470,     11.3470,     11.3470,     11.3470,     11.5180,     11.5180,     11.5180,     11.5180,     11.5180,     11.5180,     11.3660,     11.3660,     11.3660,     11.3660,     11.3660,     11.1080,     11.1080,     11.1080,     11.1080,     12.0480,     12.0480,     12.0480,     12.0480,     10.5270,     10.5270,     10.5270,     10.9000,     10.9000,     11.8030,     11.8030,     12.1400,     13.2990,     13.2990,     15.3040,     17.8700,     17.5720,     14.5540,     13.6670,     13.8850,     13.8850,     15.0750,     15.0750,     16.9710,     16.9710,     18.9510,     18.9510,     22.1090,     25.3400,     25.3400,     26.6570,     25.4590,     25.4590,     22.6230,     22.6230,     19.6120,     19.6120,     17.4940,     16.5730,     16.5730,     16.6050,     16.6050,     17.1470,     17.8160,     17.8160,     17.8160,     17.8160,     18.4480,     18.4480,     18.4480,     19.1390,     19.1390,     19.1390,     20.1360,     20.1360,     20.1360,     21.6430,     21.6430,     21.6430,     23.6730,     23.6730,     23.6730,     26.0380,     26.0380,     26.0380,     28.4700,     28.4700,     28.4700,     30.7880,     30.7880,     33.0040,     33.0040,     35.3410,     38.1510,     38.1510,     41.7940,     41.7940,     46.5170,     52.3700,     55.7780,     70.3780,     87.0550,     96.3810,     94.2950,     80.6140,     60.9430,     39.2100,     22.6080,     12.5460,      8.0990,      6.7100,      4.9120,      2.4320,      1.1510,      0.5430,      0.7990,      1.0170,      1.0170,      1.0170,      1.0170,      1.0170,      1.0170,      1.0170
Qscat          ,      2.6750,      2.6750,      2.6750,      2.6750,      2.6750,      2.6750,      2.6750,      2.6750,      2.6750,      2.6750,      2.6750,      0.9370,      0.9370,      0.9370,      0.9370,      0.9370,      0.9370,      0.9370,      0.9370,      0.9370,      0.9370,      0.9370,      0.9370,      0.4970,      0.4970,      0.4970,      0.4970,      0.4970,      0.4970,      0.4970,      0.4970,      0.4970,      0.4970,      0.3480,      0.3480,      0.3480,      0.3480,      0.3480,      0.3480,      0.3480,      0.3480,      0.2950,      0.2950,      0.2950,      0.2950,      0.2950,      0.2950,      0.2950,      0.2800,      0.2800,      0.2800,      0.2800,      0.2800,      0.2800,      0.2800,      0.2800,      0.2860,      0.2860,      0.2860,      0.2860,      0.2860,      0.2860,      0.2920,      0.2920,      0.2920,      0.2920,      0.2920,      0.2920,      0.3090,      0.3090,      0.3090,      0.3090,      0.3090,      0.2400,      0.2400,      0.2400,      0.2400,      0.3050,      0.3050,      0.3050,      0.3050,      0.3150,      0.3150,      0.3150,      0.2250,      0.2250,      0.3270,      0.3270,      0.3310,      0.3510,      0.3510,      0.4210,      0.6220,      0.6640,      0.4930,      0.4670,      0.4630,      0.4630,      0.3840,      0.3840,      0.6200,      0.6200,      0.6780,      0.6780,      0.6820,      0.9320,      0.9320,      1.2620,      1.2090,      1.2090,      0.8940,      0.8940,      0.7650,      0.7650,      0.7980,      0.6940,      0.6940,      0.4720,      0.4720,      0.4260,      0.6730,      0.6730,      0.6730,      0.6730,      0.9780,      0.9780,      0.9780,      1.0260,      1.0260,      1.0260,      0.7370,      0.7370,      0.7370,      0.3320,      0.3320,      0.3320,      0.1440,      0.1440,      0.1440,      0.3760,      0.3760,      0.3760,      0.9900,      0.9900,      0.9900,      1.7470,      1.7470,      2.3460,      2.3460,      2.5710,      2.3630,      2.3630,      1.8240,      1.8240,      1.1670,      0.6330,      0.5270,      0.9860,      3.7160,      6.9180,      8.4850,      7.5420,      4.5830,      1.1230,      0.0000,      0.0000,      0.8660,      1.8480,      1.4880,      0.2520,      0.0000,      0.0030,      0.4390,      0.6800,      0.6800,      0.6800,      0.6800,      0.6800,      0.6800,      0.6800
G factor       ,      0.6380,      0.6380,      0.6380,      0.6380,      0.6380,      0.6380,      0.6380,      0.6380,      0.6380,      0.6380,      0.6380,      0.5060,      0.5060,      0.5060,      0.5060,      0.5060,      0.5060,      0.5060,      0.5060,      0.5060,      0.5060,      0.5060,      0.5060,      0.4610,      0.4610,      0.4610,      0.4610,      0.4610,      0.4610,      0.4610,      0.4610,      0.4610,      0.4610,      0.4250,      0.4250,      0.4250,      0.4250,      0.4250,      0.4250,      0.4250,      0.4250,      0.4010,      0.4010,      0.4010,      0.4010,      0.4010,      0.4010,      0.4010,      0.3660,      0.3660,      0.3660,      0.3660,      0.3660,      0.3660,      0.3660,      0.3660,      0.3390,      0.3390,      0.3390,      0.3390,      0.3390,      0.3390,      0.3150,      0.3150,      0.3150,      0.3150,      0.3150,      0.3150,      0.2980,      0.2980,      0.2980,      0.2980,      0.2980,      0.2710,      0.2710,      0.2710,      0.2710,      0.2390,      0.2390,      0.2390,      0.2390,      0.2520,      0.2520,      0.2520,      0.2470,      0.2470,      0.2250,      0.2250,      0.2100,      0.2020,      0.2020,      0.1890,      0.1610,      0.1250,      0.1010,      0.1070,      0.1090,      0.1090,      0.1120,      0.1120,      0.1120,      0.1120,      0.1050,      0.1050,      0.0960,      0.0840,      0.0840,      0.0670,      0.0460,      0.0460,      0.0210,      0.0210,     -0.0020,     -0.0020,     -0.0190,     -0.0270,     -0.0270,     -0.0290,     -0.0290,     -0.0290,     -0.0290,     -0.0290,     -0.0290,     -0.0290,     -0.0270,     -0.0270,     -0.0270,     -0.0240,     -0.0240,     -0.0240,     -0.0190,     -0.0190,     -0.0190,     -0.0150,     -0.0150,     -0.0150,     -0.0120,     -0.0120,     -0.0120,     -0.0100,     -0.0100,     -0.0100,     -0.0090,     -0.0090,     -0.0090,     -0.0090,     -0.0090,     -0.0090,     -0.0090,     -0.0090,     -0.0080,     -0.0080,     -0.0080,     -0.0080,     -0.0080,     -0.0080,     -0.0080,     -0.0080,     -0.0090,     -0.0100,     -0.0120,     -0.0130,     -0.0140,     -0.0160,     -0.0180,     -0.0190,     -0.0210,     -0.0220,     -0.0230,     -0.0250,     -0.0260,     -0.0290,     -0.0300,     -0.0300,     -0.0300,     -0.0300,     -0.0300,     -0.0300,     -0.0300,     -0.0300
================
P [mbar]       ,    0.1004,    0.1015,    0.1034,    0.1069,    0.1130,    0.1239,    0.1432,    0.1740,    0.2226,    0.3028,    0.4349,    0.6529,    1.0121,    1.6044,    2.4646,    3.4606,    4.3994,    5.2226,    5.8426,    6.2132,    6.3980,    6.4686,    6.5039,    6.5168
Temp initial[K],  163.5827,  163.6723,  163.8293,  164.1029,  164.5732,  165.3648,  166.6602,  168.4872,  170.9519,  174.2721,  178.5564,  183.8814,  190.3071,  197.9049,  205.8548,  212.8059,  218.1105,  222.1140,  224.8330,  226.3589,  227.0949,  227.3721,  227.5098,  227.5598
================
it   ,   tau    ,  Tsfc    ,   alb    ,   OLR    ,    ASR   ,  NET top ,  NET bot , T lev  01, T lev  02, T lev  03, T lev  04, T lev  05, T lev  06, T lev  07, T lev  08, T lev  09, T lev  10, T lev  11, T lev  12, T lev  13, T lev  14, T lev  15, T lev  16, T lev  17, T lev  18, T lev  19, T lev  20, T lev  21, T lev  22, T lev  23, T lev  24, T lev  25,  OLR IR01,  OLR IR02,  OLR IR03,  OLR IR04,  OLR IR05,  OLR IR06,  OLR IR07,  OLR IR08,  OLR IR09,  OLR IR10,  OLR IR11,  OLR IR12,  OLR IR13,  OLR IR14,  OLR IR15,  OLR IR16,  OLR IR17,  OLR IR18,  OLR IR19,  OLR IR20,  OLR IR21,  OLR IR22,  OLR IR23,  OLR IR24,  OLR IR25,  OLR IR26,  OLR IR27,  OLR IR28,  OLR IR29,  OLR IR30,  OLR IR31,  OLR IR32,  OLR IR33,  OLR IR34,  OLR IR35,  OLR IR36,  OLR IR37,  OLR IR38,  OLR IR39,  OLR IR40,  OLR IR41,  OLR IR42,  OLR IR43,  OLR IR44,  OLR IR45,  OLR IR46,  OLR IR47,  OLR IR48,  OLR IR49,  OLR IR50,  OLR IR51,  OLR IR52,  OLR IR53,  OLR IR54,  OLR IR55,  OLR IR56,  OLR IR57,  OLR IR58,  OLR IR59,  OLR IR60,  OLR IR61,  OLR IR62,  OLR IR63,  OLR IR64,  OLR IR65,  OLR IR66,  OLR IR67,  OLR IR68,  OLR IR69,  OLR IR70,  OLR IR71,  OLR IR72,  OLR IR73,  OLR IR74,  OLR IR75,  OLR IR76,  OLR IR77,  OLR IR78,  OLR IR79,  OLR IR80,  OLR IR81,  OLR IR82,  OLR IR83,  OLR IR84,  OLR IR85,  OLR IR86,  OLR IR87,  OLR IR88,  OLR IR89,  OLR IR90,  OLR IR91,  OLR IR92,  OLR IR93,  OLR IR94,  OLR IR95,  OLR IR96, ASR VIS01, ASR VIS02, ASR VIS03, ASR VIS04, ASR VIS05, ASR VIS06, ASR VIS07, ASR VIS08, ASR VIS09, ASR VIS10, ASR VIS11, ASR VIS12, ASR VIS13, ASR VIS14, ASR VIS15, ASR VIS16, ASR VIS17, ASR VIS18, ASR VIS19, ASR VIS20, ASR VIS21, ASR VIS22, ASR VIS23, ASR VIS24, ASR VIS25, ASR VIS26, ASR VIS27, ASR VIS28, ASR VIS29, ASR VIS30, ASR VIS31, ASR VIS32, ASR VIS33, ASR VIS34, ASR VIS35, ASR VIS36, ASR VIS37, ASR VIS38, ASR VIS39, ASR VIS40, ASR VIS41, ASR VIS42, ASR VIS43, ASR VIS44, ASR VIS45, ASR VIS46, ASR VIS47, ASR VIS48, ASR VIS49, ASR VIS50, ASR VIS51, ASR VIS52, ASR VIS53, ASR VIS54, ASR VIS55, ASR VIS56, ASR VIS57, ASR VIS58, ASR VIS59, ASR VIS60, ASR VIS61, ASR VIS62, ASR VIS63, ASR VIS64, ASR VIS65, ASR VIS66, ASR VIS67, ASR VIS68, ASR VIS69, ASR VIS70, ASR VIS71, ASR VIS72, ASR VIS73, ASR VIS74, ASR VIS75, ASR VIS76, ASR VIS77, ASR VIS78, ASR VIS79, ASR VIS80, ASR VIS81, ASR VIS82, ASR VIS83, ASR VIS84, SFC DIR01, SFC DIR02, SFC DIR03, SFC DIR04, SFC DIR05, SFC DIR06, SFC DIR07, SFC DIR08, SFC DIR09, SFC DIR10, SFC DIR11, SFC DIR12, SFC DIR13, SFC DIR14, SFC DIR15, SFC DIR16, SFC DIR17, SFC DIR18, SFC DIR19, SFC DIR20, SFC DIR21, SFC DIR22, SFC DIR23, SFC DIR24, SFC DIR25, SFC DIR26, SFC DIR27, SFC DIR28, SFC DIR29, SFC DIR30, SFC DIR31, SFC DIR32, SFC DIR33, SFC DIR34, SFC DIR35, SFC DIR36, SFC DIR37, SFC DIR38, SFC DIR39, SFC DIR40, SFC DIR41, SFC DIR42, SFC DIR43, SFC DIR44, SFC DIR45, SFC DIR46, SFC DIR47, SFC DIR48, SFC DIR49, SFC DIR50, SFC DIR51, SFC DIR52, SFC DIR53, SFC DIR54, SFC DIR55, SFC DIR56, SFC DIR57, SFC DIR58, SFC DIR59, SFC DIR60, SFC DIR61, SFC DIR62, SFC DIR63, SFC DIR64, SFC DIR65, SFC DIR66, SFC DIR67, SFC DIR68, SFC DIR69, SFC DIR70, SFC DIR71, SFC DIR72, SFC DIR73, SFC DIR74, SFC DIR75, SFC DIR76, SFC DIR77, SFC DIR78, SFC DIR79, SFC DIR80, SFC DIR81, SFC DIR82, SFC DIR83, SFC DIR84, SFC DIR85, SFC DIR86, SFC DIR87, SFC DIR88, SFC DIR89, SFC DIR90, SFC DIR91, SFC DIR92, SFC DIR93, SFC DIR94, SFC DIR95, SFC DIR96,SFC DVIS01,SFC DVIS02,SFC DVIS03,SFC DVIS04,SFC DVIS05,SFC DVIS06,SFC DVIS07,SFC DVIS08,SFC DVIS09,SFC DVIS10,SFC DVIS11,SFC DVIS12,SFC DVIS13,SFC DVIS14,SFC DVIS15,SFC DVIS16,SFC DVIS17,SFC DVIS18,SFC DVIS19,SFC DVIS20,SFC DVIS21,SFC DVIS22,SFC DVIS23,SFC DVIS24,SFC DVIS25,SFC DVIS26,SFC DVIS27,SFC DVIS28,SFC DVIS29,SFC DVIS30,SFC DVIS31,SFC DVIS32,SFC DVIS33,SFC DVIS34,SFC DVIS35,SFC DVIS36,SFC DVIS37,SFC DVIS38,SFC DVIS39,SFC DVIS40,SFC DVIS41,SFC DVIS42,SFC DVIS43,SFC DVIS44,SFC DVIS45,SFC DVIS46,SFC DVIS47,SFC DVIS48,SFC DVIS49,SFC DVIS50,SFC DVIS51,SFC DVIS52,SFC DVIS53,SFC DVIS54,SFC DVIS55,SFC DVIS56,SFC DVIS57,SFC DVIS58,SFC DVIS59,SFC DVIS60,SFC DVIS61,SFC DVIS62,SFC DVIS63,SFC DVIS64,SFC DVIS65,SFC DVIS66,SFC DVIS67,SFC DVIS68,SFC DVIS69,SFC DVIS70,SFC DVIS71,SFC DVIS72,SFC DVIS73,SFC DVIS74,SFC DVIS75,SFC DVIS76,SFC DVIS77,SFC DVIS78,SFC DVIS79,SFC DVIS80,SFC DVIS81,SFC DVIS82,SFC DVIS83,SFC DVIS84
    2,    0.0000,  227.5722,    0.2192,  139.8688,  115.8602,  -23.5218,  -14.0680,  158.4330,  163.5827,  163.6723,  163.8293,  164.1029,  164.5732,  165.3648,  166.6602,  168.4872,  170.9519,  174.2721,  178.5564,  183.8814,  190.3071,  197.9049,  205.8548,  212.8059,  218.1105,  222.1140,  224.8330,  226.3589,  227.0949,  227.3721,  227.5098,  227.5598,    0.0705,    0.2675,    0.5658,    0.9364,    1.3541,    1.7971,    2.2470,    2.6886,    3.1100,    3.5012,    3.8550,    4.1668,    3.7991,    3.9662,    4.1036,    4.2111,    4.2902,    4.3412,    4.3666,    4.3674,    4.3455,    4.3031,    4.2365,    4.1377,    1.4329,    1.4160,    1.3937,    1.3544,    1.3064,    1.2531,    1.1042,    1.0903,    1.0331,    0.8812,    0.8657,    0.6804,    0.4286,    0.3613,    0.2973,    0.2859,    0.2660,    0.2237,    0.2586,    0.2615,    0.2793,    0.3166,    0.3804,    0.4522,    0.5746,    0.6344,    0.5305,    0.6851,    0.6744,    0.6698,    0.6769,    0.7426,    0.7550,    0.7683,    0.7700,    0.7628,    2.0538,    1.9716,    1.9052,    1.8274,    1.7484,    1.6691,    1.5919,    1.5151,    1.4407,    1.3665,    1.2937,    1.2291,    1.8278,    1.6842,    1.5339,    1.3924,    1.2741,    1.1725,    1.0662,    0.9681,    0.8777,    0.7928,    0.7079,    0.6374,    1.5840,    1.1437,    0.8293,    0.5901,    0.4167,    0.2922,    0.2036,    0.1383,    0.0940,    0.0622,    0.0416,    0.0303,    0.0906,    0.0482,    0.0759,    0.0854,    0.0957,    0.0892,    0.0975,    0.1096,    0.0962,    0.1325,    0.1172,    0.1283,    0.1417,    0.1155,    0.1680,    0.1868,    0.1536,    0.1833,    0.2065,    0.2237,    0.2252,    0.1502,    0.2398,    0.2533,    0.3110,    0.3324,    0.3440,    0.3658,    0.3756,    0.3940,    0.4010,    0.4565,    0.4953,    0.4717,    0.4852,    0.4943,    0.8433,    0.9209,    0.9663,    0.9993,    1.0234,    1.1077,    1.0381,    1.1064,    1.0804,    1.1314,    1.0733,    1.1507,    2.4780,    2.4450,    2.4989,    2.5384,    2.5644,    2.4626,    2.5489,    2.6139,    2.6670,    2.4800,    2.4441,    2.5380,    6.4157,    6.1123,    6.0433,    5.8603,    5.4132,    5.0767,    4.4565,    4.0997,    3.9404,    3.4535,    2.6528,    2.4637,    1.8993,    1.7458,    1.3311,    1.2705,    0.8565,    0.6215,    0.5021,    0.2015,    0.1776,    0.1261,    0.0437,    0.0355,    0.0000,    0.0000,    0.0000,    0.0000,    0.0000,    0.0000,    0.0000,    0.0000,    0.0000,    0.0000,    0.0000,    0.0000,    0.0000,    0.0000,    0.0000,    0.0000,    0.0000,    0.0000,    0.0000,    0.0004,    0.0013,    0.0042,    0.0316,    0.1224,    0.0337,    0.0553,    0.0951,    0.1939,    0.3170,    0.4390,    0.7874,    0.8078,    0.8986,    1.0611,    1.1127,    1.2540,    0.9696,    0.9641,    0.9572,    0.9473,    0.9378,    0.9287,    0.9178,    0.9074,    0.8966,    0.8844,    0.8683,    0.8421,    0.8025,    0.6764,    0.7395,    0.4977,    0.5022,    0.4908,    0.4247,    0.2470,    0.1814,    0.1031,    0.0612,    0.0469,    0.0933,    0.0788,    0.0260,    0.0119,    0.0030,    0.0028,    0.0017,    0.0056,    0.0100,    0.0182,    0.0292,    0.0235,    0.0278,    0.0056,    0.0259,    0.0458,    0.0328,    0.0004,    0.0000,    0.0000,    0.0000,    0.0031,    0.0165,    0.0171,    0.0171,    0.0171,    0.0000,    0.0000,    0.0000,    0.0000,    0.0000,    0.0035,    0.0040,    0.0054,    0.0048,    0.0010,    0.0230,    0.0000,    0.0598,    0.1073,    0.1213,    0.1109,    0.1245,    0.1385,    0.1233,    0.1698,    0.1501,    0.1645,    0.1806,    0.1466,    0.2118,    0.2312,    0.1878,    0.1215,    0.0145,    0.0325,    0.1583,    0.1897,    0.3065,    0.3218,    0.3984,    0.4260,    0.4410,    0.4686,    0.4796,    0.4909,    0.4572,    0.4157,    0.3661,    0.4375,    0.6076,    0.6165,    1.0804,    1.1803,    1.2358,    1.2540,    1.2316,    1.3659,    1.3119,    1.3949,    1.2823,    1.4502,    1.3714,    1.4595,    3.1611,    3.0848,    3.2030,    3.2531,    3.2743,    3.1567,    3.2678,    3.3511,    3.4192,    3.1776,    3.1334,    3.2539,    8.2247,    7.8363,    7.7478,    7.5132,    6.9399,    6.5086,    5.7135,    5.2561,    5.0518,    4.4276,    3.4010,    3.1586,    2.4350,    2.2382,    1.7066,    1.6288,    1.0981,    0.7968,    0.6438,    0.2584,    0.2277,    0.1616,    0.0560,    0.0455
    2,    0.0500,  227.5722,    0.1852,  129.6932,  120.9123,   -8.2935,   -1.4223,  158.4330,  163.5827,  163.6723,  163.8293,  164.1029,  164.5732,  165.3648,  166.6602,  168.4872,  170.9519,  174.2721,  178.5564,  183.8814,  190.3071,  197.9049,  205.8548,  212.8059,  218.1105,  222.1140,  224.8330,  226.3589,  227.0949,  227.3721,  227.5098,  227.5598,    0.0703,    0.2664,    0.5636,    0.9327,    1.3486,    1.7898,    2.2379,    2.6810,    3.1073,    3.4945,    3.8354,    4.1096,    3.7293,    3.8938,    4.0020,    4.0219,    3.9506,    3.8052,    3.6674,    3.5623,    3.5182,    3.5352,    3.5905,    3.6082,    1.2554,    1.2558,    1.2486,    1.2159,    1.1851,    1.1407,    1.0245,    1.0167,    0.9673,    0.8376,    0.8260,    0.6637,    0.4224,    0.3580,    0.2961,    0.2849,    0.2653,    0.2234,    0.2579,    0.2606,    0.2781,    0.3143,    0.3752,    0.4428,    0.5559,    0.6087,    0.5131,    0.6530,    0.6430,    0.6392,    0.6444,    0.7023,    0.7141,    0.7249,    0.7256,    0.7184,    1.9375,    1.8615,    1.7966,    1.7214,    1.6457,    1.5646,    1.4800,    1.4075,    1.3227,    1.2537,    1.1735,    1.1137,    1.6466,    1.5222,    1.3847,    1.2719,    1.1771,    1.0814,    0.9906,    0.8985,    0.8206,    0.7407,    0.6647,    0.5980,    1.4852,    1.0657,    0.7597,    0.5385,    0.3845,    0.2720,    0.1893,    0.1292,    0.0879,    0.0581,    0.0390,    0.0283,    0.0913,    0.0482,    0.0782,    0.0901,    0.1011,    0.0940,    0.1029,    0.1152,    0.1013,    0.1394,    0.1233,    0.1352,    0.1492,    0.1216,    0.1768,    0.1963,    0.1614,    0.1875,    0.2068,    0.2244,    0.2315,    0.1582,    0.2526,    0.2667,    0.3276,    0.3502,    0.3624,    0.3853,    0.3956,    0.4143,    0.4194,    0.4720,    0.5084,    0.4883,    0.5103,    0.5198,    0.8859,    0.9675,    1.0150,    1.0485,    1.0711,    1.1610,    1.0896,    1.1587,    1.1277,    1.1860,    1.1248,    1.2055,    2.5969,    2.5606,    2.6195,    2.6532,    2.6799,    2.5741,    2.6643,    2.7323,    2.7878,    2.5922,    2.5548,    2.6530,    6.7064,    6.3717,    6.2999,    6.1092,    5.6432,    5.2926,    4.6463,    4.2745,    4.1086,    3.6012,    2.7664,    2.5695,    1.9811,    1.7989,    1.3717,    1.3095,    0.8830,    0.6409,    0.5179,    0.2079,    0.1833,    0.1302,    0.0452,    0.0367,    0.0005,    0.0018,    0.0038,    0.0063,    0.0090,    0.0120,    0.0149,    0.0149,    0.0148,    0.0350,    0.0769,    0.1517,    0.1881,    0.2498,    0.4044,    0.7086,    1.1448,    1.6109,    1.9602,    2.1650,    2.1794,    2.0194,    1.7310,    1.4814,    0.4809,    0.4495,    0.4390,    0.5061,    0.5697,    0.6568,    0.9069,    0.9113,    0.9794,    1.1040,    1.1417,    1.2558,    0.9697,    0.9641,    0.9572,    0.9473,    0.9378,    0.9287,    0.9178,    0.9074,    0.8966,    0.8844,    0.8684,    0.8432,    0.8115,    0.6999,    0.7539,    0.5393,    0.5417,    0.5290,    0.4701,    0.3127,    0.2519,    0.1816,    0.1434,    0.1293,    0.3100,    0.2802,    0.2232,    0.1999,    0.1824,    0.1817,    0.1904,    0.1837,    0.2013,    0.1977,    0.2155,    0.2000,    0.2998,    0.2453,    0.2401,    0.2142,    0.1656,    0.1237,    0.1002,    0.0902,    0.0726,    0.0680,    0.0690,    0.0638,    0.1306,    0.1017,    0.0719,    0.0507,    0.0302,    0.0181,    0.0123,    0.0109,    0.0088,    0.0085,    0.0066,    0.0023,    0.0207,    0.0000,    0.0538,    0.0949,    0.1073,    0.0981,    0.1101,    0.1236,    0.1100,    0.1516,    0.1340,    0.1466,    0.1609,    0.1306,    0.1886,    0.2060,    0.1670,    0.1081,    0.0129,    0.0289,    0.1407,    0.1687,    0.2731,    0.2867,    0.3549,    0.3795,    0.3929,    0.4174,    0.4275,    0.4375,    0.4075,    0.3705,    0.3263,    0.3900,    0.5415,    0.5494,    0.9694,    1.0590,    1.1088,    1.1251,    1.1050,    1.2255,    1.1770,    1.2578,    1.1563,    1.3077,    1.2366,    1.3160,    2.8504,    2.7816,    2.8881,    2.9505,    2.9698,    2.8631,    2.9638,    3.0394,    3.1011,    2.8821,    2.8420,    2.9512,    7.4596,    7.1333,    7.0527,    6.8391,    6.3172,    5.9245,    5.2007,    4.7842,    4.5982,    4.0300,    3.0955,    2.8749,    2.2162,    2.0780,    1.5843,    1.5120,    1.0194,    0.7397,    0.5975,    0.2398,    0.2113,    0.1500,    0.0520,    0.0423
    2,    0.1000,  227.5722,    0.1568,  122.0959,  125.1267,    3.5188,    3.9007,  158.4330,  163.5827,  163.6723,  163.8293,  164.1029,  164.5732,  165.3648,  166.6602,  168.4872,  170.9519,  174.2721,  178.5564,  183.8814,  190.3071,  197.9049,  205.8548,  212.8059,  218.1105,  222.1140,  224.8330,  226.3589,  227.0949,  227.3721,  227.5098,  227.5598,    0.0700,    0.2654,    0.5613,    0.9290,    1.3432,    1.7826,    2.2288,    2.6733,    3.1047,    3.4880,    3.8163,    4.0553,    3.6643,    3.8261,    3.9076,    3.8561,    3.6840,    3.4418,    3.2435,    3.1042,    3.0470,    3.0706,    3.1592,    3.2256,    1.1250,    1.1349,    1.1368,    1.1088,    1.0896,    1.0516,    0.9594,    0.9556,    0.9122,    0.8002,    0.7915,    0.6484,    0.4165,    0.3548,    0.2949,    0.2839,    0.2645,    0.2232,    0.2572,    0.2598,    0.2770,    0.3120,    0.3702,    0.4340,    0.5388,    0.5854,    0.4972,    0.6242,    0.6148,    0.6117,    0.6153,    0.6665,    0.6775,    0.6863,    0.6861,    0.6788,    1.8334,    1.7627,    1.6992,    1.6265,    1.5537,    1.4716,    1.3817,    1.3130,    1.2211,    1.1564,    1.0720,    1.0162,    1.4946,    1.3851,    1.2584,    1.1677,    1.0915,    1.0012,    0.9231,    0.8365,    0.7691,    0.6937,    0.6253,    0.5622,    1.3952,    0.9952,    0.6981,    0.4930,    0.3555,    0.2536,    0.1762,    0.1209,    0.0823,    0.0544,    0.0367,    0.0266,    0.0919,    0.0481,    0.0800,    0.0938,    0.1053,    0.0979,    0.1073,    0.1198,    0.1054,    0.1451,    0.1283,    0.1407,    0.1553,    0.1265,    0.1839,    0.2040,    0.1677,    0.1910,    0.2070,    0.2250,    0.2365,    0.1646,    0.2629,    0.2775,    0.3410,    0.3645,    0.3773,    0.4011,    0.4117,    0.4306,    0.4343,    0.4846,    0.5189,    0.5016,    0.5306,    0.5404,    0.9207,    1.0055,    1.0547,    1.0886,    1.1100,    1.2045,    1.1317,    1.2018,    1.1666,    1.2311,    1.1674,    1.2507,    2.6949,    2.6560,    2.7189,    2.7490,    2.7762,    2.6670,    2.7605,    2.8309,    2.8884,    2.6857,    2.6471,    2.7488,    6.9487,    6.5895,    6.5153,    6.3183,    5.8365,    5.4741,    4.8057,    4.4213,    4.2500,    3.7253,    2.8620,    2.6585,    2.0499,    1.8455,    1.4075,    1.3438,    0.9063,    0.6580,    0.5319,    0.2136,    0.1884,    0.1338,    0.0464,    0.0378,    0.0010,    0.0036,    0.0076,    0.0125,    0.0180,    0.0238,    0.0297,    0.0296,    0.0295,    0.0696,    0.1521,    0.2970,    0.3657,    0.4821,    0.7645,    1.2845,    1.9501,    2.5597,    2.9487,    3.1465,    3.1507,    2.9846,    2.6611,    2.3228,    0.7664,    0.7143,    0.6800,    0.7251,    0.7530,    0.8151,    0.9962,    0.9904,    1.0412,    1.1374,    1.1644,    1.2573,    0.9698,    0.9642,    0.9572,    0.9473,    0.9378,    0.9287,    0.9178,    0.9074,    0.8966,    0.8844,    0.8685,    0.8442,    0.8192,    0.7198,    0.7663,    0.5751,    0.5755,    0.5619,    0.5092,    0.3692,    0.3127,    0.2495,    0.2143,    0.2005,    0.4982,    0.4560,    0.3954,    0.3642,    0.3394,    0.3370,    0.3517,    0.3361,    0.3612,    0.3479,    0.3682,    0.3447,    0.5210,    0.4424,    0.4164,    0.3564,    0.2807,    0.2306,    0.1884,    0.1696,    0.1375,    0.1260,    0.1164,    0.1061,    0.2333,    0.1779,    0.1355,    0.0955,    0.0574,    0.0346,    0.0236,    0.0178,    0.0132,    0.0113,    0.0083,    0.0036,    0.0186,    0.0000,    0.0483,    0.0839,    0.0949,    0.0868,    0.0974,    0.1104,    0.0982,    0.1353,    0.1196,    0.1306,    0.1433,    0.1164,    0.1680,    0.1835,    0.1486,    0.0961,    0.0115,    0.0257,    0.1252,    0.1500,    0.2433,    0.2554,    0.3162,    0.3381,    0.3500,    0.3719,    0.3810,    0.3900,    0.3632,    0.3302,    0.2909,    0.3476,    0.4826,    0.4897,    0.8697,    0.9501,    0.9948,    1.0094,    0.9914,    1.0995,    1.0560,    1.1342,    1.0426,    1.1791,    1.1150,    1.1866,    2.5702,    2.5081,    2.6042,    2.6761,    2.6936,    2.5968,    2.6882,    2.7567,    2.8127,    2.6140,    2.5777,    2.6767,    6.7658,    6.4936,    6.4202,    6.2257,    5.7506,    5.3931,    4.7342,    4.3550,    4.1857,    3.6684,    2.8178,    2.6168,    2.0173,    1.9297,    1.4712,    1.4041,    0.9465,    0.6868,    0.5548,    0.2226,    0.1962,    0.1393,    0.0483,    0.0392
    2,    0.1500,  227.5722,    0.1331,  116.0835,  128.6412,   13.0462,    5.5735,  158.4330,  163.5827,  163.6723,  163.8293,  164.1029,  164.5732,  165.3648,  166.6602,  168.4872,  170.9519,  174.2721,  178.5564,  183.8814,  190.3071,  197.9049,  205.8548,  212.8059,  218.1105,  222.1140,  224.8330,  226.3589,  227.0949,  227.3721,  227.5098,  227.5598,    0.0697,    0.2644,    0.5591,    0.9253,    1.3379,    1.7755,    2.2199,    2.6658,    3.1020,    3.4815,    3.7976,    4.0038,    3.6035,    3.7626,    3.8198,    3.7104,    3.4706,    3.1810,    2.9616,    2.8128,    2.7489,    2.7671,    2.8586,    2.9417,    1.0269,    1.0416,    1.0488,    1.0242,    1.0128,    0.9797,    0.9054,    0.9043,    0.8657,    0.7679,    0.7613,    0.6343,    0.4109,    0.3518,    0.2937,    0.2829,    0.2638,    0.2229,    0.2565,    0.2590,    0.2758,    0.3098,    0.3654,    0.4257,    0.5232,    0.5644,    0.4827,    0.5984,    0.5895,    0.5869,    0.5891,    0.6345,    0.6448,    0.6518,    0.6508,    0.6435,    1.7399,    1.6738,    1.6116,    1.5412,    1.4711,    1.3886,    1.2950,    1.2297,    1.1331,    1.0723,    0.9855,    0.9332,    1.3662,    1.2683,    1.1508,    1.0772,    1.0159,    0.9303,    0.8628,    0.7811,    0.7225,    0.6511,    0.5893,    0.5295,    1.3131,    0.9313,    0.6434,    0.4527,    0.3295,    0.2368,    0.1643,    0.1132,    0.0771,    0.0510,    0.0345,    0.0249,    0.0923,    0.0481,    0.0815,    0.0968,    0.1087,    0.1009,    0.1107,    0.1235,    0.1087,    0.1497,    0.1324,    0.1452,    0.1602,    0.1305,    0.1896,    0.2102,    0.1728,    0.1937,    0.2071,    0.2255,    0.2406,    0.1697,    0.2712,    0.2862,    0.3518,    0.3761,    0.3892,    0.4138,    0.4247,    0.4438,    0.4462,    0.4947,    0.5274,    0.5123,    0.5470,    0.5569,    0.9491,    1.0366,    1.0872,    1.1213,    1.1418,    1.2401,    1.1661,    1.2374,    1.1987,    1.2682,    1.2024,    1.2879,    2.7756,    2.7346,    2.8009,    2.8288,    2.8564,    2.7444,    2.8407,    2.9132,    2.9724,    2.7637,    2.7240,    2.8287,    7.1506,    6.7723,    6.6962,    6.4938,    5.9987,    5.6264,    4.9396,    4.5447,    4.3687,    3.8296,    2.9423,    2.7332,    2.1078,    1.8862,    1.4387,    1.3738,    0.9267,    0.6729,    0.5441,    0.2185,    0.1928,    0.1370,    0.0476,    0.0387,    0.0014,    0.0054,    0.0113,    0.0187,    0.0269,    0.0356,    0.0443,    0.0443,    0.0442,    0.1038,    0.2257,    0.4363,    0.5333,    0.6981,    1.0852,    1.7534,    2.5206,    3.1294,    3.4661,    3.6165,    3.6100,    3.4694,    3.1854,    2.8532,    0.9516,    0.8944,    0.8506,    0.8804,    0.8871,    0.9311,    1.0634,    1.0511,    1.0889,    1.1637,    1.1824,    1.2586,    0.9699,    0.9642,    0.9572,    0.9473,    0.9378,    0.9287,    0.9178,    0.9074,    0.8966,    0.8844,    0.8686,    0.8450,    0.8258,    0.7369,    0.7770,    0.6058,    0.6046,    0.5904,    0.5429,    0.4179,    0.3654,    0.3082,    0.2757,    0.2621,    0.6620,    0.6097,    0.5461,    0.5081,    0.4769,    0.4723,    0.4899,    0.4667,    0.4953,    0.4740,    0.4938,    0.4639,    0.7020,    0.6053,    0.5624,    0.4770,    0.3805,    0.3234,    0.2662,    0.2396,    0.1956,    0.1779,    0.1592,    0.1443,    0.3265,    0.2468,    0.1918,    0.1352,    0.0820,    0.0498,    0.0340,    0.0241,    0.0173,    0.0139,    0.0099,    0.0047,    0.0167,    0.0000,    0.0434,    0.0742,    0.0839,    0.0767,    0.0861,    0.0985,    0.0877,    0.1208,    0.1068,    0.1163,    0.1277,    0.1037,    0.1497,    0.1634,    0.1321,    0.0855,    0.0102,    0.0228,    0.1113,    0.1334,    0.2167,    0.2275,    0.2817,    0.3012,    0.3118,    0.3313,    0.3396,    0.3476,    0.3237,    0.2943,    0.2592,    0.3098,    0.4302,    0.4364,    0.7803,    0.8525,    0.8925,    0.9057,    0.8895,    0.9865,    0.9475,    1.0227,    0.9401,    1.0632,    1.0054,    1.0700,    2.3175,    2.2616,    2.3482,    2.4272,    2.4430,    2.3553,    2.4382,    2.5004,    2.5511,    2.3709,    2.3379,    2.4278,    6.1366,    5.9113,    5.8445,    5.6674,    5.2349,    4.9094,    4.3096,    3.9645,    3.8103,    3.3394,    2.5650,    2.3821,    1.8363,    1.7923,    1.3664,    1.3040,    0.8791,    0.6378,    0.5153,    0.2068,    0.1822,    0.1293,    0.0448,    0.0364
    2,    0.2000,  227.5722,    0.1133,  111.1464,  131.5723,   20.9149,    5.3817,  158.4330,  163.5827,  163.6723,  163.8293,  164.1029,  164.5732,  165.3648,  166.6602,  168.4872,  170.9519,  174.2721,  178.5564,  183.8814,  190.3071,  197.9049,  205.8548,  212.8059,  218.1105,  222.1140,  224.8330,  226.3589,  227.0949,  227.3721,  227.5098,  227.5598,    0.0695,    0.2634,    0.5570,    0.9217,    1.3327,    1.7685,    2.2111,    2.6583,    3.0994,    3.4750,    3.7793,    3.9548,    3.5467,    3.7030,    3.7382,    3.5818,    3.2971,    2.9860,    2.7622,    2.6129,    2.5457,    2.5564,    2.6408,    2.7257,    0.9515,    0.9682,    0.9783,    0.9563,    0.9500,    0.9207,    0.8599,    0.8606,    0.8259,    0.7396,    0.7346,    0.6213,    0.4057,    0.3489,    0.2926,    0.2820,    0.2630,    0.2226,    0.2558,    0.2582,    0.2747,    0.3076,    0.3609,    0.4179,    0.5088,    0.5453,    0.4694,    0.5751,    0.5666,    0.5645,    0.5655,    0.6057,    0.6153,    0.6208,    0.6191,    0.6118,    1.6558,    1.5935,    1.5326,    1.4644,    1.3966,    1.3143,    1.2183,    1.1559,    1.0566,    0.9990,    0.9115,    0.8621,    1.2570,    1.1684,    1.0588,    0.9983,    0.9487,    0.8674,    0.8087,    0.7314,    0.6802,    0.6125,    0.5566,    0.4997,    1.2382,    0.8733,    0.5947,    0.4169,    0.3060,    0.2215,    0.1534,    0.1062,    0.0724,    0.0478,    0.0325,    0.0234,    0.0927,    0.0481,    0.0827,    0.0991,    0.1113,    0.1034,    0.1135,    0.1266,    0.1114,    0.1534,    0.1356,    0.1488,    0.1641,    0.1336,    0.1942,    0.2152,    0.1769,    0.1959,    0.2073,    0.2259,    0.2438,    0.1739,    0.2779,    0.2932,    0.3605,    0.3854,    0.3989,    0.4241,    0.4352,    0.4545,    0.4559,    0.5028,    0.5342,    0.5210,    0.5601,    0.5703,    0.9724,    1.0619,    1.1138,    1.1481,    1.1678,    1.2691,    1.1942,    1.2666,    1.2252,    1.2988,    1.2313,    1.3186,    2.8422,    2.7994,    2.8684,    2.8953,    2.9233,    2.8090,    2.9075,    2.9817,    3.0423,    2.8287,    2.7881,    2.8953,    7.3190,    6.9257,    6.8479,    6.6411,    6.1349,    5.7542,    5.0520,    4.6483,    4.4685,    3.9172,    3.0098,    2.7961,    2.1565,    1.9218,    1.4661,    1.4001,    0.9446,    0.6861,    0.5548,    0.2229,    0.1967,    0.1398,    0.0486,    0.0395,    0.0019,    0.0071,    0.0150,    0.0248,    0.0357,    0.0472,    0.0588,    0.0588,    0.0588,    0.1376,    0.2976,    0.5699,    0.6915,    0.8990,    1.3712,    2.1362,    2.9280,    3.4793,    3.7492,    3.8569,    3.8434,    3.7274,    3.4918,    3.1945,    1.0738,    1.0186,    0.9726,    0.9917,    0.9861,    1.0170,    1.1145,    1.0982,    1.1260,    1.1846,    1.1967,    1.2597,    0.9700,    0.9642,    0.9572,    0.9473,    0.9378,    0.9287,    0.9178,    0.9074,    0.8966,    0.8845,    0.8688,    0.8458,    0.8316,    0.7516,    0.7862,    0.6322,    0.6297,    0.6150,    0.5721,    0.4600,    0.4110,    0.3591,    0.3289,    0.3155,    0.8047,    0.7443,    0.6781,    0.6343,    0.5975,    0.5902,    0.6087,    0.5790,    0.6082,    0.5802,    0.5978,    0.5626,    0.8507,    0.7405,    0.6836,    0.5795,    0.4674,    0.4042,    0.3349,    0.3016,    0.2477,    0.2245,    0.1980,    0.1789,    0.4111,    0.3090,    0.2419,    0.1705,    0.1042,    0.0637,    0.0435,    0.0300,    0.0211,    0.0164,    0.0114,    0.0058,    0.0150,    0.0000,    0.0390,    0.0656,    0.0742,    0.0679,    0.0762,    0.0880,    0.0783,    0.1078,    0.0953,    0.1036,    0.1137,    0.0923,    0.1333,    0.1456,    0.1175,    0.0760,    0.0091,    0.0203,    0.0990,    0.1186,    0.1931,    0.2027,    0.2509,    0.2683,    0.2778,    0.2951,    0.3027,    0.3098,    0.2885,    0.2623,    0.2311,    0.2761,    0.3834,    0.3890,    0.7001,    0.7648,    0.8008,    0.8126,    0.7981,    0.8851,    0.8501,    0.9221,    0.8477,    0.9587,    0.9066,    0.9648,    2.0897,    2.0393,    2.1174,    2.2015,    2.2159,    2.1362,    2.2114,    2.2679,    2.3139,    2.1504,    2.1205,    2.2020,    5.5659,    5.3813,    5.3205,    5.1594,    4.7656,    4.4693,    3.9232,    3.6090,    3.4687,    3.0399,    2.3350,    2.1685,    1.6716,    1.6648,    1.2692,    1.2112,    0.8165,    0.5924,    0.4786,    0.1920,    0.1692,    0.1201,    0.0416,    0.0338
    2,    0.3000,  227.5722,    0.0831,  103.4130,  136.0580,   33.1352,    2.6080,  158.4330,  163.5827,  163.6723,  163.8293,  164.1029,  164.5732,  165.3648,  166.6602,  168.4872,  170.9519,  174.2721,  178.5564,  183.8814,  190.3071,  197.9049,  205.8548,  212.8059,  218.1105,  222.1140,  224.8330,  226.3589,  227.0949,  227.3721,  227.5098,  227.5598,    0.0689,    0.2614,    0.5527,    0.9147,    1.3224,    1.7548,    2.1937,    2.6436,    3.0941,    3.4622,    3.7437,    3.8641,    3.4434,    3.5939,    3.5912,    3.3665,    3.0344,    2.7159,    2.5001,    2.3575,    2.2878,    2.2856,    2.3503,    2.4236,    0.8446,    0.8616,    0.8736,    0.8550,    0.8544,    0.8304,    0.7881,    0.7905,    0.7616,    0.6927,    0.6899,    0.5981,    0.3959,    0.3434,    0.2904,    0.2802,    0.2616,    0.2221,    0.2545,    0.2567,    0.2726,    0.3035,    0.3524,    0.4036,    0.4832,    0.5120,    0.4460,    0.5349,    0.5271,    0.5255,    0.5247,    0.5565,    0.5646,    0.5677,    0.5649,    0.5577,    1.5110,    1.4550,    1.3963,    1.3321,    1.2685,    1.1874,    1.0894,    1.0320,    0.9308,    0.8787,    0.7924,    0.7480,    1.0831,    1.0078,    0.9111,    0.8686,    0.8357,    0.7617,    0.7163,    0.6465,    0.6068,    0.5456,    0.4991,    0.4475,    1.1068,    0.7725,    0.5125,    0.3567,    0.2656,    0.1947,    0.1344,    0.0938,    0.0640,    0.0422,    0.0288,    0.0207,    0.0933,    0.0481,    0.0845,    0.1025,    0.1151,    0.1068,    0.1174,    0.1310,    0.1154,    0.1588,    0.1404,    0.1540,    0.1698,    0.1383,    0.2008,    0.2224,    0.1827,    0.1991,    0.2074,    0.2264,    0.2485,    0.1799,    0.2877,    0.3034,    0.3732,    0.3989,    0.4129,    0.4390,    0.4504,    0.4700,    0.4700,    0.5147,    0.5442,    0.5336,    0.5794,    0.5898,    1.0068,    1.0995,    1.1531,    1.1878,    1.2063,    1.3121,    1.2358,    1.3107,    1.2649,    1.3447,    1.2748,    1.3648,    2.9424,    2.8968,    2.9700,    2.9969,    3.0254,    2.9076,    3.0096,    3.0864,    3.1491,    2.9280,    2.8861,    2.9970,    7.5762,    7.1624,    7.0821,    6.8684,    6.3451,    5.9517,    5.2256,    4.8083,    4.6226,    4.0527,    3.1141,    2.8934,    2.2318,    1.9801,    1.5108,    1.4432,    0.9740,    0.7076,    0.5724,    0.2301,    0.2031,    0.1445,    0.0502,    0.0409,    0.0028,    0.0106,    0.0224,    0.0369,    0.0531,    0.0702,    0.0874,    0.0877,    0.0877,    0.2042,    0.4368,    0.8210,    0.9823,    1.2600,    1.8539,    2.7064,    3.4354,    3.8433,    4.0123,    4.0695,    4.0498,    3.9642,    3.7975,    3.5719,    1.2130,    1.1677,    1.1259,    1.1319,    1.1157,    1.1297,    1.1840,    1.1639,    1.1780,    1.2146,    1.2177,    1.2616,    0.9702,    0.9643,    0.9572,    0.9473,    0.9378,    0.9287,    0.9178,    0.9074,    0.8966,    0.8845,    0.8690,    0.8471,    0.8410,    0.7751,    0.8012,    0.6748,    0.6702,    0.6551,    0.6194,    0.5280,    0.4853,    0.4418,    0.4154,    0.4023,    1.0384,    0.9662,    0.8958,    0.8429,    0.7971,    0.7836,    0.7993,    0.7594,    0.7846,    0.7462,    0.7562,    0.7132,    1.0755,    0.9477,    0.8699,    0.7420,    0.6095,    0.5365,    0.4498,    0.4053,    0.3365,    0.3040,    0.2650,    0.2388,    0.5581,    0.4166,    0.3262,    0.2301,    0.1427,    0.0883,    0.0603,    0.0405,    0.0280,    0.0208,    0.0142,    0.0078,    0.0121,    0.0000,    0.0315,    0.0513,    0.0581,    0.0531,    0.0596,    0.0701,    0.0624,    0.0859,    0.0760,    0.0822,    0.0902,    0.0733,    0.1058,    0.1155,    0.0929,    0.0601,    0.0072,    0.0161,    0.0783,    0.0938,    0.1532,    0.1609,    0.1991,    0.2130,    0.2205,    0.2342,    0.2404,    0.2461,    0.2292,    0.2084,    0.1836,    0.2193,    0.3046,    0.3090,    0.5636,    0.6157,    0.6447,    0.6542,    0.6425,    0.7125,    0.6844,    0.7498,    0.6893,    0.7795,    0.7372,    0.7845,    1.6991,    1.6581,    1.7216,    1.8112,    1.8230,    1.7575,    1.8194,    1.8658,    1.9036,    1.7692,    1.7445,    1.8116,    4.5791,    4.4601,    4.4097,    4.2761,    3.9498,    3.7042,    3.2516,    2.9912,    2.8749,    2.5195,    1.9353,    1.7973,    1.3855,    1.4366,    1.0953,    1.0453,    0.7046,    0.5113,    0.4130,    0.1657,    0.1460,    0.1036,    0.0359,    0.0292
    2,    0.4000,  227.5722,    0.0620,   97.5528,  139.1834,   42.1219,   -1.1274,  158.4330,  163.5827,  163.6723,  163.8293,  164.1029,  164.5732,  165.3648,  166.6602,  168.4872,  170.9519,  174.2721,  178.5564,  183.8814,  190.3071,  197.9049,  205.8548,  212.8059,  218.1105,  222.1140,  224.8330,  226.3589,  227.0949,  227.3721,  227.5098,  227.5598,    0.0684,    0.2594,    0.5486,    0.9078,    1.3123,    1.7413,    2.1768,    2.6292,    3.0889,    3.4495,    3.7096,    3.7817,    3.3520,    3.4966,    3.4630,    3.1947,    2.8468,    2.5385,    2.3350,    2.1998,    2.1294,    2.1183,    2.1665,    2.2248,    0.7736,    0.7889,    0.8004,    0.7840,    0.7857,    0.7650,    0.7340,    0.7371,    0.7121,    0.6555,    0.6538,    0.5779,    0.3871,    0.3383,    0.2883,    0.2784,    0.2602,    0.2216,    0.2533,    0.2552,    0.2705,    0.2996,    0.3447,    0.3909,    0.4613,    0.4841,    0.4260,    0.5016,    0.4942,    0.4930,    0.4908,    0.5161,    0.5230,    0.5241,    0.5206,    0.5134,    1.3919,    1.3405,    1.2837,    1.2230,    1.1629,    1.0837,    0.9862,    0.9330,    0.8330,    0.7853,    0.7022,    0.6616,    0.9529,    0.8864,    0.7994,    0.7678,    0.7452,    0.6772,    0.6409,    0.5774,    0.5459,    0.4901,    0.4508,    0.4036,    0.9962,    0.6887,    0.4465,    0.3087,    0.2325,    0.1723,    0.1185,    0.0833,    0.0569,    0.0374,    0.0257,    0.0184,    0.0937,    0.0481,    0.0857,    0.1046,    0.1175,    0.1090,    0.1199,    0.1338,    0.1179,    0.1623,    0.1436,    0.1574,    0.1735,    0.1413,    0.2052,    0.2271,    0.1865,    0.2012,    0.2075,    0.2268,    0.2515,    0.1837,    0.2940,    0.3100,    0.3814,    0.4077,    0.4220,    0.4487,    0.4604,    0.4801,    0.4792,    0.5224,    0.5506,    0.5418,    0.5919,    0.6025,    1.0298,    1.1246,    1.1794,    1.2143,    1.2320,    1.3409,    1.2636,    1.3406,    1.2920,    1.3760,    1.3043,    1.3962,    3.0104,    2.9631,    3.0391,    3.0674,    3.0963,    2.9761,    3.0805,    3.1592,    3.2234,    2.9969,    2.9541,    3.0677,    7.7549,    7.3291,    7.2471,    7.0285,    6.4932,    6.0908,    5.3480,    4.9211,    4.7314,    4.1483,    3.1879,    2.9621,    2.2851,    2.0245,    1.5450,    1.4762,    0.9964,    0.7241,    0.5860,    0.2356,    0.2081,    0.1481,    0.0515,    0.0420,    0.0037,    0.0140,    0.0295,    0.0487,    0.0702,    0.0928,    0.1155,    0.1161,    0.1163,    0.2693,    0.5700,    1.0521,    1.2421,    1.5730,    2.2390,    3.0923,    3.7101,    4.0067,    4.1218,    4.1573,    4.1358,    4.0644,    3.9331,    3.7544,    1.2824,    1.2460,    1.2107,    1.2097,    1.1909,    1.1956,    1.2266,    1.2054,    1.2112,    1.2343,    1.2317,    1.2630,    0.9704,    0.9643,    0.9572,    0.9473,    0.9379,    0.9287,    0.9178,    0.9074,    0.8966,    0.8845,    0.8692,    0.8482,    0.8482,    0.7928,    0.8126,    0.7070,    0.7008,    0.6856,    0.6553,    0.5795,    0.5419,    0.5048,    0.4813,    0.4684,    1.2180,    1.1383,    1.0649,    1.0051,    0.9525,    0.9326,    0.9422,    0.8949,    0.9123,    0.8667,    0.8677,    0.8193,    1.2322,    1.0945,    1.0022,    0.8621,    0.7188,    0.6385,    0.5406,    0.4874,    0.4086,    0.3687,    0.3204,    0.2884,    0.6803,    0.5054,    0.3938,    0.2778,    0.1745,    0.1091,    0.0746,    0.0496,    0.0340,    0.0246,    0.0166,    0.0096,    0.0098,    0.0000,    0.0254,    0.0402,    0.0454,    0.0415,    0.0466,    0.0559,    0.0497,    0.0685,    0.0605,    0.0652,    0.0716,    0.0581,    0.0840,    0.0917,    0.0735,    0.0475,    0.0057,    0.0127,    0.0619,    0.0742,    0.1216,    0.1277,    0.1581,    0.1690,    0.1750,    0.1859,    0.1910,    0.1955,    0.1821,    0.1656,    0.1458,    0.1743,    0.2420,    0.2455,    0.4538,    0.4957,    0.5190,    0.5267,    0.5173,    0.5736,    0.5510,    0.6097,    0.5605,    0.6339,    0.5994,    0.6379,    1.3817,    1.3483,    1.3999,    1.4902,    1.4999,    1.4460,    1.4969,    1.5351,    1.5663,    1.4556,    1.4354,    1.4905,    3.7675,    3.6971,    3.6553,    3.5446,    3.2741,    3.0706,    2.6954,    2.4795,    2.3831,    2.0886,    1.6043,    1.4899,    1.1485,    1.2401,    0.9455,    0.9023,    0.6083,    0.4414,    0.3565,    0.1431,    0.1261,    0.0895,    0.0310,    0.0252
    2,    0.5000,  227.5722,    0.0473,   92.9170,  141.3640,   48.9393,   -4.8018,  158.4330,  163.5827,  163.6723,  163.8293,  164.1029,  164.5732,  165.3648,  166.6602,  168.4872,  170.9519,  174.2721,  178.5564,  183.8814,  190.3071,  197.9049,  205.8548,  212.8059,  218.1105,  222.1140,  224.8330,  226.3589,  227.0949,  227.3721,  227.5098,  227.5598,    0.0679,    0.2575,    0.5446,    0.9011,    1.3025,    1.7282,    2.1603,    2.6150,    3.0837,    3.4370,    3.6767,    3.7067,    3.2706,    3.4092,    3.3506,    3.0555,    2.7069,    2.4128,    2.2203,    2.0911,    2.0206,    2.0033,    2.0390,    2.0844,    0.7231,    0.7365,    0.7468,    0.7317,    0.7342,    0.7158,    0.6921,    0.6951,    0.6729,    0.6252,    0.6240,    0.5603,    0.3791,    0.3336,    0.2863,    0.2767,    0.2589,    0.2212,    0.2521,    0.2537,    0.2685,    0.2960,    0.3376,    0.3795,    0.4422,    0.4603,    0.4087,    0.4736,    0.4666,    0.4655,    0.4624,    0.4826,    0.4883,    0.4880,    0.4838,    0.4768,    1.2928,    1.2449,    1.1899,    1.1322,    1.0750,    0.9982,    0.9026,    0.8527,    0.7558,    0.7115,    0.6324,    0.5947,    0.8532,    0.7928,    0.7134,    0.6882,    0.6719,    0.6089,    0.5789,    0.5206,    0.4949,    0.4436,    0.4099,    0.3665,    0.9027,    0.6185,    0.3932,    0.2700,    0.2052,    0.1534,    0.1051,    0.0743,    0.0508,    0.0333,    0.0231,    0.0164,    0.0939,    0.0481,    0.0865,    0.1060,    0.1191,    0.1104,    0.1215,    0.1357,    0.1196,    0.1647,    0.1456,    0.1596,    0.1759,    0.1432,    0.2080,    0.2302,    0.1890,    0.2025,    0.2076,    0.2270,    0.2535,    0.1862,    0.2981,    0.3143,    0.3868,    0.4134,    0.4280,    0.4549,    0.4668,    0.4867,    0.4851,    0.5274,    0.5548,    0.5471,    0.6000,    0.6107,    1.0451,    1.1414,    1.1969,    1.2319,    1.2491,    1.3600,    1.2821,    1.3610,    1.3103,    1.3972,    1.3243,    1.4175,    3.0566,    3.0080,    3.0860,    3.1164,    3.1456,    3.0236,    3.1298,    3.2097,    3.2749,    3.0448,    3.0014,    3.1168,    7.8790,    7.4464,    7.3633,    7.1414,    6.5976,    6.1889,    5.4343,    5.0008,    4.8082,    4.2159,    3.2400,    3.0108,    2.3229,    2.0584,    1.5711,    1.5014,    1.0137,    0.7368,    0.5964,    0.2399,    0.2119,    0.1509,    0.0525,    0.0428,    0.0046,    0.0174,    0.0366,    0.0604,    0.0869,    0.1149,    0.1431,    0.1441,    0.1447,    0.3330,    0.6974,    1.2651,    1.4746,    1.8446,    2.5471,    3.3569,    3.8668,    4.0911,    4.1787,    4.2043,    4.1823,    4.1181,    4.0052,    3.8538,    1.3207,    1.2906,    1.2606,    1.2558,    1.2370,    1.2362,    1.2538,    1.2327,    1.2332,    1.2478,    1.2415,    1.2642,    0.9705,    0.9644,    0.9572,    0.9473,    0.9379,    0.9287,    0.9178,    0.9075,    0.8966,    0.8846,    0.8693,    0.8491,    0.8539,    0.8063,    0.8214,    0.7315,    0.7242,    0.7091,    0.6829,    0.6189,    0.5854,    0.5531,    0.5319,    0.5192,    1.3572,    1.2728,    1.1971,    1.1324,    1.0746,    1.0484,    1.0507,    0.9979,    1.0063,    0.9556,    0.9477,    0.8956,    1.3440,    1.2006,    1.0981,    0.9522,    0.8038,    0.7179,    0.6130,    0.5530,    0.4675,    0.4216,    0.3665,    0.3297,    0.7825,    0.5791,    0.4484,    0.3164,    0.2010,    0.1268,    0.0868,    0.0575,    0.0392,    0.0280,    0.0187,    0.0112,    0.0079,    0.0000,    0.0205,    0.0314,    0.0355,    0.0325,    0.0365,    0.0445,    0.0396,    0.0546,    0.0483,    0.0518,    0.0568,    0.0462,    0.0666,    0.0728,    0.0581,    0.0376,    0.0045,    0.0101,    0.0490,    0.0587,    0.0966,    0.1014,    0.1255,    0.1342,    0.1389,    0.1476,    0.1518,    0.1553,    0.1447,    0.1315,    0.1159,    0.1385,    0.1922,    0.1950,    0.3653,    0.3991,    0.4179,    0.4240,    0.4165,    0.4619,    0.4436,    0.4958,    0.4558,    0.5155,    0.4875,    0.5188,    1.1236,    1.0965,    1.1385,    1.2262,    1.2342,    1.1899,    1.2317,    1.2632,    1.2888,    1.1978,    1.1811,    1.2265,    3.1001,    3.0652,    3.0306,    2.9388,    2.7145,    2.5458,    2.2348,    2.0558,    1.9759,    1.7317,    1.3301,    1.2353,    0.9523,    1.0709,    0.8165,    0.7792,    0.5253,    0.3812,    0.3079,    0.1236,    0.1089,    0.0773,    0.0268,    0.0218
    2,    0.7500,  227.5722,    0.0271,   84.6132,  144.3610,   60.2429,  -12.0869,  158.4330,  163.5827,  163.6723,  163.8293,  164.1029,  164.5732,  165.3648,  166.6602,  168.4872,  170.9519,  174.2721,  178.5564,  183.8814,  190.3071,  197.9049,  205.8548,  212.8059,  218.1105,  222.1140,  224.8330,  226.3589,  227.0949,  227.3721,  227.5098,  227.5598,    0.0667,    0.2530,    0.5349,    0.8849,    1.2791,    1.6969,    2.1208,    2.5808,    3.0709,    3.4065,    3.5999,    3.5457,    3.1012,    3.2253,    3.1239,    2.8034,    2.4753,    2.2126,    2.0402,    1.9215,    1.8514,    1.8246,    1.8403,    1.8633,    0.6435,    0.6528,    0.6600,    0.6468,    0.6489,    0.6337,    0.6192,    0.6214,    0.6035,    0.5696,    0.5685,    0.5246,    0.3621,    0.3231,    0.2816,    0.2727,    0.2558,    0.2200,    0.2492,    0.2503,    0.2638,    0.2877,    0.3221,    0.3555,    0.4042,    0.4143,    0.3746,    0.4203,    0.4141,    0.4130,    0.4084,    0.4199,    0.4233,    0.4207,    0.4157,    0.4089,    1.1080,    1.0656,    1.0144,    0.9623,    0.9109,    0.8404,    0.7523,    0.7086,    0.6214,    0.5832,    0.5142,    0.4819,    0.6869,    0.6354,    0.5690,    0.5505,    0.5407,    0.4869,    0.4656,    0.4168,    0.3994,    0.3568,    0.3321,    0.2959,    0.7246,    0.4873,    0.2981,    0.2018,    0.1552,    0.1177,    0.0800,    0.0572,    0.0390,    0.0255,    0.0178,    0.0126,    0.0943,    0.0481,    0.0876,    0.1075,    0.1209,    0.1120,    0.1233,    0.1381,    0.1217,    0.1675,    0.1481,    0.1623,    0.1789,    0.1456,    0.2114,    0.2339,    0.1919,    0.2041,    0.2076,    0.2272,    0.2558,    0.1893,    0.3031,    0.3196,    0.3933,    0.4204,    0.4352,    0.4626,    0.4747,    0.4947,    0.4924,    0.5335,    0.5599,    0.5536,    0.6100,    0.6208,    1.0646,    1.1627,    1.2192,    1.2545,    1.2710,    1.3844,    1.3057,    1.3877,    1.3344,    1.4251,    1.3507,    1.4455,    3.1174,    3.0671,    3.1476,    3.1830,    3.2126,    3.0883,    3.1968,    3.2784,    3.3450,    3.1100,    3.0657,    3.1836,    8.0480,    7.6097,    7.5250,    7.2985,    6.7431,    6.3257,    5.5548,    5.1121,    4.9156,    4.3105,    3.3132,    3.0792,    2.3761,    2.1123,    1.6127,    1.5417,    1.0413,    0.7573,    0.6133,    0.2468,    0.2182,    0.1555,    0.0541,    0.0442,    0.0067,    0.0255,    0.0537,    0.0886,    0.1277,    0.1687,    0.2101,    0.2126,    0.2142,    0.4863,    0.9924,    1.7278,    1.9556,    2.3786,    3.0788,    3.7219,    4.0453,    4.1861,    4.2465,    4.2620,    4.2399,    4.1839,    4.0913,    3.9704,    1.3658,    1.3434,    1.3208,    1.3119,    1.2946,    1.2874,    1.2900,    1.2700,    1.2638,    1.2673,    1.2562,    1.2666,    0.9709,    0.9645,    0.9572,    0.9473,    0.9379,    0.9287,    0.9178,    0.9075,    0.8967,    0.8846,    0.8697,    0.8509,    0.8636,    0.8284,    0.8360,    0.7716,    0.7625,    0.7480,    0.7281,    0.6831,    0.6569,    0.6324,    0.6148,    0.6025,    1.5881,    1.4988,    1.4197,    1.3474,    1.2812,    1.2417,    1.2257,    1.1644,    1.1521,    1.0937,    1.0683,    1.0109,    1.5109,    1.3620,    1.2448,    1.0961,    0.9464,    0.8514,    0.7389,    0.6673,    0.5736,    0.5172,    0.4517,    0.4062,    0.9733,    0.7156,    0.5454,    0.3852,    0.2503,    0.1611,    0.1105,    0.0731,    0.0496,    0.0347,    0.0230,    0.0144,    0.0046,    0.0000,    0.0120,    0.0170,    0.0193,    0.0176,    0.0198,    0.0253,    0.0225,    0.0310,    0.0274,    0.0291,    0.0319,    0.0259,    0.0374,    0.0409,    0.0324,    0.0209,    0.0025,    0.0056,    0.0273,    0.0327,    0.0542,    0.0569,    0.0705,    0.0754,    0.0780,    0.0829,    0.0854,    0.0874,    0.0814,    0.0741,    0.0652,    0.0779,    0.1082,    0.1098,    0.2126,    0.2322,    0.2432,    0.2467,    0.2423,    0.2688,    0.2581,    0.2958,    0.2719,    0.3075,    0.2908,    0.3095,    0.6704,    0.6542,    0.6792,    0.7535,    0.7585,    0.7312,    0.7569,    0.7763,    0.7920,    0.7361,    0.7258,    0.7537,    1.9052,    1.9203,    1.8986,    1.8411,    1.7006,    1.5949,    1.4001,    1.2880,    1.2380,    1.0850,    0.8335,    0.7741,    0.5968,    0.7432,    0.5667,    0.5409,    0.3647,    0.2647,    0.2138,    0.0858,    0.0756,    0.0537,    0.0186,    0.0151
    2,    1.0000,  227.5722,    0.0188,   79.0581,  145.5977,   67.0375,  -16.5286,  158.4330,  163.5827,  163.6723,  163.8293,  164.1029,  164.5732,  165.3648,  166.6602,  168.4872,  170.9519,  174.2721,  178.5564,  183.8814,  190.3071,  197.9049,  205.8548,  212.8059,  218.1105,  222.1140,  224.8330,  226.3589,  227.0949,  227.3721,  227.5098,  227.5598,    0.0656,    0.2487,    0.5258,    0.8698,    1.2570,    1.6673,    2.0835,    2.5481,    3.0583,    3.3771,    3.5298,    3.4142,    2.9678,    3.0787,    2.9538,    2.6355,    2.3319,    2.0918,    1.9325,    1.8208,    1.7512,    1.7188,    1.7226,    1.7318,    0.5961,    0.6027,    0.6076,    0.5953,    0.5964,    0.5828,    0.5722,    0.5734,    0.5577,    0.5315,    0.5298,    0.4974,    0.3482,    0.3142,    0.2774,    0.2691,    0.2529,    0.2189,    0.2465,    0.2472,    0.2595,    0.2804,    0.3092,    0.3364,    0.3758,    0.3812,    0.3493,    0.3829,    0.3770,    0.3758,    0.3704,    0.3769,    0.3788,    0.3750,    0.3696,    0.3631,    0.9823,    0.9430,    0.8947,    0.8466,    0.7993,    0.7346,    0.6544,    0.6148,    0.5369,    0.5027,    0.4421,    0.4131,    0.5868,    0.5402,    0.4819,    0.4648,    0.4561,    0.4087,    0.3908,    0.3486,    0.3348,    0.2980,    0.2783,    0.2472,    0.6016,    0.3987,    0.2379,    0.1590,    0.1226,    0.0935,    0.0630,    0.0453,    0.0308,    0.0201,    0.0141,    0.0098,    0.0943,    0.0481,    0.0880,    0.1080,    0.1214,    0.1125,    0.1239,    0.1389,    0.1224,    0.1685,    0.1490,    0.1632,    0.1799,    0.1464,    0.2126,    0.2352,    0.1929,    0.2046,    0.2076,    0.2272,    0.2566,    0.1903,    0.3048,    0.3214,    0.3955,    0.4228,    0.4377,    0.4653,    0.4775,    0.4975,    0.4949,    0.5356,    0.5616,    0.5558,    0.6134,    0.6243,    1.0717,    1.1705,    1.2273,    1.2626,    1.2789,    1.3933,    1.3143,    1.3978,    1.3436,    1.4358,    1.3607,    1.4561,    3.1405,    3.0896,    3.1711,    3.2099,    3.2395,    3.1144,    3.2237,    3.3060,    3.3733,    3.1363,    3.0916,    3.2105,    8.1161,    7.6779,    7.5925,    7.3642,    6.8040,    6.3831,    5.6055,    5.1590,    4.9610,    4.3507,    3.3443,    3.1085,    2.3990,    2.1400,    1.6342,    1.5627,    1.0558,    0.7681,    0.6223,    0.2506,    0.2216,    0.1580,    0.0550,    0.0450,    0.0088,    0.0333,    0.0702,    0.1157,    0.1667,    0.2203,    0.2743,    0.2788,    0.2820,    0.6315,    1.2568,    2.1069,    2.3230,    2.7573,    3.3933,    3.8860,    4.1172,    4.2279,    4.2780,    4.2894,    4.2673,    4.2151,    4.1312,    4.0227,    1.3858,    1.3666,    1.3471,    1.3367,    1.3203,    1.3107,    1.3072,    1.2882,    1.2792,    1.2775,    1.2643,    1.2683,    0.9712,    0.9646,    0.9572,    0.9473,    0.9379,    0.9287,    0.9178,    0.9075,    0.8967,    0.8847,    0.8701,    0.8523,    0.8698,    0.8412,    0.8447,    0.7944,    0.7844,    0.7705,    0.7539,    0.7192,    0.6974,    0.6772,    0.6616,    0.6496,    1.7205,    1.6303,    1.5496,    1.4736,    1.4027,    1.3537,    1.3233,    1.2576,    1.2302,    1.1680,    1.1312,    1.0712,    1.5976,    1.4473,    1.3227,    1.1762,    1.0301,    0.9301,    0.8162,    0.7377,    0.6416,    0.5786,    0.5081,    0.4570,    1.1014,    0.8064,    0.6070,    0.4291,    0.2833,    0.1851,    0.1272,    0.0845,    0.0573,    0.0397,    0.0263,    0.0168,    0.0027,    0.0000,    0.0071,    0.0092,    0.0104,    0.0095,    0.0107,    0.0143,    0.0128,    0.0176,    0.0155,    0.0163,    0.0179,    0.0146,    0.0210,    0.0230,    0.0180,    0.0117,    0.0014,    0.0031,    0.0152,    0.0182,    0.0305,    0.0320,    0.0396,    0.0424,    0.0438,    0.0466,    0.0481,    0.0492,    0.0459,    0.0417,    0.0368,    0.0439,    0.0610,    0.0618,    0.1238,    0.1352,    0.1416,    0.1437,    0.1411,    0.1565,    0.1503,    0.1766,    0.1624,    0.1836,    0.1736,    0.1848,    0.4002,    0.3906,    0.4055,    0.4635,    0.4665,    0.4498,    0.4656,    0.4775,    0.4872,    0.4527,    0.4465,    0.4636,    1.1719,    1.2048,    1.1912,    1.1552,    1.0671,    1.0008,    0.8785,    0.8082,    0.7769,    0.6809,    0.5231,    0.4858,    0.3746,    0.5171,    0.3943,    0.3764,    0.2538,    0.1842,    0.1489,    0.0598,    0.0527,    0.0374,    0.0130,    0.0105
    2,    1.2500,  227.5722,    0.0153,   75.0487,  146.1162,   71.5682,  -18.8744,  158.4330,  163.5827,  163.6723,  163.8293,  164.1029,  164.5732,  165.3648,  166.6602,  168.4872,  170.9519,  174.2721,  178.5564,  183.8814,  190.3071,  197.9049,  205.8548,  212.8059,  218.1105,  222.1140,  224.8330,  226.3589,  227.0949,  227.3721,  227.5098,  227.5598,    0.0646,    0.2447,    0.5173,    0.8555,    1.2362,    1.6395,    2.0484,    2.5170,    3.0459,    3.3486,    3.4656,    3.3047,    2.8596,    2.9591,    2.8226,    2.5155,    2.2327,    2.0090,    1.8592,    1.7525,    1.6835,    1.6474,    1.6429,    1.6426,    0.5640,    0.5687,    0.5719,    0.5602,    0.5604,    0.5476,    0.5390,    0.5393,    0.5249,    0.5035,    0.5012,    0.4758,    0.3366,    0.3065,    0.2736,    0.2658,    0.2503,    0.2179,    0.2440,    0.2443,    0.2556,    0.2739,    0.2983,    0.3208,    0.3538,    0.3563,    0.3297,    0.3553,    0.3496,    0.3482,    0.3425,    0.3458,    0.3466,    0.3423,    0.3367,    0.3304,    0.8925,    0.8550,    0.8091,    0.7639,    0.7197,    0.6599,    0.5866,    0.5500,    0.4797,    0.4483,    0.3940,    0.3673,    0.5207,    0.4772,    0.4244,    0.4075,    0.3983,    0.3554,    0.3391,    0.3014,    0.2892,    0.2567,    0.2398,    0.2124,    0.5140,    0.3368,    0.1976,    0.1307,    0.1005,    0.0766,    0.0512,    0.0368,    0.0250,    0.0162,    0.0114,    0.0079,    0.0944,    0.0481,    0.0881,    0.1082,    0.1216,    0.1127,    0.1241,    0.1391,    0.1227,    0.1689,    0.1493,    0.1635,    0.1802,    0.1467,    0.2130,    0.2356,    0.1933,    0.2048,    0.2076,    0.2272,    0.2568,    0.1906,    0.3054,    0.3220,    0.3963,    0.4236,    0.4385,    0.4661,    0.4784,    0.4984,    0.4958,    0.5363,    0.5622,    0.5566,    0.6146,    0.6255,    1.0743,    1.1733,    1.2303,    1.2656,    1.2818,    1.3965,    1.3174,    1.4017,    1.3471,    1.4398,    1.3645,    1.4602,    3.1493,    3.0982,    3.1800,    3.2207,    3.2504,    3.1249,    3.2346,    3.3172,    3.3847,    3.1468,    3.1020,    3.2214,    8.1436,    7.7065,    7.6209,    7.3918,    6.8297,    6.4074,    5.6270,    5.1790,    4.9805,    4.3680,    3.3578,    3.1212,    2.4091,    2.1545,    1.6456,    1.5738,    1.0636,    0.7739,    0.6272,    0.2526,    0.2235,    0.1594,    0.0555,    0.0454,    0.0108,    0.0408,    0.0859,    0.1417,    0.2041,    0.2698,    0.3359,    0.3428,    0.3481,    0.7690,    1.4939,    2.4186,    2.6052,    3.0283,    3.5849,    3.9702,    4.1556,    4.2518,    4.2964,    4.3055,    4.2834,    4.2334,    4.1544,    4.0527,    1.3973,    1.3797,    1.3618,    1.3506,    1.3347,    1.3240,    1.3174,    1.2991,    1.2885,    1.2838,    1.2695,    1.2696,    0.9715,    0.9647,    0.9573,    0.9473,    0.9379,    0.9287,    0.9179,    0.9075,    0.8967,    0.8848,    0.8704,    0.8533,    0.8740,    0.8494,    0.8502,    0.8085,    0.7980,    0.7846,    0.7698,    0.7412,    0.7220,    0.7044,    0.6899,    0.6780,    1.8014,    1.7116,    1.6300,    1.5521,    1.4785,    1.4228,    1.3822,    1.3141,    1.2765,    1.2122,    1.1682,    1.1068,    1.6486,    1.4980,    1.3692,    1.2251,    1.0828,    0.9797,    0.8662,    0.7835,    0.6871,    0.6199,    0.5469,    0.4921,    1.1904,    0.8691,    0.6482,    0.4585,    0.3064,    0.2024,    0.1394,    0.0929,    0.0630,    0.0435,    0.0289,    0.0187,    0.0016,    0.0000,    0.0041,    0.0050,    0.0057,    0.0052,    0.0058,    0.0081,    0.0073,    0.0100,    0.0088,    0.0092,    0.0101,    0.0082,    0.0118,    0.0129,    0.0101,    0.0065,    0.0008,    0.0017,    0.0085,    0.0102,    0.0171,    0.0180,    0.0223,    0.0238,    0.0247,    0.0262,    0.0271,    0.0278,    0.0259,    0.0235,    0.0207,    0.0248,    0.0344,    0.0349,    0.0721,    0.0788,    0.0825,    0.0837,    0.0822,    0.0912,    0.0876,    0.1055,    0.0970,    0.1097,    0.1038,    0.1104,    0.2392,    0.2334,    0.2423,    0.2854,    0.2872,    0.2769,    0.2867,    0.2940,    0.3000,    0.2788,    0.2749,    0.2855,    0.7216,    0.7572,    0.7486,    0.7260,    0.6706,    0.6290,    0.5522,    0.5080,    0.4883,    0.4280,    0.3288,    0.3054,    0.2355,    0.3607,    0.2751,    0.2626,    0.1771,    0.1286,    0.1039,    0.0417,    0.0368,    0.0261,    0.0091,    0.0074
    2,    1.5000,  227.5722,    0.0138,   71.9951,  146.3386,   74.8470,  -19.8657,  158.4330,  163.5827,  163.6723,  163.8293,  164.1029,  164.5732,  165.3648,  166.6602,  168.4872,  170.9519,  174.2721,  178.5564,  183.8814,  190.3071,  197.9049,  205.8548,  212.8059,  218.1105,  222.1140,  224.8330,  226.3589,  227.0949,  227.3721,  227.5098,  227.5598,    0.0636,    0.2409,    0.5092,    0.8421,    1.2166,    1.6132,    2.0153,    2.4873,    3.0337,    3.3210,    3.4065,    3.2119,    2.7695,    2.8596,    2.7186,    2.4249,    2.1590,    1.9479,    1.8054,    1.7026,    1.6341,    1.5952,    1.5847,    1.5773,    0.5405,    0.5438,    0.5458,    0.5344,    0.5338,    0.5216,    0.5141,    0.5136,    0.5002,    0.4819,    0.4789,    0.4583,    0.3269,    0.2999,    0.2701,    0.2628,    0.2478,    0.2169,    0.2417,    0.2417,    0.2521,    0.2681,    0.2890,    0.3079,    0.3362,    0.3368,    0.3141,    0.3340,    0.3285,    0.3269,    0.3211,    0.3224,    0.3225,    0.3177,    0.3121,    0.3060,    0.8255,    0.7893,    0.7453,    0.7023,    0.6605,    0.6047,    0.5371,    0.5027,    0.4385,    0.4091,    0.3596,    0.3347,    0.4737,    0.4326,    0.3837,    0.3667,    0.3568,    0.3173,    0.3017,    0.2674,    0.2559,    0.2266,    0.2114,    0.1868,    0.4495,    0.2919,    0.1695,    0.1112,    0.0848,    0.0644,    0.0427,    0.0307,    0.0207,    0.0134,    0.0094,    0.0065,    0.0944,    0.0481,    0.0881,    0.1082,    0.1217,    0.1128,    0.1241,    0.1392,    0.1228,    0.1690,    0.1494,    0.1636,    0.1803,    0.1468,    0.2131,    0.2358,    0.1934,    0.2048,    0.2075,    0.2272,    0.2569,    0.1907,    0.3056,    0.3222,    0.3965,    0.4239,    0.4388,    0.4664,    0.4787,    0.4987,    0.4960,    0.5365,    0.5624,    0.5568,    0.6150,    0.6259,    1.0752,    1.1743,    1.2313,    1.2667,    1.2828,    1.3977,    1.3186,    1.4032,    1.3484,    1.4413,    1.3660,    1.4617,    3.1527,    3.1015,    3.1834,    3.2250,    3.2548,    3.1291,    3.2390,    3.3217,    3.3893,    3.1511,    3.1063,    3.2258,    8.1548,    7.7185,    7.6329,    7.4036,    6.8407,    6.4178,    5.6362,    5.1876,    4.9890,    4.3756,    3.3638,    3.1270,    2.4137,    2.1622,    1.6517,    1.5799,    1.0678,    0.7772,    0.6300,    0.2538,    0.2247,    0.1603,    0.0559,    0.0457,    0.0127,    0.0479,    0.1010,    0.1666,    0.2400,    0.3172,    0.3950,    0.4048,    0.4125,    0.8992,    1.7066,    2.6756,    2.8233,    3.2241,    3.7056,    4.0192,    4.1798,    4.2673,    4.3085,    4.3161,    4.2940,    4.2454,    4.1696,    4.0723,    1.4047,    1.3882,    1.3713,    1.3597,    1.3441,    1.3326,    1.3241,    1.3063,    1.2948,    1.2882,    1.2733,    1.2708,    0.9718,    0.9648,    0.9573,    0.9474,    0.9379,    0.9287,    0.9179,    0.9075,    0.8967,    0.8848,    0.8707,    0.8542,    0.8771,    0.8551,    0.8541,    0.8179,    0.8071,    0.7940,    0.7804,    0.7555,    0.7381,    0.7220,    0.7083,    0.6965,    1.8541,    1.7649,    1.6828,    1.6037,    1.5285,    1.4682,    1.4205,    1.3509,    1.3065,    1.2409,    1.1921,    1.1299,    1.6818,    1.5310,    1.3996,    1.2574,    1.1182,    1.0131,    0.9004,    0.8149,    0.7189,    0.6488,    0.5746,    0.5172,    1.2545,    0.9141,    0.6772,    0.4793,    0.3231,    0.2153,    0.1485,    0.0994,    0.0675,    0.0464,    0.0309,    0.0202,    0.0009,    0.0000,    0.0024,    0.0027,    0.0031,    0.0028,    0.0032,    0.0046,    0.0041,    0.0057,    0.0050,    0.0052,    0.0057,    0.0046,    0.0067,    0.0073,    0.0056,    0.0036,    0.0004,    0.0010,    0.0047,    0.0057,    0.0097,    0.0101,    0.0125,    0.0134,    0.0139,    0.0148,    0.0153,    0.0157,    0.0146,    0.0133,    0.0117,    0.0140,    0.0194,    0.0197,    0.0421,    0.0460,    0.0481,    0.0488,    0.0480,    0.0532,    0.0511,    0.0631,    0.0580,    0.0656,    0.0620,    0.0660,    0.1430,    0.1396,    0.1449,    0.1759,    0.1770,    0.1707,    0.1767,    0.1812,    0.1849,    0.1718,    0.1694,    0.1759,    0.4448,    0.4767,    0.4713,    0.4571,    0.4222,    0.3960,    0.3477,    0.3199,    0.3075,    0.2695,    0.2071,    0.1924,    0.1483,    0.2522,    0.1924,    0.1837,    0.1239,    0.0900,    0.0727,    0.0292,    0.0258,    0.0183,    0.0063,    0.0052
    2,    1.7500,  227.5722,    0.0131,   69.5736,  146.4374,   77.3700,  -20.0343,  158.4330,  163.5827,  163.6723,  163.8293,  164.1029,  164.5732,  165.3648,  166.6602,  168.4872,  170.9519,  174.2721,  178.5564,  183.8814,  190.3071,  197.9049,  205.8548,  212.8059,  218.1105,  222.1140,  224.8330,  226.3589,  227.0949,  227.3721,  227.5098,  227.5598,    0.0627,    0.2374,    0.5016,    0.8294,    1.1981,    1.5884,    1.9840,    2.4590,    3.0217,    3.2943,    3.3519,    3.1319,    2.6932,    2.7757,    2.6342,    2.3535,    2.1015,    1.9005,    1.7639,    1.6643,    1.5961,    1.5552,    1.5400,    1.5271,    0.5225,    0.5246,    0.5256,    0.5145,    0.5132,    0.5015,    0.4945,    0.4935,    0.4807,    0.4647,    0.4611,    0.4438,    0.3185,    0.2940,    0.2670,    0.2599,    0.2455,    0.2160,    0.2396,    0.2392,    0.2488,    0.2630,    0.2809,    0.2970,    0.3218,    0.3211,    0.3013,    0.3172,    0.3118,    0.3099,    0.3041,    0.3040,    0.3036,    0.2987,    0.2931,    0.2872,    0.7736,    0.7384,    0.6960,    0.6548,    0.6148,    0.5624,    0.4995,    0.4668,    0.4074,    0.3795,    0.3338,    0.3102,    0.4386,    0.3993,    0.3534,    0.3362,    0.3256,    0.2887,    0.2735,    0.2419,    0.2308,    0.2038,    0.1898,    0.1673,    0.4007,    0.2583,    0.1489,    0.0970,    0.0734,    0.0554,    0.0365,    0.0262,    0.0176,    0.0113,    0.0079,    0.0054,    0.0944,    0.0481,    0.0881,    0.1083,    0.1217,    0.1128,    0.1241,    0.1393,    0.1228,    0.1690,    0.1495,    0.1636,    0.1804,    0.1468,    0.2132,    0.2358,    0.1934,    0.2048,    0.2075,    0.2271,    0.2569,    0.1908,    0.3057,    0.3223,    0.3966,    0.4240,    0.4389,    0.4666,    0.4788,    0.4988,    0.4961,    0.5366,    0.5624,    0.5569,    0.6151,    0.6260,    1.0756,    1.1747,    1.2317,    1.2671,    1.2832,    1.3981,    1.3190,    1.4038,    1.3489,    1.4419,    1.3666,    1.4623,    3.1539,    3.1027,    3.1848,    3.2268,    3.2566,    3.1308,    3.2408,    3.3235,    3.3911,    3.1529,    3.1080,    3.2276,    8.1594,    7.7236,    7.6380,    7.4086,    6.8454,    6.4223,    5.6403,    5.1915,    4.9929,    4.3791,    3.3666,    3.1297,    2.4160,    2.1664,    1.6551,    1.5833,    1.0703,    0.7791,    0.6316,    0.2545,    0.2253,    0.1608,    0.0561,    0.0459,    0.0145,    0.0548,    0.1156,    0.1906,    0.2745,    0.3628,    0.4518,    0.4648,    0.4752,    1.0225,    1.8976,    2.8881,    2.9926,    3.3672,    3.7848,    4.0511,    4.1965,    4.2782,    4.3170,    4.3236,    4.3016,    4.2539,    4.1803,    4.0861,    1.4100,    1.3941,    1.3779,    1.3660,    1.3507,    1.3387,    1.3290,    1.3116,    1.2994,    1.2915,    1.2762,    1.2717,    0.9720,    0.9649,    0.9573,    0.9474,    0.9379,    0.9287,    0.9179,    0.9075,    0.8967,    0.8849,    0.8710,    0.8549,    0.8795,    0.8592,    0.8570,    0.8246,    0.8137,    0.8008,    0.7878,    0.7655,    0.7492,    0.7341,    0.7209,    0.7092,    1.8905,    1.8018,    1.7194,    1.6396,    1.5634,    1.4998,    1.4471,    1.3765,    1.3274,    1.2608,    1.2089,    1.1460,    1.7050,    1.5541,    1.4210,    1.2801,    1.1433,    1.0368,    0.9249,    0.8374,    0.7420,    0.6699,    0.5950,    0.5357,    1.3021,    0.9475,    0.6984,    0.4946,    0.3356,    0.2252,    0.1555,    0.1044,    0.0710,    0.0488,    0.0325,    0.0214,    0.0006,    0.0000,    0.0014,    0.0015,    0.0017,    0.0015,    0.0017,    0.0026,    0.0023,    0.0032,    0.0029,    0.0029,    0.0032,    0.0026,    0.0038,    0.0041,    0.0031,    0.0020,    0.0002,    0.0005,    0.0026,    0.0032,    0.0054,    0.0057,    0.0071,    0.0076,    0.0078,    0.0083,    0.0086,    0.0088,    0.0082,    0.0075,    0.0066,    0.0079,    0.0109,    0.0111,    0.0246,    0.0268,    0.0281,    0.0285,    0.0280,    0.0310,    0.0298,    0.0378,    0.0347,    0.0393,    0.0371,    0.0395,    0.0856,    0.0835,    0.0867,    0.1085,    0.1092,    0.1053,    0.1090,    0.1118,    0.1141,    0.1060,    0.1046,    0.1086,    0.2744,    0.3006,    0.2973,    0.2883,    0.2663,    0.2498,    0.2193,    0.2018,    0.1940,    0.1700,    0.1306,    0.1214,    0.0936,    0.1768,    0.1349,    0.1288,    0.0869,    0.0631,    0.0510,    0.0205,    0.0181,    0.0128,    0.0045,    0.0036
    2,    2.0000,  227.5722,    0.0128,   67.5927,  146.4835,   79.3998,  -19.7282,  158.4330,  163.5827,  163.6723,  163.8293,  164.1029,  164.5732,  165.3648,  166.6602,  168.4872,  170.9519,  174.2721,  178.5564,  183.8814,  190.3071,  197.9049,  205.8548,  212.8059,  218.1105,  222.1140,  224.8330,  226.3589,  227.0949,  227.3721,  227.5098,  227.5598,    0.0618,    0.2340,    0.4945,    0.8175,    1.1806,    1.5650,    1.9544,    2.4319,    3.0099,    3.2684,    3.3014,    3.0622,    2.6274,    2.7040,    2.5643,    2.2956,    2.0551,    1.8625,    1.7307,    1.6337,    1.5659,    1.5233,    1.5043,    1.4869,    0.5080,    0.5093,    0.5095,    0.4985,    0.4967,    0.4853,    0.4787,    0.4771,    0.4649,    0.4505,    0.4464,    0.4315,    0.3113,    0.2888,    0.2640,    0.2573,    0.2434,    0.2151,    0.2375,    0.2369,    0.2457,    0.2583,    0.2739,    0.2876,    0.3098,    0.3082,    0.2906,    0.3034,    0.2981,    0.2961,    0.2903,    0.2893,    0.2885,    0.2835,    0.2779,    0.2722,    0.7322,    0.6978,    0.6567,    0.6169,    0.5786,    0.5289,    0.4698,    0.4385,    0.3830,    0.3564,    0.3136,    0.2911,    0.4112,    0.3733,    0.3298,    0.3125,    0.3013,    0.2666,    0.2516,    0.2221,    0.2112,    0.1861,    0.1730,    0.1522,    0.3627,    0.2325,    0.1334,    0.0863,    0.0648,    0.0486,    0.0318,    0.0227,    0.0152,    0.0097,    0.0068,    0.0046,    0.0943,    0.0481,    0.0882,    0.1083,    0.1217,    0.1128,    0.1242,    0.1393,    0.1228,    0.1691,    0.1495,    0.1636,    0.1804,    0.1469,    0.2132,    0.2358,    0.1934,    0.2048,    0.2075,    0.2271,    0.2569,    0.1908,    0.3057,    0.3223,    0.3967,    0.4240,    0.4389,    0.4666,    0.4788,    0.4989,    0.4962,    0.5366,    0.5624,    0.5569,    0.6152,    0.6260,    1.0757,    1.1749,    1.2319,    1.2672,    1.2833,    1.3982,    1.3191,    1.4040,    1.3491,    1.4422,    1.3668,    1.4625,    3.1544,    3.1032,    3.1853,    3.2275,    3.2573,    3.1315,    3.2415,    3.3243,    3.3919,    3.1536,    3.1087,    3.2283,    8.1613,    7.7258,    7.6403,    7.4108,    6.8476,    6.4244,    5.6422,    5.1933,    4.9947,    4.3808,    3.3680,    3.1311,    2.4171,    2.1688,    1.6570,    1.5853,    1.0718,    0.7802,    0.6327,    0.2550,    0.2258,    0.1611,    0.0562,    0.0460,    0.0163,    0.0615,    0.1295,    0.2136,    0.3076,    0.4066,    0.5063,    0.5229,    0.5363,    1.1393,    2.0692,    3.0644,    3.1250,    3.4729,    3.8388,    4.0735,    4.2088,    4.2863,    4.3233,    4.3292,    4.3072,    4.2603,    4.1883,    4.0964,    1.4139,    1.3986,    1.3828,    1.3708,    1.3556,    1.3433,    1.3327,    1.3156,    1.3030,    1.2940,    1.2785,    1.2725,    0.9722,    0.9650,    0.9573,    0.9474,    0.9379,    0.9287,    0.9179,    0.9075,    0.8968,    0.8850,    0.8712,    0.8556,    0.8814,    0.8625,    0.8592,    0.8297,    0.8186,    0.8059,    0.7933,    0.7728,    0.7573,    0.7429,    0.7300,    0.7184,    1.9168,    1.8286,    1.7460,    1.6658,    1.5887,    1.5229,    1.4665,    1.3952,    1.3427,    1.2755,    1.2213,    1.1580,    1.7222,    1.5712,    1.4368,    1.2970,    1.1619,    1.0544,    0.9432,    0.8542,    0.7594,    0.6857,    0.6105,    0.5498,    1.3384,    0.9730,    0.7145,    0.5062,    0.3453,    0.2330,    0.1610,    0.1085,    0.0738,    0.0506,    0.0338,    0.0223,    0.0003,    0.0000,    0.0008,    0.0008,    0.0009,    0.0008,    0.0009,    0.0015,    0.0013,    0.0018,    0.0016,    0.0016,    0.0018,    0.0015,    0.0021,    0.0023,    0.0018,    0.0011,    0.0001,    0.0003,    0.0015,    0.0018,    0.0031,    0.0032,    0.0040,    0.0043,    0.0044,    0.0047,    0.0049,    0.0050,    0.0047,    0.0042,    0.0037,    0.0045,    0.0062,    0.0063,    0.0143,    0.0157,    0.0164,    0.0166,    0.0164,    0.0181,    0.0174,    0.0226,    0.0208,    0.0235,    0.0223,    0.0237,    0.0513,    0.0501,    0.0520,    0.0671,    0.0675,    0.0651,    0.0674,    0.0691,    0.0705,    0.0655,    0.0646,    0.0671,    0.1696,    0.1900,    0.1878,    0.1822,    0.1683,    0.1578,    0.1386,    0.1275,    0.1226,    0.1075,    0.0826,    0.0767,    0.0592,    0.1242,    0.0948,    0.0905,    0.0611,    0.0444,    0.0359,    0.0144,    0.0127,    0.0090,    0.0031,    0.0026
