Particle       ,data/QEXT_96IR_84_VIS_Al_8um_60um
Ncase          ,  14
dt (sols)      ,  0.020833
Qext 0.67um    ,  5.146000
Alb sfc        ,  0.220000
Conrath nu     ,  0.002000
Sun Flux (W/m2),148.389262
BWN IR (cm-1)  ,     10.0000,     34.1670,     58.3330,     82.5000,    106.6670,    130.8330,    155.0000,    179.1670,    203.3330,    227.5000,    251.6670,    275.8330,    300.0000,    320.7880,    341.5750,    362.3630,    383.1500,    403.9380,    424.7250,    445.5130,    466.3010,    487.0880,    507.8760,    528.6630,    549.4510,    556.7420,    564.0330,    571.3240,    578.6150,    585.9060,    593.1970,    600.4880,    607.7790,    615.0700,    622.3610,    629.6520,    636.9430,    642.5500,    648.1570,    653.7640,    659.3700,    664.9770,    670.5840,    676.1910,    681.7980,    687.4050,    693.0110,    698.6180,    704.2250,    710.1390,    716.0530,    721.9670,    727.8810,    733.7950,    739.7090,    745.6240,    751.5380,    757.4520,    763.3660,    769.2800,    775.1940,    791.5010,    807.8070,    824.1140,    840.4210,    856.7270,    873.0340,    889.3410,    905.6470,    921.9540,    938.2610,    954.5670,    970.8740,    996.8050,   1022.7370,   1048.6680,   1074.6000,   1100.5310,   1126.4630,   1152.3940,   1178.3250,   1204.2570,   1230.1880,   1256.1200,   1282.0510,   1360.3990,   1438.7460,   1517.0940,   1595.4410,   1673.7890,   1752.1370,   1830.4840,   1908.8320,   1987.1790,   2065.5270,   2143.8740,   2222.2220
BWN VIS (cm-1) ,   2222.2200,   2294.3160,   2366.4120,   2438.5080,   2510.6030,   2582.6990,   2654.7950,   2726.8910,   2798.9870,   2871.0820,   2943.1780,   3015.2740,   3087.3700,   3165.9750,   3244.5800,   3323.1850,   3401.7900,   3480.3950,   3559.0000,   3637.6050,   3716.2100,   3794.8150,   3873.4200,   3952.0250,   4030.6300,   4142.2920,   4253.9530,   4365.6150,   4477.2770,   4588.9380,   4700.6000,   4812.2620,   4923.9230,   5035.5850,   5147.2470,   5258.9080,   5370.5700,   5560.6150,   5750.6600,   5940.7050,   6130.7500,   6320.7950,   6510.8400,   6700.8850,   6890.9300,   7080.9750,   7271.0200,   7461.0650,   7651.1100,   8055.1840,   8459.2580,   8863.3330,   9267.4070,   9671.4810,  10075.5550,  10479.6290,  10883.7030,  11287.7780,  11691.8520,  12095.9260,  12500.0000,  13541.6670,  14583.3330,  15625.0000,  16666.6670,  17708.3330,  18750.0000,  19791.6670,  20833.3330,  21875.0000,  22916.6670,  23958.3330,  25000.0000,  26388.8890,  27777.7780,  29166.6670,  30555.5570,  31944.4460,  33333.3350,  34722.2240,  36111.1130,  37500.0030,  38888.8920,  40277.7810,  41666.6700
SUN VIS (W/m2) ,      0.1008,      0.0862,      0.0968,      0.1089,      0.1224,      0.1136,      0.1248,      0.1400,      0.1233,      0.1698,      0.1502,      0.1645,      0.1814,      0.1477,      0.2144,      0.2377,      0.1946,      0.2106,      0.2276,      0.2472,      0.2683,      0.1918,      0.3072,      0.3239,      0.3986,      0.4261,      0.4410,      0.4688,      0.4810,      0.5017,      0.5013,      0.5485,      0.5772,      0.5665,      0.6183,      0.6303,      1.0809,      1.1806,      1.2379,      1.2751,      1.2949,      1.4092,      1.3262,      1.4132,      1.3634,      1.4505,      1.3747,      1.4716,      3.1730,      3.1258,      3.2038,      3.2543,      3.2846,      3.1576,      3.2685,      3.3520,      3.4202,      3.1800,      3.1347,      3.2554,      8.2299,      7.8425,      7.7561,      7.5237,      6.9524,      6.5235,      5.7299,      5.2748,      5.0739,      4.4511,      3.4228,      3.1828,      2.4579,      2.2644,      1.7312,      1.6575,      1.1215,      0.8173,      0.6634,      0.2677,      0.2374,      0.1697,      0.0593,      0.0486
================
wavelenght [um],    0.244068,    0.252632,    0.261818,    0.271698,    0.282353,    0.293878,    0.306383,    0.320000,    0.334884,    0.351220,    0.369231,    0.389189,    0.408511,    0.426667,    0.446512,    0.468293,    0.492308,    0.518919,    0.548571,    0.581818,    0.619355,    0.662069,    0.711111,    0.768000,    0.813143,    0.840768,    0.870336,    0.902060,    0.936184,    0.972991,    1.012810,    1.056028,    1.103099,    1.154562,    1.211061,    1.273375,    1.323436,    1.357581,    1.393534,    1.431444,    1.471474,    1.513807,    1.558648,    1.606226,    1.656801,    1.710664,    1.768147,    1.829628,    1.881560,    1.921939,    1.964090,    2.008131,    2.054193,    2.102417,    2.152960,    2.205992,    2.261704,    2.320302,    2.382017,    2.447105,    2.505432,    2.555765,    2.608162,    2.662752,    2.719677,    2.779088,    2.841153,    2.906054,    2.973989,    3.045176,    3.119855,    3.198288,    3.277268,    3.356577,    3.439819,    3.527294,    3.619334,    3.716307,    3.818620,    3.926726,    4.041130,    4.162400,    4.291175,    4.428172,    4.580751,    4.751270,    4.934974,    5.133456,    5.348572,    5.582505,    5.837838,    6.117648,    6.425631,    6.766266,    7.145039,    7.568734,    7.879690,    8.044056,    8.215425,    8.394255,    8.581043,    8.776330,    8.980716,    9.194848,    9.419442,    9.655282,    9.903235,   10.164260,   10.387231,   10.566200,   10.751445,   10.943308,   11.142136,   11.348323,   11.562291,   11.784476,   12.015368,   12.255495,   12.505409,   12.765727,   12.949392,   13.049328,   13.150818,   13.253898,   13.358608,   13.464994,   13.573088,   13.682923,   13.794549,   13.908012,   14.023357,   14.140631,   14.256763,   14.371646,   14.488386,   14.607038,   14.727660,   14.850291,   14.974981,   15.101782,   15.230738,   15.361915,   15.495384,   15.631191,   15.790367,   15.974275,   16.162517,   16.355249,   16.552633,   16.754839,   16.962047,   17.174443,   17.392227,   17.615605,   17.844795,   18.080028,   18.550914,   19.294981,   20.101230,   20.977796,   21.934298,   22.982219,   24.135264,   25.410119,   26.827165,   28.411593,   30.194923,   32.217118,   34.732292,   37.914692,   41.739101,   46.421699,   52.287582,   59.850314,   69.970927,   84.210526,  105.726686,  142.012170,  216.216216,  452.826771
Qext           ,      9.1370,      9.0380,      8.9350,      8.8290,      8.7050,      8.5770,      8.4420,      8.2870,      8.1080,      7.9200,      7.7230,      7.4960,      7.2780,      7.0700,      6.8530,      6.6030,      6.3150,      6.0120,      5.6930,      5.4350,      5.2990,      5.1460,      4.9610,      4.7480,      4.5970,      4.5050,      4.3960,      4.2840,      4.1800,      4.2170,      4.2820,      4.3570,      4.4350,      4.5160,      4.6110,      4.7090,      4.8220,      4.9590,      5.1000,      5.2450,      5.3940,      5.5720,      5.7560,      5.9180,      6.1070,      6.0960,      5.9680,      5.8520,      5.7500,      5.6620,      5.5730,      5.4820,      5.4430,      5.5290,      5.6080,      5.6900,      5.7890,      5.8910,      5.9960,      6.3090,      6.6760,      7.0510,      7.4340,      7.7460,      8.1450,      8.6330,      9.5500,     10.5100,     11.4940,     12.7020,     13.7320,     14.4880,     15.2300,     15.9920,     16.7740,     17.1440,     16.5720,     15.8690,     15.0240,     14.5860,     14.5520,     14.5170,     16.4160,     23.0920,     29.0660,     23.6270,     15.4740,     13.2320,     14.2490,     17.8070,     27.0580,     36.3520,     28.4370,     17.6250,     14.0650,     16.1210,     17.7320,     20.2320,     23.4850,     29.0960,     36.0880,     43.6280,     51.5080,     55.3160,     56.5660,     50.6300,     41.0900,     32.3030,     26.7430,     21.8570,     19.4470,     17.6190,     17.3410,     17.3440,     17.6930,     17.8530,     17.9700,     18.0090,     18.2860,     18.9430,     19.6980,     20.2070,     21.0770,     21.9620,     21.9620,     22.8560,     23.9510,     25.0950,     26.2490,     27.4330,     28.6320,     29.8420,     30.9780,     32.0990,     33.2310,     34.3320,     35.4370,     35.4370,     36.5610,     37.9140,     39.2780,     40.8300,     42.8410,     44.8720,     49.0240,     53.6380,     57.8670,     64.5860,     72.4970,     78.0690,     87.5850,     97.4290,    107.7000,    117.7280,    127.4080,    136.2200,    147.7020,    156.4910,    146.5190,    120.1360,     87.0380,     56.5120,     32.4310,     17.7660,     11.5710,      8.9410,      6.9370,      4.7660,      3.1310,      2.9060,      3.4570,      3.1520,      1.4920,      0.7750,      0.7750,      0.7750,      0.7750,      0.7750,      0.7750,      0.7750
Qscat          ,      4.8750,      4.8440,      4.8110,      4.7770,      4.7370,      4.6940,      4.6480,      4.5940,      4.5310,      4.4620,      4.3880,      4.3010,      4.2150,      4.1310,      4.0410,      3.9340,      3.8070,      3.6690,      3.5190,      3.4010,      3.3530,      3.2970,      3.2250,      3.1390,      3.0750,      3.0350,      2.9860,      2.9350,      2.8870,      2.9100,      2.9470,      2.9890,      3.0330,      3.0790,      3.1310,      3.1860,      3.2530,      3.3390,      3.4270,      3.5170,      3.6090,      3.7190,      3.8320,      3.9310,      4.0470,      4.0770,      4.0540,      4.0310,      4.0080,      3.9880,      3.9660,      3.9420,      3.9390,      3.9930,      4.0410,      4.0900,      4.1490,      4.2100,      4.2710,      4.4950,      4.7640,      5.0400,      5.3230,      5.5540,      5.8510,      6.1980,      6.7710,      7.3520,      7.9260,      8.6060,      9.1640,      9.6160,     10.1050,     10.6060,     11.1210,     11.3370,     10.8470,     10.2560,      9.5610,      9.2750,      9.3650,      9.4560,     10.5910,     13.9760,     16.5720,     14.2700,     10.1450,      9.0420,      9.9590,     12.7600,     17.8640,     21.1420,     17.0740,     11.3500,      9.7530,     11.0170,     12.1130,     13.9830,     16.4730,     19.9550,     23.7140,     27.1400,     30.1350,     30.9350,     30.4340,     27.2900,     23.1380,     19.1910,     16.6520,     14.1290,     12.6240,     11.4040,     10.9880,     10.8290,     11.0780,     11.3890,     11.7210,     12.0510,     12.5530,     13.2080,     13.7400,     14.0980,     14.5810,     15.0610,     15.0610,     15.5350,     16.0720,     16.6090,     17.1300,     17.6720,     18.2100,     18.7340,     19.2980,     19.8730,     20.4440,     21.1650,     21.9180,     21.9180,     22.6960,     23.7940,     24.9210,     26.1990,     27.8230,     29.4960,     32.6080,     36.0070,     38.7530,     42.9990,     47.6140,     50.7120,     55.5800,     60.3140,     64.8400,     68.9490,     72.5390,     75.4970,     78.4840,     78.2320,     70.1650,     56.8100,     42.0440,     28.8680,     18.0570,     10.5210,      6.3620,      4.0250,      2.6250,      1.6790,      1.0020,      0.6180,      0.4850,      0.4150,      0.2860,      0.2310,      0.2310,      0.2310,      0.2310,      0.2310,      0.2310,      0.2310
G factor       ,      0.7460,      0.7430,      0.7390,      0.7360,      0.7320,      0.7280,      0.7240,      0.7190,      0.7130,      0.7070,      0.7010,      0.6930,      0.6860,      0.6800,      0.6730,      0.6650,      0.6550,      0.6460,      0.6350,      0.6280,      0.6260,      0.6240,      0.6220,      0.6190,      0.6170,      0.6160,      0.6140,      0.6130,      0.6110,      0.6100,      0.6090,      0.6080,      0.6060,      0.6050,      0.6030,      0.6010,      0.5970,      0.5900,      0.5820,      0.5740,      0.5660,      0.5570,      0.5470,      0.5380,      0.5280,      0.5330,      0.5450,      0.5560,      0.5660,      0.5750,      0.5830,      0.5920,      0.5980,      0.6000,      0.6000,      0.6010,      0.6020,      0.6040,      0.6050,      0.5940,      0.5800,      0.5650,      0.5500,      0.5370,      0.5220,      0.5030,      0.4720,      0.4400,      0.4070,      0.3660,      0.3310,      0.3250,      0.3360,      0.3470,      0.3580,      0.3590,      0.3320,      0.2990,      0.2600,      0.2570,      0.2870,      0.3170,      0.3330,      0.3070,      0.2790,      0.2560,      0.2360,      0.2730,      0.3270,      0.3170,      0.3000,      0.2710,      0.1800,      0.1260,      0.1760,      0.2220,      0.2160,      0.2160,      0.2190,      0.2240,      0.2290,      0.2250,      0.2170,      0.1990,      0.1710,      0.1340,      0.0900,      0.0500,      0.0190,     -0.0090,     -0.0260,     -0.0370,     -0.0330,     -0.0240,     -0.0110,     -0.0010,      0.0080,      0.0160,      0.0240,      0.0310,      0.0350,      0.0370,      0.0400,      0.0420,      0.0420,      0.0450,      0.0470,      0.0500,      0.0530,      0.0550,      0.0580,      0.0600,      0.0620,      0.0640,      0.0660,      0.0670,      0.0690,      0.0690,      0.0700,      0.0720,      0.0730,      0.0750,      0.0760,      0.0780,      0.0800,      0.0820,      0.0830,      0.0850,      0.0860,      0.0870,      0.0880,      0.0890,      0.0890,      0.0880,      0.0880,      0.0870,      0.0860,      0.0810,      0.0750,      0.0670,      0.0590,      0.0510,      0.0410,      0.0310,      0.0220,      0.0170,      0.0160,      0.0180,      0.0190,      0.0110,     -0.0030,     -0.0160,     -0.0190,      0.0000,      0.0000,      0.0000,      0.0000,      0.0000,      0.0000,      0.0000
================
P [mbar]       ,    0.1004,    0.1015,    0.1034,    0.1069,    0.1130,    0.1239,    0.1432,    0.1740,    0.2226,    0.3028,    0.4349,    0.6529,    1.0121,    1.6044,    2.4646,    3.4606,    4.3994,    5.2226,    5.8426,    6.2132,    6.3980,    6.4686,    6.5039,    6.5168
Temp initial[K],  163.5827,  163.6723,  163.8293,  164.1029,  164.5732,  165.3648,  166.6602,  168.4872,  170.9519,  174.2721,  178.5564,  183.8814,  190.3071,  197.9049,  205.8548,  212.8059,  218.1105,  222.1140,  224.8330,  226.3589,  227.0949,  227.3721,  227.5098,  227.5598
================
it   ,   tau    ,  Tsfc    ,   alb    ,   OLR    ,    ASR   ,  NET top ,  NET bot , T lev  01, T lev  02, T lev  03, T lev  04, T lev  05, T lev  06, T lev  07, T lev  08, T lev  09, T lev  10, T lev  11, T lev  12, T lev  13, T lev  14, T lev  15, T lev  16, T lev  17, T lev  18, T lev  19, T lev  20, T lev  21, T lev  22, T lev  23, T lev  24, T lev  25,  OLR IR01,  OLR IR02,  OLR IR03,  OLR IR04,  OLR IR05,  OLR IR06,  OLR IR07,  OLR IR08,  OLR IR09,  OLR IR10,  OLR IR11,  OLR IR12,  OLR IR13,  OLR IR14,  OLR IR15,  OLR IR16,  OLR IR17,  OLR IR18,  OLR IR19,  OLR IR20,  OLR IR21,  OLR IR22,  OLR IR23,  OLR IR24,  OLR IR25,  OLR IR26,  OLR IR27,  OLR IR28,  OLR IR29,  OLR IR30,  OLR IR31,  OLR IR32,  OLR IR33,  OLR IR34,  OLR IR35,  OLR IR36,  OLR IR37,  OLR IR38,  OLR IR39,  OLR IR40,  OLR IR41,  OLR IR42,  OLR IR43,  OLR IR44,  OLR IR45,  OLR IR46,  OLR IR47,  OLR IR48,  OLR IR49,  OLR IR50,  OLR IR51,  OLR IR52,  OLR IR53,  OLR IR54,  OLR IR55,  OLR IR56,  OLR IR57,  OLR IR58,  OLR IR59,  OLR IR60,  OLR IR61,  OLR IR62,  OLR IR63,  OLR IR64,  OLR IR65,  OLR IR66,  OLR IR67,  OLR IR68,  OLR IR69,  OLR IR70,  OLR IR71,  OLR IR72,  OLR IR73,  OLR IR74,  OLR IR75,  OLR IR76,  OLR IR77,  OLR IR78,  OLR IR79,  OLR IR80,  OLR IR81,  OLR IR82,  OLR IR83,  OLR IR84,  OLR IR85,  OLR IR86,  OLR IR87,  OLR IR88,  OLR IR89,  OLR IR90,  OLR IR91,  OLR IR92,  OLR IR93,  OLR IR94,  OLR IR95,  OLR IR96, ASR VIS01, ASR VIS02, ASR VIS03, ASR VIS04, ASR VIS05, ASR VIS06, ASR VIS07, ASR VIS08, ASR VIS09, ASR VIS10, ASR VIS11, ASR VIS12, ASR VIS13, ASR VIS14, ASR VIS15, ASR VIS16, ASR VIS17, ASR VIS18, ASR VIS19, ASR VIS20, ASR VIS21, ASR VIS22, ASR VIS23, ASR VIS24, ASR VIS25, ASR VIS26, ASR VIS27, ASR VIS28, ASR VIS29, ASR VIS30, ASR VIS31, ASR VIS32, ASR VIS33, ASR VIS34, ASR VIS35, ASR VIS36, ASR VIS37, ASR VIS38, ASR VIS39, ASR VIS40, ASR VIS41, ASR VIS42, ASR VIS43, ASR VIS44, ASR VIS45, ASR VIS46, ASR VIS47, ASR VIS48, ASR VIS49, ASR VIS50, ASR VIS51, ASR VIS52, ASR VIS53, ASR VIS54, ASR VIS55, ASR VIS56, ASR VIS57, ASR VIS58, ASR VIS59, ASR VIS60, ASR VIS61, ASR VIS62, ASR VIS63, ASR VIS64, ASR VIS65, ASR VIS66, ASR VIS67, ASR VIS68, ASR VIS69, ASR VIS70, ASR VIS71, ASR VIS72, ASR VIS73, ASR VIS74, ASR VIS75, ASR VIS76, ASR VIS77, ASR VIS78, ASR VIS79, ASR VIS80, ASR VIS81, ASR VIS82, ASR VIS83, ASR VIS84, SFC DIR01, SFC DIR02, SFC DIR03, SFC DIR04, SFC DIR05, SFC DIR06, SFC DIR07, SFC DIR08, SFC DIR09, SFC DIR10, SFC DIR11, SFC DIR12, SFC DIR13, SFC DIR14, SFC DIR15, SFC DIR16, SFC DIR17, SFC DIR18, SFC DIR19, SFC DIR20, SFC DIR21, SFC DIR22, SFC DIR23, SFC DIR24, SFC DIR25, SFC DIR26, SFC DIR27, SFC DIR28, SFC DIR29, SFC DIR30, SFC DIR31, SFC DIR32, SFC DIR33, SFC DIR34, SFC DIR35, SFC DIR36, SFC DIR37, SFC DIR38, SFC DIR39, SFC DIR40, SFC DIR41, SFC DIR42, SFC DIR43, SFC DIR44, SFC DIR45, SFC DIR46, SFC DIR47, SFC DIR48, SFC DIR49, SFC DIR50, SFC DIR51, SFC DIR52, SFC DIR53, SFC DIR54, SFC DIR55, SFC DIR56, SFC DIR57, SFC DIR58, SFC DIR59, SFC DIR60, SFC DIR61, SFC DIR62, SFC DIR63, SFC DIR64, SFC DIR65, SFC DIR66, SFC DIR67, SFC DIR68, SFC DIR69, SFC DIR70, SFC DIR71, SFC DIR72, SFC DIR73, SFC DIR74, SFC DIR75, SFC DIR76, SFC DIR77, SFC DIR78, SFC DIR79, SFC DIR80, SFC DIR81, SFC DIR82, SFC DIR83, SFC DIR84, SFC DIR85, SFC DIR86, SFC DIR87, SFC DIR88, SFC DIR89, SFC DIR90, SFC DIR91, SFC DIR92, SFC DIR93, SFC DIR94, SFC DIR95, SFC DIR96,SFC DVIS01,SFC DVIS02,SFC DVIS03,SFC DVIS04,SFC DVIS05,SFC DVIS06,SFC DVIS07,SFC DVIS08,SFC DVIS09,SFC DVIS10,SFC DVIS11,SFC DVIS12,SFC DVIS13,SFC DVIS14,SFC DVIS15,SFC DVIS16,SFC DVIS17,SFC DVIS18,SFC DVIS19,SFC DVIS20,SFC DVIS21,SFC DVIS22,SFC DVIS23,SFC DVIS24,SFC DVIS25,SFC DVIS26,SFC DVIS27,SFC DVIS28,SFC DVIS29,SFC DVIS30,SFC DVIS31,SFC DVIS32,SFC DVIS33,SFC DVIS34,SFC DVIS35,SFC DVIS36,SFC DVIS37,SFC DVIS38,SFC DVIS39,SFC DVIS40,SFC DVIS41,SFC DVIS42,SFC DVIS43,SFC DVIS44,SFC DVIS45,SFC DVIS46,SFC DVIS47,SFC DVIS48,SFC DVIS49,SFC DVIS50,SFC DVIS51,SFC DVIS52,SFC DVIS53,SFC DVIS54,SFC DVIS55,SFC DVIS56,SFC DVIS57,SFC DVIS58,SFC DVIS59,SFC DVIS60,SFC DVIS61,SFC DVIS62,SFC DVIS63,SFC DVIS64,SFC DVIS65,SFC DVIS66,SFC DVIS67,SFC DVIS68,SFC DVIS69,SFC DVIS70,SFC DVIS71,SFC DVIS72,SFC DVIS73,SFC DVIS74,SFC DVIS75,SFC DVIS76,SFC DVIS77,SFC DVIS78,SFC DVIS79,SFC DVIS80,SFC DVIS81,SFC DVIS82,SFC DVIS83,SFC DVIS84
    2,    0.0000,  227.5722,    0.2192,  139.8688,  115.8602,  -23.5218,  -14.0680,  158.4330,  163.5827,  163.6723,  163.8293,  164.1029,  164.5732,  165.3648,  166.6602,  168.4872,  170.9519,  174.2721,  178.5564,  183.8814,  190.3071,  197.9049,  205.8548,  212.8059,  218.1105,  222.1140,  224.8330,  226.3589,  227.0949,  227.3721,  227.5098,  227.5598,    0.0705,    0.2675,    0.5658,    0.9364,    1.3541,    1.7971,    2.2470,    2.6886,    3.1100,    3.5012,    3.8550,    4.1668,    3.7991,    3.9662,    4.1036,    4.2111,    4.2902,    4.3412,    4.3666,    4.3674,    4.3455,    4.3031,    4.2365,    4.1377,    1.4329,    1.4160,    1.3937,    1.3544,    1.3064,    1.2531,    1.1042,    1.0903,    1.0331,    0.8812,    0.8657,    0.6804,    0.4286,    0.3613,    0.2973,    0.2859,    0.2660,    0.2237,    0.2586,    0.2615,    0.2793,    0.3166,    0.3804,    0.4522,    0.5746,    0.6344,    0.5305,    0.6851,    0.6744,    0.6698,    0.6769,    0.7426,    0.7550,    0.7683,    0.7700,    0.7628,    2.0538,    1.9716,    1.9052,    1.8274,    1.7484,    1.6691,    1.5919,    1.5151,    1.4407,    1.3665,    1.2937,    1.2291,    1.8278,    1.6842,    1.5339,    1.3924,    1.2741,    1.1725,    1.0662,    0.9681,    0.8777,    0.7928,    0.7079,    0.6374,    1.5840,    1.1437,    0.8293,    0.5901,    0.4167,    0.2922,    0.2036,    0.1383,    0.0940,    0.0622,    0.0416,    0.0303,    0.0906,    0.0482,    0.0759,    0.0854,    0.0957,    0.0892,    0.0975,    0.1096,    0.0962,    0.1325,    0.1172,    0.1283,    0.1417,    0.1155,    0.1680,    0.1868,    0.1536,    0.1833,    0.2065,    0.2237,    0.2252,    0.1502,    0.2398,    0.2533,    0.3110,    0.3324,    0.3440,    0.3658,    0.3756,    0.3940,    0.4010,    0.4565,    0.4953,    0.4717,    0.4852,    0.4943,    0.8433,    0.9209,    0.9663,    0.9993,    1.0234,    1.1077,    1.0381,    1.1064,    1.0804,    1.1314,    1.0733,    1.1507,    2.4780,    2.4450,    2.4989,    2.5384,    2.5644,    2.4626,    2.5489,    2.6139,    2.6670,    2.4800,    2.4441,    2.5380,    6.4157,    6.1123,    6.0433,    5.8603,    5.4132,    5.0767,    4.4565,    4.0997,    3.9404,    3.4535,    2.6528,    2.4637,    1.8993,    1.7458,    1.3311,    1.2705,    0.8565,    0.6215,    0.5021,    0.2015,    0.1776,    0.1261,    0.0437,    0.0355,    0.0000,    0.0000,    0.0000,    0.0000,    0.0000,    0.0000,    0.0000,    0.0000,    0.0000,    0.0000,    0.0000,    0.0000,    0.0000,    0.0000,    0.0000,    0.0000,    0.0000,    0.0000,    0.0000,    0.0004,    0.0013,    0.0042,    0.0316,    0.1224,    0.0337,    0.0553,    0.0951,    0.1939,    0.3170,    0.4390,    0.7874,    0.8078,    0.8986,    1.0611,    1.1127,    1.2540,    0.9696,    0.9641,    0.9572,    0.9473,    0.9378,    0.9287,    0.9178,    0.9074,    0.8966,    0.8844,    0.8683,    0.8421,    0.8025,    0.6764,    0.7395,    0.4977,    0.5022,    0.4908,    0.4247,    0.2470,    0.1814,    0.1031,    0.0612,    0.0469,    0.0933,    0.0788,    0.0260,    0.0119,    0.0030,    0.0028,    0.0017,    0.0056,    0.0100,    0.0182,    0.0292,    0.0235,    0.0278,    0.0056,    0.0259,    0.0458,    0.0328,    0.0004,    0.0000,    0.0000,    0.0000,    0.0031,    0.0165,    0.0171,    0.0171,    0.0171,    0.0000,    0.0000,    0.0000,    0.0000,    0.0000,    0.0035,    0.0040,    0.0054,    0.0048,    0.0010,    0.0230,    0.0000,    0.0598,    0.1073,    0.1213,    0.1109,    0.1245,    0.1385,    0.1233,    0.1698,    0.1501,    0.1645,    0.1806,    0.1466,    0.2118,    0.2312,    0.1878,    0.1215,    0.0145,    0.0325,    0.1583,    0.1897,    0.3065,    0.3218,    0.3984,    0.4260,    0.4410,    0.4686,    0.4796,    0.4909,    0.4572,    0.4157,    0.3661,    0.4375,    0.6076,    0.6165,    1.0804,    1.1803,    1.2358,    1.2540,    1.2316,    1.3659,    1.3119,    1.3949,    1.2823,    1.4502,    1.3714,    1.4595,    3.1611,    3.0848,    3.2030,    3.2531,    3.2743,    3.1567,    3.2678,    3.3511,    3.4192,    3.1776,    3.1334,    3.2539,    8.2247,    7.8363,    7.7478,    7.5132,    6.9399,    6.5086,    5.7135,    5.2561,    5.0518,    4.4276,    3.4010,    3.1586,    2.4350,    2.2382,    1.7066,    1.6288,    1.0981,    0.7968,    0.6438,    0.2584,    0.2277,    0.1616,    0.0560,    0.0455
    2,    0.0500,  227.5722,    0.2126,  115.9411,  116.8438,    1.3909,   16.8882,  158.4330,  163.5827,  163.6723,  163.8293,  164.1029,  164.5732,  165.3648,  166.6602,  168.4872,  170.9519,  174.2721,  178.5564,  183.8814,  190.3071,  197.9049,  205.8548,  212.8059,  218.1105,  222.1140,  224.8330,  226.3589,  227.0949,  227.3721,  227.5098,  227.5598,    0.0703,    0.2666,    0.5639,    0.9332,    1.3493,    1.7906,    2.2388,    2.6721,    3.0728,    3.4533,    3.8041,    4.0980,    3.6999,    3.8121,    3.8857,    3.9025,    3.8186,    3.5908,    3.2932,    3.0037,    2.7485,    2.5550,    2.4345,    2.3849,    0.8346,    0.8381,    0.8428,    0.8465,    0.8490,    0.8493,    0.8129,    0.8174,    0.8058,    0.7297,    0.7342,    0.6211,    0.4070,    0.3499,    0.2926,    0.2821,    0.2632,    0.2226,    0.2559,    0.2584,    0.2748,    0.3084,    0.3637,    0.4225,    0.5197,    0.5617,    0.4804,    0.5968,    0.5912,    0.5890,    0.5936,    0.6417,    0.6482,    0.6584,    0.6610,    0.6561,    1.7729,    1.7080,    1.6504,    1.5819,    1.5132,    1.4447,    1.3791,    1.3104,    1.2416,    1.1621,    1.0824,    0.9962,    1.4318,    1.2521,    1.0841,    0.9568,    0.8831,    0.8292,    0.7901,    0.7513,    0.7114,    0.6666,    0.6085,    0.5572,    1.3992,    1.0206,    0.7139,    0.4680,    0.3146,    0.2380,    0.1782,    0.1241,    0.0845,    0.0547,    0.0342,    0.0236,    0.0892,    0.0480,    0.0754,    0.0852,    0.0956,    0.0890,    0.0973,    0.1094,    0.0962,    0.1323,    0.1169,    0.1280,    0.1412,    0.1151,    0.1675,    0.1862,    0.1531,    0.1816,    0.2051,    0.2221,    0.2246,    0.1503,    0.2402,    0.2538,    0.3118,    0.3334,    0.3449,    0.3667,    0.3765,    0.3947,    0.4012,    0.4557,    0.4940,    0.4711,    0.4862,    0.4955,    0.8460,    0.9243,    0.9703,    1.0036,    1.0271,    1.1122,    1.0427,    1.1113,    1.0843,    1.1367,    1.0782,    1.1559,    2.4890,    2.4550,    2.5091,    2.5483,    2.5740,    2.4715,    2.5578,    2.6229,    2.6774,    2.4907,    2.4559,    2.5514,    6.4539,    6.1551,    6.0912,    5.9116,    5.4647,    5.1310,    4.5109,    4.1557,    4.0001,    3.5104,    2.6997,    2.5101,    1.9376,    1.7835,    1.3616,    1.3011,    0.8784,    0.6381,    0.5161,    0.2074,    0.1830,    0.1300,    0.0451,    0.0367,    0.0008,    0.0032,    0.0067,    0.0110,    0.0158,    0.0208,    0.0258,    0.0618,    0.1515,    0.1840,    0.1642,    0.1802,    0.2415,    0.3543,    0.4473,    0.5512,    0.7998,    1.3477,    2.0567,    2.6754,    3.0968,    3.2906,    3.2918,    3.1470,    1.0437,    1.0072,    0.9716,    0.9533,    0.9479,    0.9502,    1.0679,    1.0543,    1.0770,    1.1543,    1.1727,    1.2579,    0.9698,    0.9642,    0.9572,    0.9473,    0.9378,    0.9287,    0.9178,    0.9074,    0.8966,    0.8844,    0.8686,    0.8444,    0.8204,    0.7215,    0.7676,    0.5761,    0.5737,    0.5595,    0.5032,    0.3571,    0.3032,    0.2344,    0.1938,    0.1774,    0.4378,    0.4027,    0.3435,    0.3194,    0.2985,    0.2842,    0.2665,    0.2568,    0.2505,    0.2634,    0.2811,    0.3046,    0.5110,    0.5398,    0.5794,    0.5732,    0.4994,    0.4069,    0.3195,    0.2452,    0.1844,    0.1409,    0.1238,    0.1029,    0.2125,    0.1439,    0.1171,    0.1210,    0.0985,    0.0514,    0.0239,    0.0165,    0.0125,    0.0120,    0.0110,    0.0064,    0.0178,    0.0000,    0.0514,    0.0917,    0.1033,    0.0940,    0.1051,    0.1166,    0.1036,    0.1432,    0.1275,    0.1407,    0.1555,    0.1274,    0.1867,    0.2072,    0.1705,    0.1116,    0.0135,    0.0303,    0.1483,    0.1782,    0.2891,    0.3046,    0.3783,    0.4057,    0.4205,    0.4472,    0.4582,    0.4693,    0.4374,    0.3980,    0.3503,    0.4179,    0.5793,    0.5867,    1.0263,    1.1186,    1.1682,    1.1844,    1.1658,    1.2954,    1.2469,    1.3285,    1.2233,    1.3858,    1.3125,    1.3989,    3.0337,    2.9637,    3.0805,    3.1314,    3.1546,    3.0437,    3.1531,    3.2347,    3.2964,    3.0594,    3.0129,    3.1251,    7.8845,    7.4917,    7.3892,    7.1507,    6.5928,    6.1647,    5.3927,    4.9439,    4.7362,    4.1389,    3.1711,    2.9376,    2.2587,    2.0703,    1.5746,    1.4992,    1.0084,    0.7303,    0.5889,    0.2359,    0.2076,    0.1471,    0.0509,    0.0413
    2,    0.1000,  227.5722,    0.2065,  104.4952,  117.7448,   13.7392,   27.4461,  158.4330,  163.5827,  163.6723,  163.8293,  164.1029,  164.5732,  165.3648,  166.6602,  168.4872,  170.9519,  174.2721,  178.5564,  183.8814,  190.3071,  197.9049,  205.8548,  212.8059,  218.1105,  222.1140,  224.8330,  226.3589,  227.0949,  227.3721,  227.5098,  227.5598,    0.0701,    0.2657,    0.5620,    0.9300,    1.3446,    1.7842,    2.2306,    2.6559,    3.0377,    3.4082,    3.7560,    4.0334,    3.6098,    3.6781,    3.7035,    3.6572,    3.4819,    3.1600,    2.8208,    2.5268,    2.2828,    2.1028,    1.9882,    1.9343,    0.6738,    0.6757,    0.6793,    0.6838,    0.6891,    0.6942,    0.6814,    0.6871,    0.6869,    0.6414,    0.6515,    0.5764,    0.3888,    0.3398,    0.2882,    0.2785,    0.2605,    0.2216,    0.2534,    0.2554,    0.2706,    0.3009,    0.3492,    0.3981,    0.4777,    0.5085,    0.4428,    0.5338,    0.5307,    0.5297,    0.5327,    0.5692,    0.5721,    0.5800,    0.5826,    0.5790,    1.5677,    1.5137,    1.4622,    1.4004,    1.3390,    1.2782,    1.2206,    1.1580,    1.0941,    1.0143,    0.9339,    0.8416,    1.1832,    1.0024,    0.8431,    0.7320,    0.6772,    0.6414,    0.6267,    0.6128,    0.5971,    0.5741,    0.5327,    0.4942,    1.2508,    0.9197,    0.6240,    0.3831,    0.2475,    0.1985,    0.1575,    0.1121,    0.0764,    0.0485,    0.0285,    0.0189,    0.0880,    0.0478,    0.0750,    0.0851,    0.0955,    0.0888,    0.0973,    0.1094,    0.0962,    0.1323,    0.1169,    0.1279,    0.1410,    0.1148,    0.1671,    0.1857,    0.1528,    0.1800,    0.2039,    0.2207,    0.2240,    0.1504,    0.2406,    0.2543,    0.3126,    0.3343,    0.3458,    0.3675,    0.3772,    0.3953,    0.4014,    0.4550,    0.4927,    0.4705,    0.4872,    0.4967,    0.8485,    0.9274,    0.9741,    1.0074,    1.0305,    1.1163,    1.0470,    1.1159,    1.0879,    1.1416,    1.0828,    1.1607,    2.4993,    2.4645,    2.5188,    2.5578,    2.5831,    2.4799,    2.5662,    2.6315,    2.6872,    2.5009,    2.4671,    2.5639,    6.4897,    6.1950,    6.1357,    5.9591,    5.5122,    5.1810,    4.5606,    4.2066,    4.0541,    3.5617,    2.7418,    2.5518,    1.9718,    1.8172,    1.3887,    1.3284,    0.8977,    0.6529,    0.5285,    0.2125,    0.1877,    0.1335,    0.0464,    0.0378,    0.0017,    0.0063,    0.0133,    0.0218,    0.0314,    0.0414,    0.0513,    0.1221,    0.2949,    0.3574,    0.3206,    0.3514,    0.4652,    0.6718,    0.8367,    1.0139,    1.4171,    2.2082,    3.0316,    3.5628,    3.8190,    3.8928,    3.8558,    3.7386,    1.2686,    1.2405,    1.2099,    1.1836,    1.1614,    1.1424,    1.1859,    1.1647,    1.1641,    1.2034,    1.2062,    1.2606,    0.9701,    0.9642,    0.9572,    0.9473,    0.9378,    0.9287,    0.9178,    0.9074,    0.8966,    0.8845,    0.8688,    0.8462,    0.8332,    0.7533,    0.7877,    0.6321,    0.6254,    0.6097,    0.5610,    0.4384,    0.3928,    0.3317,    0.2930,    0.2755,    0.6992,    0.6503,    0.5867,    0.5549,    0.5249,    0.4999,    0.4702,    0.4496,    0.4342,    0.4463,    0.4639,    0.4976,    0.8239,    0.8561,    0.8792,    0.8459,    0.7467,    0.6324,    0.5121,    0.4051,    0.3134,    0.2433,    0.2065,    0.1710,    0.3706,    0.2482,    0.2084,    0.2051,    0.1630,    0.0887,    0.0432,    0.0273,    0.0197,    0.0173,    0.0156,    0.0102,    0.0138,    0.0000,    0.0442,    0.0786,    0.0882,    0.0799,    0.0890,    0.0985,    0.0873,    0.1212,    0.1086,    0.1207,    0.1343,    0.1110,    0.1649,    0.1860,    0.1549,    0.1027,    0.0126,    0.0284,    0.1390,    0.1676,    0.2728,    0.2884,    0.3594,    0.3866,    0.4010,    0.4269,    0.4378,    0.4488,    0.4186,    0.3812,    0.3353,    0.3992,    0.5524,    0.5586,    0.9751,    1.0604,    1.1046,    1.1190,    1.1039,    1.2289,    1.1854,    1.2655,    1.1673,    1.3244,    1.2564,    1.3411,    2.9118,    2.8477,    2.9632,    3.0147,    3.0397,    2.9353,    3.0429,    3.1228,    3.1785,    2.9460,    2.8975,    3.0020,    7.5596,    7.1636,    7.0486,    6.8072,    6.2647,    5.8408,    5.0916,    4.6521,    4.4424,    3.8711,    2.9584,    2.7339,    2.0966,    1.9166,    1.4542,    1.3814,    0.9271,    0.6701,    0.5394,    0.2157,    0.1895,    0.1341,    0.0464,    0.0376
    2,    0.1500,  227.5722,    0.2010,   96.9397,  118.5589,   22.1102,   32.1764,  158.4330,  163.5827,  163.6723,  163.8293,  164.1029,  164.5732,  165.3648,  166.6602,  168.4872,  170.9519,  174.2721,  178.5564,  183.8814,  190.3071,  197.9049,  205.8548,  212.8059,  218.1105,  222.1140,  224.8330,  226.3589,  227.0949,  227.3721,  227.5098,  227.5598,    0.0699,    0.2649,    0.5602,    0.9269,    1.3400,    1.7780,    2.2226,    2.6403,    3.0044,    3.3657,    3.7104,    3.9728,    3.5279,    3.5608,    3.5497,    3.4591,    3.2328,    2.8851,    2.5518,    2.2725,    2.0473,    1.8823,    1.7731,    1.7152,    0.5946,    0.5949,    0.5969,    0.6004,    0.6050,    0.6103,    0.6052,    0.6099,    0.6131,    0.5830,    0.5942,    0.5414,    0.3734,    0.3309,    0.2841,    0.2752,    0.2580,    0.2205,    0.2511,    0.2527,    0.2667,    0.2942,    0.3366,    0.3778,    0.4446,    0.4679,    0.4133,    0.4865,    0.4849,    0.4844,    0.4864,    0.5148,    0.5155,    0.5216,    0.5239,    0.5210,    1.4124,    1.3655,    1.3183,    1.2617,    1.2056,    1.1505,    1.0985,    1.0408,    0.9810,    0.9029,    0.8245,    0.7321,    1.0140,    0.8413,    0.6949,    0.5970,    0.5520,    0.5246,    0.5200,    0.5174,    0.5141,    0.5037,    0.4731,    0.4434,    1.1291,    0.8356,    0.5523,    0.3211,    0.2008,    0.1685,    0.1405,    0.1019,    0.0695,    0.0433,    0.0242,    0.0154,    0.0871,    0.0477,    0.0747,    0.0851,    0.0954,    0.0888,    0.0973,    0.1094,    0.0963,    0.1324,    0.1168,    0.1278,    0.1408,    0.1146,    0.1668,    0.1854,    0.1525,    0.1787,    0.2027,    0.2194,    0.2235,    0.1506,    0.2410,    0.2548,    0.3134,    0.3352,    0.3467,    0.3683,    0.3780,    0.3959,    0.4017,    0.4544,    0.4915,    0.4700,    0.4881,    0.4977,    0.8508,    0.9303,    0.9775,    1.0110,    1.0336,    1.1201,    1.0510,    1.1201,    1.0912,    1.1462,    1.0871,    1.1652,    2.5090,    2.4734,    2.5278,    2.5666,    2.5917,    2.4879,    2.5742,    2.6396,    2.6965,    2.5105,    2.4775,    2.5756,    6.5230,    6.2319,    6.1767,    6.0026,    5.5557,    5.2263,    4.6054,    4.2522,    4.1022,    3.6072,    2.7791,    2.5884,    2.0018,    1.8465,    1.4122,    1.3521,    0.9145,    0.6655,    0.5392,    0.2170,    0.1918,    0.1366,    0.0475,    0.0387,    0.0025,    0.0094,    0.0198,    0.0326,    0.0468,    0.0616,    0.0765,    0.1808,    0.4307,    0.5209,    0.4697,    0.5143,    0.6728,    0.9570,    1.1771,    1.4057,    1.9026,    2.7805,    3.5308,    3.9050,    4.0425,    4.0611,    4.0117,    3.9119,    1.3389,    1.3175,    1.2939,    1.2711,    1.2493,    1.2280,    1.2433,    1.2211,    1.2117,    1.2319,    1.2266,    1.2627,    0.9703,    0.9643,    0.9572,    0.9473,    0.9378,    0.9287,    0.9178,    0.9074,    0.8966,    0.8845,    0.8690,    0.8476,    0.8428,    0.7765,    0.8025,    0.6734,    0.6640,    0.6477,    0.6048,    0.5004,    0.4610,    0.4063,    0.3696,    0.3517,    0.9035,    0.8450,    0.7782,    0.7401,    0.7029,    0.6697,    0.6307,    0.6015,    0.5783,    0.5872,    0.6015,    0.6366,    1.0385,    1.0578,    1.0573,    1.0025,    0.8918,    0.7698,    0.6375,    0.5158,    0.4081,    0.3220,    0.2720,    0.2263,    0.5009,    0.3354,    0.2814,    0.2665,    0.2081,    0.1169,    0.0589,    0.0366,    0.0258,    0.0217,    0.0191,    0.0130,    0.0108,    0.0000,    0.0381,    0.0675,    0.0755,    0.0681,    0.0756,    0.0834,    0.0738,    0.1029,    0.0928,    0.1038,    0.1162,    0.0969,    0.1460,    0.1672,    0.1410,    0.0945,    0.0117,    0.0266,    0.1303,    0.1576,    0.2574,    0.2731,    0.3415,    0.3684,    0.3825,    0.4076,    0.4184,    0.4292,    0.4007,    0.3652,    0.3209,    0.3814,    0.5269,    0.5319,    0.9268,    1.0056,    1.0449,    1.0576,    1.0456,    1.1661,    1.1272,    1.2057,    1.1140,    1.2660,    1.2029,    1.2858,    2.7953,    2.7367,    2.8507,    2.9028,    2.9294,    2.8310,    2.9368,    3.0151,    3.0651,    2.8371,    2.7868,    2.8841,    7.2491,    6.8509,    6.7247,    6.4813,    5.9539,    5.5348,    4.8082,    4.3784,    4.1675,    3.6212,    2.7606,    2.5448,    1.9466,    1.7747,    1.3433,    1.2732,    0.8526,    0.6151,    0.4943,    0.1974,    0.1731,    0.1224,    0.0422,    0.0342
    2,    0.2000,  227.5722,    0.1961,   91.3898,  119.2943,   28.3969,   34.4396,  158.4330,  163.5827,  163.6723,  163.8293,  164.1029,  164.5732,  165.3648,  166.6602,  168.4872,  170.9519,  174.2721,  178.5564,  183.8814,  190.3071,  197.9049,  205.8548,  212.8059,  218.1105,  222.1140,  224.8330,  226.3589,  227.0949,  227.3721,  227.5098,  227.5598,    0.0697,    0.2641,    0.5584,    0.9239,    1.3355,    1.7718,    2.2147,    2.6251,    2.9729,    3.3256,    3.6672,    3.9157,    3.4530,    3.4573,    3.4185,    3.2968,    3.0428,    2.6940,    2.3732,    2.1102,    1.9020,    1.7484,    1.6434,    1.5826,    0.5465,    0.5455,    0.5461,    0.5483,    0.5519,    0.5564,    0.5545,    0.5581,    0.5624,    0.5411,    0.5519,    0.5132,    0.3600,    0.3228,    0.2803,    0.2720,    0.2556,    0.2196,    0.2488,    0.2500,    0.2630,    0.2879,    0.3255,    0.3605,    0.4177,    0.4358,    0.3895,    0.4498,    0.4489,    0.4487,    0.4500,    0.4726,    0.4719,    0.4766,    0.4786,    0.4760,    1.2913,    1.2492,    1.2052,    1.1525,    1.1006,    1.0497,    1.0019,    0.9481,    0.8919,    0.8164,    0.7409,    0.6508,    0.8918,    0.7293,    0.5953,    0.5080,    0.4689,    0.4457,    0.4453,    0.4481,    0.4514,    0.4485,    0.4252,    0.4017,    1.0277,    0.7645,    0.4938,    0.2743,    0.1669,    0.1452,    0.1263,    0.0930,    0.0635,    0.0389,    0.0207,    0.0128,    0.0863,    0.0475,    0.0744,    0.0851,    0.0954,    0.0887,    0.0973,    0.1094,    0.0963,    0.1324,    0.1169,    0.1277,    0.1407,    0.1145,    0.1666,    0.1851,    0.1523,    0.1775,    0.2016,    0.2182,    0.2230,    0.1507,    0.2413,    0.2553,    0.3141,    0.3360,    0.3474,    0.3691,    0.3787,    0.3965,    0.4019,    0.4538,    0.4904,    0.4695,    0.4890,    0.4987,    0.8530,    0.9330,    0.9807,    1.0143,    1.0365,    1.1236,    1.0546,    1.1240,    1.0942,    1.1504,    1.0911,    1.1694,    2.5180,    2.4817,    2.5364,    2.5750,    2.5998,    2.4955,    2.5818,    2.6473,    2.7053,    2.5195,    2.4873,    2.5865,    6.5539,    6.2660,    6.2144,    6.0426,    5.5954,    5.2675,    4.6459,    4.2931,    4.1451,    3.6475,    2.8119,    2.6205,    2.0280,    1.8720,    1.4327,    1.3725,    0.9289,    0.6765,    0.5483,    0.2208,    0.1953,    0.1391,    0.0484,    0.0395,    0.0033,    0.0125,    0.0262,    0.0431,    0.0620,    0.0817,    0.1014,    0.2381,    0.5592,    0.6749,    0.6117,    0.6692,    0.8654,    1.2135,    1.4758,    1.7398,    2.2898,    3.1707,    3.8007,    4.0568,    4.1343,    4.1307,    4.0771,    3.9847,    1.3686,    1.3504,    1.3306,    1.3108,    1.2911,    1.2710,    1.2743,    1.2527,    1.2398,    1.2495,    1.2399,    1.2642,    0.9705,    0.9644,    0.9572,    0.9473,    0.9379,    0.9287,    0.9178,    0.9075,    0.8966,    0.8845,    0.8693,    0.8487,    0.8500,    0.7939,    0.8137,    0.7046,    0.6936,    0.6771,    0.6389,    0.5488,    0.5141,    0.4648,    0.4302,    0.4121,    1.0666,    1.0011,    0.9319,    0.8886,    0.8456,    0.8058,    0.7598,    0.7235,    0.6938,    0.6983,    0.7079,    0.7398,    1.1913,    1.1928,    1.1699,    1.0990,    0.9829,    0.8587,    0.7233,    0.5958,    0.4798,    0.3841,    0.3249,    0.2718,    0.6098,    0.4093,    0.3410,    0.3130,    0.2411,    0.1388,    0.0721,    0.0445,    0.0310,    0.0254,    0.0220,    0.0152,    0.0085,    0.0000,    0.0329,    0.0581,    0.0647,    0.0582,    0.0643,    0.0708,    0.0625,    0.0875,    0.0795,    0.0895,    0.1008,    0.0847,    0.1294,    0.1505,    0.1284,    0.0871,    0.0109,    0.0249,    0.1223,    0.1483,    0.2431,    0.2588,    0.3246,    0.3511,    0.3650,    0.3893,    0.4000,    0.4107,    0.3837,    0.3500,    0.3073,    0.3646,    0.5028,    0.5067,    0.8811,    0.9539,    0.9886,    0.9998,    0.9906,    1.1069,    1.0721,    1.1491,    1.0634,    1.2104,    1.1518,    1.2330,    2.6838,    2.6304,    2.7428,    2.7954,    2.8234,    2.7308,    2.8348,    2.9115,    2.9562,    2.7326,    2.6807,    2.7712,    6.9523,    6.5527,    6.4167,    6.1719,    5.6593,    5.2456,    4.5413,    4.1215,    3.9105,    3.3882,    2.5765,    2.3693,    1.8077,    1.6437,    1.2413,    1.1738,    0.7843,    0.5647,    0.4531,    0.1806,    0.1582,    0.1117,    0.0385,    0.0311
    2,    0.3000,  227.5722,    0.1875,   83.5814,  120.5594,   37.4732,   35.5584,  158.4330,  163.5827,  163.6723,  163.8293,  164.1029,  164.5732,  165.3648,  166.6602,  168.4872,  170.9519,  174.2721,  178.5564,  183.8814,  190.3071,  197.9049,  205.8548,  212.8059,  218.1105,  222.1140,  224.8330,  226.3589,  227.0949,  227.3721,  227.5098,  227.5598,    0.0692,    0.2624,    0.5549,    0.9179,    1.3267,    1.7599,    2.1994,    2.5961,    2.9144,    3.2517,    3.5872,    3.8113,    3.3213,    3.2836,    3.2073,    3.0479,    2.7733,    2.4406,    2.1449,    1.9109,    1.7276,    1.5894,    1.4898,    1.4256,    0.4894,    0.4867,    0.4854,    0.4856,    0.4873,    0.4901,    0.4902,    0.4919,    0.4963,    0.4841,    0.4930,    0.4703,    0.3382,    0.3090,    0.2734,    0.2662,    0.2511,    0.2177,    0.2445,    0.2451,    0.2562,    0.2769,    0.3068,    0.3327,    0.3767,    0.3881,    0.3533,    0.3963,    0.3960,    0.3959,    0.3963,    0.4115,    0.4091,    0.4121,    0.4133,    0.4111,    1.1152,    1.0791,    1.0394,    0.9923,    0.9462,    0.9011,    0.8593,    0.8113,    0.7608,    0.6910,    0.6216,    0.5384,    0.7275,    0.5848,    0.4716,    0.3995,    0.3669,    0.3475,    0.3488,    0.3549,    0.3634,    0.3678,    0.3533,    0.3375,    0.8690,    0.6512,    0.4047,    0.2093,    0.1222,    0.1117,    0.1040,    0.0786,    0.0537,    0.0319,    0.0157,    0.0091,    0.0851,    0.0473,    0.0739,    0.0851,    0.0954,    0.0887,    0.0974,    0.1095,    0.0964,    0.1326,    0.1169,    0.1278,    0.1406,    0.1144,    0.1664,    0.1849,    0.1520,    0.1755,    0.1995,    0.2160,    0.2222,    0.1510,    0.2420,    0.2561,    0.3153,    0.3375,    0.3489,    0.3705,    0.3800,    0.3976,    0.4023,    0.4526,    0.4883,    0.4686,    0.4906,    0.5005,    0.8569,    0.9378,    0.9862,    1.0200,    1.0415,    1.1298,    1.0611,    1.1309,    1.0997,    1.1580,    1.0983,    1.1770,    2.5343,    2.4968,    2.5519,    2.5902,    2.6145,    2.5093,    2.5957,    2.6614,    2.7213,    2.5360,    2.5051,    2.6063,    6.6096,    6.3269,    6.2811,    6.1127,    5.6647,    5.3389,    4.7152,    4.3626,    4.2173,    3.7148,    2.8664,    2.6735,    2.0709,    1.9135,    1.4657,    1.4054,    0.9520,    0.6939,    0.5629,    0.2269,    0.2009,    0.1432,    0.0499,    0.0408,    0.0049,    0.0185,    0.0388,    0.0639,    0.0918,    0.1209,    0.1502,    0.3483,    0.7964,    0.9571,    0.8760,    0.9569,    1.2107,    1.6532,    1.9705,    2.2728,    2.8547,    3.6332,    4.0481,    4.1810,    4.2123,    4.1926,    4.1360,    4.0495,    1.3945,    1.3790,    1.3622,    1.3451,    1.3279,    1.3100,    1.3042,    1.2844,    1.2694,    1.2692,    1.2555,    1.2666,    0.9708,    0.9645,    0.9572,    0.9473,    0.9379,    0.9287,    0.9178,    0.9075,    0.8967,    0.8846,    0.8696,    0.8505,    0.8602,    0.8176,    0.8292,    0.7476,    0.7349,    0.7185,    0.6875,    0.6181,    0.5903,    0.5494,    0.5185,    0.5008,    1.3078,    1.2333,    1.1606,    1.1092,    1.0574,    1.0077,    0.9518,    0.9051,    0.8653,    0.8602,    0.8590,    0.8794,    1.3873,    1.3540,    1.2966,    1.2051,    1.0849,    0.9616,    0.8289,    0.7006,    0.5795,    0.4749,    0.4046,    0.3421,    0.7808,    0.5274,    0.4319,    0.3779,    0.2853,    0.1706,    0.0927,    0.0574,    0.0396,    0.0313,    0.0262,    0.0184,    0.0053,    0.0000,    0.0247,    0.0433,    0.0479,    0.0427,    0.0469,    0.0513,    0.0452,    0.0637,    0.0586,    0.0668,    0.0762,    0.0651,    0.1021,    0.1223,    0.1068,    0.0741,    0.0095,    0.0218,    0.1079,    0.1315,    0.2170,    0.2325,    0.2935,    0.3192,    0.3325,    0.3553,    0.3658,    0.3761,    0.3520,    0.3215,    0.2819,    0.3333,    0.4580,    0.4600,    0.7969,    0.8589,    0.8858,    0.8943,    0.8898,    0.9979,    0.9705,    1.0442,    0.9696,    1.1070,    1.0566,    1.1344,    2.4751,    2.4310,    2.5403,    2.5934,    2.6238,    2.5418,    2.6423,    2.7157,    2.7508,    2.5359,    2.4814,    2.5594,    6.3972,    5.9973,    5.8449,    5.5992,    5.1156,    4.7142,    4.0533,    3.6540,    3.4449,    2.9680,    2.2458,    2.0551,    1.5600,    1.4110,    1.0605,    0.9984,    0.6642,    0.4765,    0.3810,    0.1514,    0.1322,    0.0931,    0.0320,    0.0258
    2,    0.4000,  227.5722,    0.1806,   78.2275,  121.5947,   43.8653,   34.5468,  158.4330,  163.5827,  163.6723,  163.8293,  164.1029,  164.5732,  165.3648,  166.6602,  168.4872,  170.9519,  174.2721,  178.5564,  183.8814,  190.3071,  197.9049,  205.8548,  212.8059,  218.1105,  222.1140,  224.8330,  226.3589,  227.0949,  227.3721,  227.5098,  227.5598,    0.0688,    0.2609,    0.5515,    0.9122,    1.3181,    1.7483,    2.1845,    2.5686,    2.8614,    3.1853,    3.5148,    3.7183,    3.2095,    3.1437,    3.0450,    2.8667,    2.5904,    2.2754,    2.0022,    1.7904,    1.6236,    1.4951,    1.3991,    1.3330,    0.4558,    0.4520,    0.4495,    0.4484,    0.4486,    0.4499,    0.4503,    0.4507,    0.4544,    0.4467,    0.4535,    0.4391,    0.3211,    0.2975,    0.2673,    0.2610,    0.2470,    0.2160,    0.2407,    0.2407,    0.2502,    0.2675,    0.2916,    0.3113,    0.3468,    0.3543,    0.3269,    0.3591,    0.3588,    0.3585,    0.3585,    0.3692,    0.3660,    0.3679,    0.3685,    0.3664,    0.9935,    0.9606,    0.9238,    0.8804,    0.8381,    0.7970,    0.7590,    0.7152,    0.6690,    0.6045,    0.5408,    0.4645,    0.6225,    0.4964,    0.3988,    0.3368,    0.3077,    0.2897,    0.2900,    0.2957,    0.3051,    0.3120,    0.3021,    0.2907,    0.7510,    0.5653,    0.3406,    0.1673,    0.0950,    0.0893,    0.0873,    0.0674,    0.0460,    0.0267,    0.0122,    0.0068,    0.0841,    0.0470,    0.0736,    0.0851,    0.0955,    0.0887,    0.0974,    0.1095,    0.0965,    0.1327,    0.1170,    0.1278,    0.1406,    0.1144,    0.1664,    0.1847,    0.1518,    0.1739,    0.1977,    0.2140,    0.2215,    0.1512,    0.2426,    0.2569,    0.3165,    0.3388,    0.3501,    0.3717,    0.3811,    0.3986,    0.4027,    0.4517,    0.4865,    0.4678,    0.4921,    0.5021,    0.8603,    0.9419,    0.9909,    1.0247,    1.0457,    1.1350,    1.0666,    1.1369,    1.1043,    1.1646,    1.1046,    1.1837,    2.5486,    2.5100,    2.5656,    2.6037,    2.6276,    2.5217,    2.6081,    2.6741,    2.7356,    2.5505,    2.5207,    2.6236,    6.6578,    6.3789,    6.3376,    6.1716,    5.7226,    5.3978,    4.7717,    4.4184,    4.2745,    3.7676,    2.9087,    2.7144,    2.1037,    1.9450,    1.4906,    1.4300,    0.9692,    0.7068,    0.5737,    0.2314,    0.2049,    0.1462,    0.0510,    0.0417,    0.0065,    0.0243,    0.0511,    0.0841,    0.1208,    0.1592,    0.1977,    0.4532,    1.0093,    1.2080,    1.1163,    1.2176,    1.5095,    2.0122,    2.3570,    2.6707,    3.2311,    3.8707,    4.1488,    4.2329,    4.2477,    4.2217,    4.1639,    4.0799,    1.4066,    1.3920,    1.3765,    1.3605,    1.3442,    1.3273,    1.3183,    1.2995,    1.2840,    1.2794,    1.2641,    1.2684,    0.9711,    0.9646,    0.9572,    0.9473,    0.9379,    0.9287,    0.9178,    0.9075,    0.8967,    0.8847,    0.8700,    0.8519,    0.8668,    0.8324,    0.8390,    0.7746,    0.7613,    0.7455,    0.7195,    0.6640,    0.6406,    0.6060,    0.5783,    0.5612,    1.4738,    1.3942,    1.3191,    1.2615,    1.2035,    1.1471,    1.0849,    1.0311,    0.9840,    0.9696,    0.9584,    0.9658,    1.5016,    1.4414,    1.3619,    1.2590,    1.1376,    1.0162,    0.8884,    0.7638,    0.6440,    0.5370,    0.4610,    0.3933,    0.9080,    0.6171,    0.4973,    0.4203,    0.3130,    0.1924,    0.1081,    0.0675,    0.0463,    0.0358,    0.0292,    0.0205,    0.0033,    0.0000,    0.0187,    0.0325,    0.0356,    0.0315,    0.0344,    0.0375,    0.0329,    0.0467,    0.0435,    0.0502,    0.0580,    0.0503,    0.0809,    0.0998,    0.0892,    0.0632,    0.0083,    0.0192,    0.0953,    0.1168,    0.1939,    0.2091,    0.2657,    0.2905,    0.3032,    0.3246,    0.3348,    0.3448,    0.3231,    0.2957,    0.2588,    0.3049,    0.4176,    0.4181,    0.7215,    0.7742,    0.7945,    0.8008,    0.8001,    0.9005,    0.8792,    0.9497,    0.8846,    1.0131,    0.9699,    1.0443,    2.2839,    2.2479,    2.3538,    2.4071,    2.4395,    2.3670,    2.4639,    2.5342,    2.5608,    2.3545,    2.2980,    2.3650,    5.8895,    5.4919,    5.3270,    5.0827,    4.6269,    4.2394,    3.6203,    3.2420,    3.0371,    2.6020,    1.9591,    1.7842,    1.3475,    1.2123,    0.9070,    0.8501,    0.5631,    0.4025,    0.3208,    0.1271,    0.1106,    0.0777,    0.0267,    0.0215
    2,    0.5000,  227.5722,    0.1748,   74.2604,  122.4444,   48.6848,   32.6029,  158.4330,  163.5827,  163.6723,  163.8293,  164.1029,  164.5732,  165.3648,  166.6602,  168.4872,  170.9519,  174.2721,  178.5564,  183.8814,  190.3071,  197.9049,  205.8548,  212.8059,  218.1105,  222.1140,  224.8330,  226.3589,  227.0949,  227.3721,  227.5098,  227.5598,    0.0685,    0.2594,    0.5482,    0.9067,    1.3099,    1.7371,    2.1702,    2.5426,    2.8132,    3.1252,    3.4489,    3.6348,    3.1134,    3.0285,    2.9162,    2.7287,    2.4565,    2.1568,    1.9031,    1.7079,    1.5529,    1.4314,    1.3380,    1.2705,    0.4331,    0.4286,    0.4252,    0.4232,    0.4223,    0.4226,    0.4227,    0.4222,    0.4251,    0.4199,    0.4250,    0.4153,    0.3072,    0.2877,    0.2618,    0.2563,    0.2433,    0.2143,    0.2371,    0.2366,    0.2448,    0.2593,    0.2790,    0.2943,    0.3240,    0.3290,    0.3066,    0.3314,    0.3310,    0.3306,    0.3302,    0.3380,    0.3344,    0.3355,    0.3358,    0.3337,    0.9040,    0.8732,    0.8383,    0.7977,    0.7581,    0.7199,    0.6846,    0.6440,    0.6012,    0.5412,    0.4823,    0.4121,    0.5500,    0.4373,    0.3511,    0.2962,    0.2693,    0.2521,    0.2510,    0.2553,    0.2639,    0.2714,    0.2640,    0.2552,    0.6603,    0.4982,    0.2926,    0.1385,    0.0773,    0.0735,    0.0746,    0.0585,    0.0399,    0.0226,    0.0098,    0.0053,    0.0834,    0.0468,    0.0733,    0.0851,    0.0955,    0.0887,    0.0975,    0.1096,    0.0966,    0.1328,    0.1171,    0.1279,    0.1406,    0.1144,    0.1663,    0.1846,    0.1517,    0.1725,    0.1960,    0.2122,    0.2208,    0.1514,    0.2431,    0.2575,    0.3174,    0.3399,    0.3512,    0.3728,    0.3822,    0.3995,    0.4030,    0.4508,    0.4848,    0.4671,    0.4933,    0.5035,    0.8632,    0.9454,    0.9948,    1.0287,    1.0492,    1.1393,    1.0713,    1.1419,    1.1083,    1.1703,    1.1100,    1.1894,    2.5611,    2.5216,    2.5777,    2.6156,    2.6393,    2.5326,    2.6192,    2.6854,    2.7483,    2.5633,    2.5344,    2.6387,    6.6995,    6.4235,    6.3855,    6.2212,    5.7709,    5.4464,    4.8176,    4.4632,    4.3200,    3.8092,    2.9417,    2.7460,    2.1288,    1.9688,    1.5093,    1.4484,    0.9820,    0.7163,    0.5816,    0.2346,    0.2079,    0.1484,    0.0518,    0.0423,    0.0080,    0.0300,    0.0631,    0.1038,    0.1491,    0.1965,    0.2440,    0.5528,    1.2005,    1.4314,    1.3348,    1.4543,    1.7686,    2.3064,    2.6613,    2.9714,    3.4872,    4.0010,    4.2003,    4.2618,    4.2681,    4.2386,    4.1802,    4.0977,    1.4135,    1.3996,    1.3847,    1.3693,    1.3535,    1.3372,    1.3264,    1.3084,    1.2928,    1.2857,    1.2696,    1.2697,    0.9714,    0.9647,    0.9573,    0.9473,    0.9379,    0.9287,    0.9179,    0.9075,    0.8967,    0.8848,    0.8703,    0.8530,    0.8715,    0.8422,    0.8456,    0.7925,    0.7791,    0.7639,    0.7413,    0.6956,    0.6751,    0.6451,    0.6202,    0.6038,    1.5919,    1.5094,    1.4324,    1.3702,    1.3075,    1.2463,    1.1800,    1.1213,    1.0690,    1.0465,    1.0265,    1.0223,    1.5732,    1.4939,    1.4003,    1.2907,    1.1688,    1.0488,    0.9252,    0.8047,    0.6879,    0.5813,    0.5024,    0.4317,    1.0055,    0.6872,    0.5463,    0.4497,    0.3317,    0.2080,    0.1200,    0.0755,    0.0517,    0.0393,    0.0314,    0.0221,    0.0021,    0.0000,    0.0142,    0.0244,    0.0266,    0.0234,    0.0253,    0.0275,    0.0241,    0.0344,    0.0325,    0.0379,    0.0443,    0.0390,    0.0644,    0.0817,    0.0747,    0.0541,    0.0073,    0.0169,    0.0843,    0.1038,    0.1736,    0.1883,    0.2407,    0.2646,    0.2767,    0.2968,    0.3066,    0.3163,    0.2969,    0.2721,    0.2378,    0.2792,    0.3811,    0.3803,    0.6538,    0.6985,    0.7134,    0.7178,    0.7201,    0.8133,    0.7972,    0.8643,    0.8077,    0.9278,    0.8908,    0.9618,    2.1086,    2.0797,    2.1822,    2.2353,    2.2691,    2.2052,    2.2985,    2.3659,    2.3850,    2.1871,    2.1292,    2.1864,    5.4248,    5.0318,    4.8578,    4.6165,    4.1875,    3.8148,    3.2357,    2.8785,    2.6796,    2.2829,    1.7105,    1.5503,    1.1650,    1.0426,    0.7764,    0.7245,    0.4779,    0.3403,    0.2703,    0.1068,    0.0927,    0.0649,    0.0222,    0.0178
    2,    0.7500,  227.5722,    0.1645,   67.5870,  123.9718,   56.8925,   26.5212,  158.4330,  163.5827,  163.6723,  163.8293,  164.1029,  164.5732,  165.3648,  166.6602,  168.4872,  170.9519,  174.2721,  178.5564,  183.8814,  190.3071,  197.9049,  205.8548,  212.8059,  218.1105,  222.1140,  224.8330,  226.3589,  227.0949,  227.3721,  227.5098,  227.5598,    0.0675,    0.2559,    0.5406,    0.8936,    1.2906,    1.7107,    2.1363,    2.4834,    2.7093,    2.9971,    3.3074,    3.4597,    2.9232,    2.8124,    2.6844,    2.4910,    2.2329,    1.9646,    1.7474,    1.5799,    1.4442,    1.3342,    1.2449,    1.1755,    0.3985,    0.3929,    0.3882,    0.3846,    0.3820,    0.3805,    0.3797,    0.3776,    0.3790,    0.3765,    0.3786,    0.3743,    0.2817,    0.2689,    0.2505,    0.2462,    0.2352,    0.2107,    0.2293,    0.2279,    0.2333,    0.2429,    0.2552,    0.2636,    0.2848,    0.2864,    0.2714,    0.2856,    0.2848,    0.2839,    0.2829,    0.2866,    0.2825,    0.2825,    0.2821,    0.2799,    0.7567,    0.7289,    0.6972,    0.6610,    0.6262,    0.5926,    0.5618,    0.5266,    0.4897,    0.4385,    0.3888,    0.3306,    0.4401,    0.3502,    0.2822,    0.2379,    0.2143,    0.1982,    0.1943,    0.1952,    0.2006,    0.2067,    0.2018,    0.1959,    0.5062,    0.3820,    0.2145,    0.0966,    0.0528,    0.0500,    0.0532,    0.0428,    0.0291,    0.0158,    0.0063,    0.0032,    0.0820,    0.0463,    0.0727,    0.0851,    0.0955,    0.0887,    0.0975,    0.1096,    0.0967,    0.1328,    0.1171,    0.1279,    0.1407,    0.1144,    0.1663,    0.1845,    0.1516,    0.1700,    0.1925,    0.2085,    0.2195,    0.1519,    0.2441,    0.2587,    0.3193,    0.3421,    0.3534,    0.3750,    0.3842,    0.4013,    0.4037,    0.4489,    0.4813,    0.4656,    0.4958,    0.5061,    0.8688,    0.9519,    1.0020,    1.0359,    1.0555,    1.1474,    1.0800,    1.1515,    1.1158,    1.1812,    1.1205,    1.2007,    2.5858,    2.5447,    2.6019,    2.6397,    2.6629,    2.5551,    2.6420,    2.7086,    2.7741,    2.5891,    2.5617,    2.6685,    6.7809,    6.5087,    6.4756,    6.3131,    5.8594,    5.5338,    4.8986,    4.5406,    4.3969,    3.8782,    2.9958,    2.7970,    2.1688,    2.0064,    1.5385,    1.4768,    1.0015,    0.7309,    0.5937,    0.2396,    0.2125,    0.1518,    0.0530,    0.0434,    0.0116,    0.0436,    0.0918,    0.1509,    0.2168,    0.2858,    0.3548,    0.7811,    1.5982,    1.8890,    1.7992,    1.9556,    2.2784,    2.8354,    3.1752,    3.4502,    3.8385,    4.1448,    4.2607,    4.2985,    4.2947,    4.2608,    4.2015,    4.1210,    1.4227,    1.4094,    1.3954,    1.3808,    1.3657,    1.3501,    1.3374,    1.3204,    1.3046,    1.2944,    1.2776,    1.2722,    0.9720,    0.9649,    0.9573,    0.9474,    0.9379,    0.9287,    0.9179,    0.9075,    0.8967,    0.8849,    0.8709,    0.8549,    0.8786,    0.8562,    0.8551,    0.8174,    0.8043,    0.7902,    0.7726,    0.7407,    0.7243,    0.7017,    0.6815,    0.6666,    1.7683,    1.6826,    1.6028,    1.5330,    1.4632,    1.3948,    1.3233,    1.2578,    1.1976,    1.1600,    1.1242,    1.0994,    1.6675,    1.5615,    1.4499,    1.3318,    1.2093,    1.0914,    0.9738,    0.8606,    0.7512,    0.6491,    0.5679,    0.4946,    1.1687,    0.8080,    0.6261,    0.4934,    0.3586,    0.2325,    0.1405,    0.0899,    0.0614,    0.0455,    0.0351,    0.0246,    0.0007,    0.0000,    0.0072,    0.0122,    0.0130,    0.0112,    0.0120,    0.0129,    0.0112,    0.0163,    0.0158,    0.0190,    0.0229,    0.0209,    0.0368,    0.0501,    0.0483,    0.0369,    0.0053,    0.0124,    0.0624,    0.0778,    0.1321,    0.1456,    0.1888,    0.2102,    0.2209,    0.2380,    0.2470,    0.2557,    0.2410,    0.2218,    0.1931,    0.2248,    0.3042,    0.3011,    0.5129,    0.5421,    0.5470,    0.5481,    0.5555,    0.6327,    0.6262,    0.6851,    0.6452,    0.7466,    0.7220,    0.7849,    1.7307,    1.7158,    1.8095,    1.8612,    1.8971,    1.8508,    1.9356,    1.9958,    2.0001,    1.8222,    1.7628,    1.8003,    4.4264,    4.0522,    3.8667,    3.6385,    3.2712,    2.9382,    2.4507,    2.1449,    1.9658,    1.6519,    1.2227,    1.0952,    0.8128,    0.7181,    0.5286,    0.4879,    0.3185,    0.2247,    0.1771,    0.0694,    0.0598,    0.0416,    0.0142,    0.0113
    2,    1.0000,  227.5722,    0.1581,   63.3233,  124.9273,   62.1187,   20.6102,  158.4330,  163.5827,  163.6723,  163.8293,  164.1029,  164.5732,  165.3648,  166.6602,  168.4872,  170.9519,  174.2721,  178.5564,  183.8814,  190.3071,  197.9049,  205.8548,  212.8059,  218.1105,  222.1140,  224.8330,  226.3589,  227.0949,  227.3721,  227.5098,  227.5598,    0.0667,    0.2526,    0.5335,    0.8817,    1.2728,    1.6865,    2.1051,    2.4313,    2.6241,    2.8932,    3.1918,    3.3205,    2.7816,    2.6596,    2.5269,    2.3354,    2.0902,    1.8470,    1.6543,    1.5044,    1.3807,    1.2778,    1.1913,    1.1207,    0.3786,    0.3723,    0.3667,    0.3622,    0.3585,    0.3559,    0.3542,    0.3513,    0.3515,    0.3500,    0.3502,    0.3480,    0.2641,    0.2552,    0.2416,    0.2380,    0.2286,    0.2075,    0.2228,    0.2207,    0.2242,    0.2305,    0.2383,    0.2430,    0.2598,    0.2597,    0.2485,    0.2572,    0.2560,    0.2547,    0.2534,    0.2549,    0.2507,    0.2501,    0.2492,    0.2470,    0.6662,    0.6400,    0.6104,    0.5772,    0.5453,    0.5147,    0.4866,    0.4549,    0.4219,    0.3768,    0.3335,    0.2838,    0.3784,    0.3023,    0.2447,    0.2062,    0.1847,    0.1693,    0.1639,    0.1625,    0.1652,    0.1692,    0.1649,    0.1599,    0.4112,    0.3089,    0.1689,    0.0748,    0.0406,    0.0376,    0.0404,    0.0330,    0.0223,    0.0117,    0.0045,    0.0022,    0.0811,    0.0459,    0.0724,    0.0851,    0.0955,    0.0886,    0.0975,    0.1096,    0.0967,    0.1329,    0.1171,    0.1280,    0.1407,    0.1144,    0.1663,    0.1845,    0.1515,    0.1684,    0.1897,    0.2057,    0.2184,    0.1521,    0.2447,    0.2595,    0.3206,    0.3436,    0.3549,    0.3765,    0.3857,    0.4025,    0.4042,    0.4474,    0.4784,    0.4643,    0.4975,    0.5079,    0.8725,    0.9562,    1.0066,    1.0404,    1.0594,    1.1525,    1.0858,    1.1579,    1.1207,    1.1887,    1.1278,    1.2086,    2.6033,    2.5612,    2.6194,    2.6573,    2.6803,    2.5717,    2.6590,    2.7261,    2.7932,    2.6079,    2.5813,    2.6897,    6.8376,    6.5664,    6.5352,    6.3728,    5.9159,    5.5880,    4.9471,    4.5856,    4.4404,    3.9163,    3.0250,    2.8240,    2.1896,    2.0256,    1.5531,    1.4909,    1.0112,    0.7380,    0.5996,    0.2421,    0.2147,    0.1534,    0.0536,    0.0439,    0.0150,    0.0564,    0.1186,    0.1951,    0.2803,    0.3695,    0.4589,    0.9825,    1.9037,    2.2332,    2.1674,    2.3518,    2.6412,    3.1673,    3.4716,    3.7058,    3.9950,    4.2018,    4.2885,    4.3162,    4.3077,    4.2718,    4.2121,    4.1325,    1.4272,    1.4143,    1.4007,    1.3865,    1.3718,    1.3565,    1.3431,    1.3266,    1.3108,    1.2991,    1.2822,    1.2740,    0.9725,    0.9651,    0.9573,    0.9474,    0.9379,    0.9287,    0.9179,    0.9075,    0.8968,    0.8850,    0.8715,    0.8564,    0.8829,    0.8637,    0.8601,    0.8298,    0.8169,    0.8035,    0.7883,    0.7631,    0.7485,    0.7296,    0.7123,    0.6983,    1.8586,    1.7723,    1.6910,    1.6170,    1.5435,    1.4716,    1.3979,    1.3292,    1.2651,    1.2183,    1.1732,    1.1366,    1.7125,    1.5938,    1.4739,    1.3520,    1.2291,    1.1121,    0.9975,    0.8883,    0.7837,    0.6857,    0.6048,    0.5312,    1.2667,    0.8833,    0.6728,    0.5168,    0.3727,    0.2464,    0.1533,    0.0994,    0.0679,    0.0495,    0.0373,    0.0260,    0.0002,    0.0000,    0.0037,    0.0062,    0.0065,    0.0055,    0.0057,    0.0061,    0.0053,    0.0078,    0.0078,    0.0097,    0.0120,    0.0114,    0.0213,    0.0310,    0.0316,    0.0254,    0.0038,    0.0092,    0.0465,    0.0587,    0.1012,    0.1131,    0.1488,    0.1677,    0.1771,    0.1916,    0.1998,    0.2076,    0.1963,    0.1814,    0.1574,    0.1817,    0.2438,    0.2395,    0.4042,    0.4227,    0.4215,    0.4206,    0.4305,    0.4944,    0.4938,    0.5451,    0.5173,    0.6028,    0.5871,    0.6425,    1.4247,    1.4195,    1.5045,    1.5537,    1.5901,    1.5572,    1.6338,    1.6875,    1.6813,    1.5220,    1.4633,    1.4863,    3.6218,    3.2730,    3.0875,    2.8771,    2.5641,    2.2713,    1.8635,    1.6049,    1.4486,    1.2009,    0.8784,    0.7776,    0.5701,    0.4973,    0.3620,    0.3305,    0.2135,    0.1493,    0.1167,    0.0454,    0.0388,    0.0269,    0.0091,    0.0072
    2,    1.2500,  227.5722,    0.1540,   60.2975,  125.5350,   65.7592,   15.5593,  158.4330,  163.5827,  163.6723,  163.8293,  164.1029,  164.5732,  165.3648,  166.6602,  168.4872,  170.9519,  174.2721,  178.5564,  183.8814,  190.3071,  197.9049,  205.8548,  212.8059,  218.1105,  222.1140,  224.8330,  226.3589,  227.0949,  227.3721,  227.5098,  227.5598,    0.0660,    0.2497,    0.5271,    0.8707,    1.2564,    1.6641,    2.0763,    2.3850,    2.5527,    2.8070,    3.0951,    3.2070,    2.6711,    2.5442,    2.4106,    2.2228,    1.9893,    1.7658,    1.5909,    1.4535,    1.3384,    1.2405,    1.1558,    1.0843,    0.3653,    0.3586,    0.3524,    0.3473,    0.3429,    0.3394,    0.3371,    0.3335,    0.3329,    0.3318,    0.3307,    0.3294,    0.2513,    0.2447,    0.2344,    0.2312,    0.2230,    0.2047,    0.2173,    0.2147,    0.2168,    0.2207,    0.2257,    0.2281,    0.2421,    0.2411,    0.2322,    0.2377,    0.2362,    0.2345,    0.2329,    0.2333,    0.2291,    0.2280,    0.2268,    0.2245,    0.6043,    0.5793,    0.5513,    0.5203,    0.4906,    0.4621,    0.4359,    0.4066,    0.3762,    0.3357,    0.2970,    0.2534,    0.3387,    0.2717,    0.2207,    0.1862,    0.1659,    0.1510,    0.1447,    0.1420,    0.1428,    0.1451,    0.1408,    0.1361,    0.3479,    0.2595,    0.1397,    0.0617,    0.0334,    0.0302,    0.0322,    0.0264,    0.0177,    0.0091,    0.0034,    0.0017,    0.0805,    0.0455,    0.0721,    0.0851,    0.0955,    0.0886,    0.0975,    0.1096,    0.0967,    0.1329,    0.1171,    0.1280,    0.1407,    0.1144,    0.1663,    0.1844,    0.1515,    0.1671,    0.1874,    0.2033,    0.2175,    0.1523,    0.2452,    0.2601,    0.3214,    0.3447,    0.3560,    0.3776,    0.3867,    0.4034,    0.4045,    0.4462,    0.4761,    0.4632,    0.4987,    0.5092,    0.8750,    0.9589,    1.0095,    1.0431,    1.0617,    1.1557,    1.0895,    1.1622,    1.1238,    1.1939,    1.1329,    1.2142,    2.6157,    2.5729,    2.6322,    2.6701,    2.6931,    2.5841,    2.6717,    2.7392,    2.8073,    2.6216,    2.5954,    2.7047,    6.8770,    6.6056,    6.5746,    6.4115,    5.9519,    5.6217,    4.9764,    4.6119,    4.4651,    3.9375,    3.0410,    2.8385,    2.2006,    2.0356,    1.5607,    1.4982,    1.0161,    0.7417,    0.6027,    0.2434,    0.2159,    0.1543,    0.0539,    0.0442,    0.0181,    0.0684,    0.1438,    0.2366,    0.3399,    0.4482,    0.5565,    1.1604,    2.1392,    2.4931,    2.4603,    2.6664,    2.9020,    3.3799,    3.6484,    3.8496,    4.0740,    4.2325,    4.3048,    4.3267,    4.3154,    4.2783,    4.2185,    4.1394,    1.4298,    1.4172,    1.4038,    1.3899,    1.3754,    1.3604,    1.3466,    1.3304,    1.3147,    1.3021,    1.2852,    1.2753,    0.9729,    0.9652,    0.9574,    0.9474,    0.9380,    0.9287,    0.9179,    0.9076,    0.8968,    0.8852,    0.8719,    0.8574,    0.8858,    0.8683,    0.8633,    0.8371,    0.8245,    0.8114,    0.7974,    0.7758,    0.7621,    0.7454,    0.7296,    0.7163,    1.9103,    1.8239,    1.7418,    1.6654,    1.5899,    1.5160,    1.4413,    1.3709,    1.3046,    1.2521,    1.2014,    1.1580,    1.7386,    1.6128,    1.4882,    1.3639,    1.2409,    1.1244,    1.0115,    0.9046,    0.8030,    0.7080,    0.6277,    0.5544,    1.3303,    0.9336,    0.7028,    0.5312,    0.3813,    0.2551,    0.1620,    0.1061,    0.0724,    0.0523,    0.0388,    0.0269,    0.0001,    0.0000,    0.0019,    0.0031,    0.0032,    0.0027,    0.0028,    0.0029,    0.0025,    0.0038,    0.0039,    0.0049,    0.0063,    0.0062,    0.0124,    0.0193,    0.0208,    0.0176,    0.0028,    0.0068,    0.0349,    0.0445,    0.0778,    0.0882,    0.1177,    0.1343,    0.1425,    0.1548,    0.1621,    0.1690,    0.1604,    0.1488,    0.1286,    0.1473,    0.1961,    0.1911,    0.3196,    0.3309,    0.3261,    0.3241,    0.3349,    0.3877,    0.3908,    0.4351,    0.4161,    0.4882,    0.4787,    0.5273,    1.1757,    1.1773,    1.2538,    1.3000,    1.3357,    1.3129,    1.3820,    1.4298,    1.4164,    1.2740,    1.2174,    1.2300,    2.9708,    2.6507,    2.4723,    2.2818,    2.0161,    1.7615,    1.4220,    1.2055,    1.0718,    0.8767,    0.6338,    0.5547,    0.4018,    0.3461,    0.2491,    0.2251,    0.1439,    0.0997,    0.0774,    0.0299,    0.0254,    0.0174,    0.0059,    0.0046
    2,    1.5000,  227.5722,    0.1514,   58.0063,  125.9268,   68.4492,   11.4292,  158.4330,  163.5827,  163.6723,  163.8293,  164.1029,  164.5732,  165.3648,  166.6602,  168.4872,  170.9519,  174.2721,  178.5564,  183.8814,  190.3071,  197.9049,  205.8548,  212.8059,  218.1105,  222.1140,  224.8330,  226.3589,  227.0949,  227.3721,  227.5098,  227.5598,    0.0653,    0.2469,    0.5212,    0.8605,    1.2413,    1.6433,    2.0495,    2.3435,    2.4918,    2.7341,    3.0129,    3.1123,    2.5818,    2.4531,    2.3204,    2.1366,    1.9133,    1.7057,    1.5443,    1.4165,    1.3078,    1.2136,    1.1303,    1.0583,    0.3558,    0.3487,    0.3422,    0.3365,    0.3315,    0.3275,    0.3246,    0.3205,    0.3193,    0.3183,    0.3163,    0.3154,    0.2414,    0.2363,    0.2283,    0.2255,    0.2183,    0.2023,    0.2125,    0.2096,    0.2105,    0.2128,    0.2158,    0.2168,    0.2289,    0.2274,    0.2199,    0.2233,    0.2215,    0.2197,    0.2178,    0.2174,    0.2132,    0.2118,    0.2104,    0.2080,    0.5592,    0.5351,    0.5083,    0.4790,    0.4509,    0.4241,    0.3993,    0.3717,    0.3433,    0.3063,    0.2711,    0.2319,    0.3107,    0.2502,    0.2040,    0.1721,    0.1528,    0.1384,    0.1314,    0.1277,    0.1273,    0.1283,    0.1240,    0.1193,    0.3031,    0.2243,    0.1197,    0.0531,    0.0288,    0.0253,    0.0267,    0.0218,    0.0146,    0.0074,    0.0027,    0.0013,    0.0800,    0.0452,    0.0719,    0.0851,    0.0955,    0.0886,    0.0975,    0.1096,    0.0967,    0.1329,    0.1171,    0.1280,    0.1407,    0.1144,    0.1663,    0.1844,    0.1514,    0.1662,    0.1855,    0.2014,    0.2166,    0.1524,    0.2454,    0.2604,    0.3220,    0.3454,    0.3567,    0.3783,    0.3875,    0.4041,    0.4046,    0.4451,    0.4742,    0.4623,    0.4995,    0.5100,    0.8767,    0.9607,    1.0113,    1.0448,    1.0631,    1.1577,    1.0919,    1.1649,    1.1259,    1.1974,    1.1364,    1.2180,    2.6244,    2.5813,    2.6414,    2.6795,    2.7024,    2.5932,    2.6812,    2.7490,    2.8177,    2.6315,    2.6055,    2.7154,    6.9045,    6.6321,    6.6008,    6.4367,    5.9749,    5.6427,    4.9940,    4.6274,    4.4793,    3.9494,    3.0498,    2.8464,    2.2065,    2.0409,    1.5647,    1.5020,    1.0188,    0.7436,    0.6043,    0.2441,    0.2166,    0.1548,    0.0541,    0.0443,    0.0211,    0.0796,    0.1675,    0.2755,    0.3959,    0.5220,    0.6483,    1.3177,    2.3214,    2.6905,    2.6942,    2.9172,    3.0912,    3.5192,    3.7580,    3.9351,    4.1193,    4.2519,    4.3154,    4.3336,    4.3206,    4.2827,    4.2227,    4.1441,    1.4316,    1.4191,    1.4059,    1.3921,    1.3778,    1.3630,    1.3490,    1.3331,    1.3173,    1.3043,    1.2874,    1.2763,    0.9732,    0.9654,    0.9574,    0.9475,    0.9380,    0.9287,    0.9179,    0.9076,    0.8969,    0.8853,    0.8723,    0.8583,    0.8879,    0.8716,    0.8656,    0.8420,    0.8295,    0.8167,    0.8033,    0.7839,    0.7708,    0.7553,    0.7405,    0.7277,    1.9428,    1.8564,    1.7739,    1.6961,    1.6193,    1.5443,    1.4690,    1.3976,    1.3299,    1.2738,    1.2196,    1.1719,    1.7557,    1.6253,    1.4976,    1.3718,    1.2487,    1.1325,    1.0208,    0.9154,    0.8158,    0.7228,    0.6430,    0.5702,    1.3741,    0.9690,    0.7234,    0.5409,    0.3871,    0.2611,    0.1683,    0.1110,    0.0759,    0.0543,    0.0398,    0.0275,    0.0000,    0.0000,    0.0010,    0.0016,    0.0016,    0.0013,    0.0013,    0.0014,    0.0012,    0.0018,    0.0019,    0.0025,    0.0033,    0.0034,    0.0072,    0.0121,    0.0137,    0.0122,    0.0020,    0.0050,    0.0262,    0.0338,    0.0600,    0.0690,    0.0934,    0.1078,    0.1149,    0.1254,    0.1319,    0.1380,    0.1315,    0.1224,    0.1054,    0.1198,    0.1581,    0.1529,    0.2536,    0.2598,    0.2531,    0.2506,    0.2613,    0.3050,    0.3102,    0.3483,    0.3355,    0.3963,    0.3913,    0.4338,    0.9725,    0.9785,    1.0471,    1.0900,    1.1243,    1.1092,    1.1712,    1.2138,    1.1955,    1.0686,    1.0150,    1.0201,    2.4423,    2.1518,    1.9847,    1.8145,    1.5896,    1.3702,    1.0885,    0.9085,    0.7958,    0.6425,    0.4591,    0.3973,    0.2844,    0.2419,    0.1722,    0.1540,    0.0975,    0.0669,    0.0515,    0.0198,    0.0167,    0.0114,    0.0038,    0.0030
    2,    1.7500,  227.5722,    0.1497,   56.1930,  126.1825,   70.5251,    8.1160,  158.4330,  163.5827,  163.6723,  163.8293,  164.1029,  164.5732,  165.3648,  166.6602,  168.4872,  170.9519,  174.2721,  178.5564,  183.8814,  190.3071,  197.9049,  205.8548,  212.8059,  218.1105,  222.1140,  224.8330,  226.3589,  227.0949,  227.3721,  227.5098,  227.5598,    0.0646,    0.2444,    0.5157,    0.8512,    1.2273,    1.6241,    2.0247,    2.3062,    2.4392,    2.6715,    2.9419,    3.0317,    2.5076,    2.3790,    2.2478,    2.0680,    1.8536,    1.6589,    1.5084,    1.3882,    1.2846,    1.1933,    1.1111,    1.0386,    0.3486,    0.3413,    0.3344,    0.3283,    0.3229,    0.3184,    0.3151,    0.3106,    0.3088,    0.3079,    0.3052,    0.3045,    0.2335,    0.2296,    0.2233,    0.2206,    0.2142,    0.2001,    0.2084,    0.2052,    0.2052,    0.2063,    0.2078,    0.2078,    0.2187,    0.2167,    0.2103,    0.2122,    0.2102,    0.2082,    0.2062,    0.2052,    0.2011,    0.1995,    0.1979,    0.1955,    0.5247,    0.5012,    0.4755,    0.4475,    0.4208,    0.3953,    0.3715,    0.3453,    0.3185,    0.2841,    0.2516,    0.2158,    0.2899,    0.2342,    0.1916,    0.1617,    0.1431,    0.1290,    0.1216,    0.1173,    0.1159,    0.1160,    0.1116,    0.1070,    0.2701,    0.1982,    0.1053,    0.0469,    0.0254,    0.0220,    0.0227,    0.0184,    0.0123,    0.0062,    0.0023,    0.0011,    0.0796,    0.0449,    0.0717,    0.0851,    0.0955,    0.0886,    0.0975,    0.1096,    0.0967,    0.1329,    0.1171,    0.1280,    0.1407,    0.1144,    0.1662,    0.1843,    0.1514,    0.1656,    0.1838,    0.1998,    0.2159,    0.1525,    0.2456,    0.2606,    0.3224,    0.3459,    0.3572,    0.3788,    0.3880,    0.4045,    0.4047,    0.4442,    0.4725,    0.4614,    0.5000,    0.5105,    0.8777,    0.9619,    1.0125,    1.0458,    1.0638,    1.1589,    1.0935,    1.1668,    1.1271,    1.1998,    1.1388,    1.2207,    2.6306,    2.5872,    2.6480,    2.6863,    2.7093,    2.6000,    2.6883,    2.7563,    2.8254,    2.6388,    2.6127,    2.7229,    6.9236,    6.6501,    6.6181,    6.4531,    5.9897,    5.6558,    5.0048,    4.6365,    4.4875,    3.9561,    3.0547,    2.8508,    2.2098,    2.0438,    1.5670,    1.5042,    1.0203,    0.7448,    0.6053,    0.2445,    0.2170,    0.1551,    0.0542,    0.0445,    0.0239,    0.0902,    0.1897,    0.3121,    0.4485,    0.5914,    0.7346,    1.4569,    2.4631,    2.8412,    2.8815,    3.1180,    3.2300,    3.6128,    3.8288,    3.9891,    4.1483,    4.2654,    4.3229,    4.3386,    4.3243,    4.2859,    4.2258,    4.1474,    1.4329,    1.4205,    1.4074,    1.3938,    1.3796,    1.3648,    1.3507,    1.3350,    1.3193,    1.3058,    1.2890,    1.2771,    0.9735,    0.9655,    0.9574,    0.9475,    0.9380,    0.9287,    0.9180,    0.9076,    0.8969,    0.8854,    0.8726,    0.8590,    0.8895,    0.8740,    0.8672,    0.8456,    0.8331,    0.8205,    0.8076,    0.7896,    0.7768,    0.7621,    0.7480,    0.7354,    1.9649,    1.8786,    1.7958,    1.7171,    1.6395,    1.5637,    1.4881,    1.4160,    1.3474,    1.2888,    1.2323,    1.1817,    1.7677,    1.6342,    1.5043,    1.3775,    1.2543,    1.1383,    1.0273,    0.9230,    0.8248,    0.7333,    0.6540,    0.5815,    1.4058,    0.9950,    0.7383,    0.5478,    0.3913,    0.2654,    0.1729,    0.1148,    0.0785,    0.0559,    0.0405,    0.0280,    0.0000,    0.0000,    0.0005,    0.0008,    0.0008,    0.0006,    0.0006,    0.0007,    0.0006,    0.0009,    0.0010,    0.0013,    0.0018,    0.0019,    0.0042,    0.0076,    0.0091,    0.0085,    0.0015,    0.0038,    0.0197,    0.0258,    0.0464,    0.0542,    0.0743,    0.0868,    0.0929,    0.1018,    0.1075,    0.1129,    0.1080,    0.1009,    0.0866,    0.0976,    0.1278,    0.1227,    0.2016,    0.2045,    0.1970,    0.1942,    0.2045,    0.2405,    0.2468,    0.2795,    0.2712,    0.3225,    0.3205,    0.3576,    0.8059,    0.8148,    0.8761,    0.9155,    0.9479,    0.9386,    0.9942,    1.0320,    1.0108,    0.8979,    0.8477,    0.8475,    2.0118,    1.7505,    1.5968,    1.4462,    1.2563,    1.0685,    0.8356,    0.6867,    0.5927,    0.4723,    0.3336,    0.2855,    0.2020,    0.1697,    0.1195,    0.1057,    0.0663,    0.0451,    0.0345,    0.0131,    0.0110,    0.0075,    0.0025,    0.0019
    2,    2.0000,  227.5722,    0.1485,   54.7112,  126.3510,   72.1823,    5.4837,  158.4330,  163.5827,  163.6723,  163.8293,  164.1029,  164.5732,  165.3648,  166.6602,  168.4872,  170.9519,  174.2721,  178.5564,  183.8814,  190.3071,  197.9049,  205.8548,  212.8059,  218.1105,  222.1140,  224.8330,  226.3589,  227.0949,  227.3721,  227.5098,  227.5598,    0.0640,    0.2421,    0.5106,    0.8425,    1.2143,    1.6062,    2.0016,    2.2724,    2.3933,    2.6172,    2.8798,    2.9620,    2.4447,    2.3172,    2.1880,    2.0118,    1.8051,    1.6212,    1.4797,    1.3657,    1.2663,    1.1773,    1.0960,    1.0231,    0.3430,    0.3354,    0.3282,    0.3219,    0.3161,    0.3112,    0.3075,    0.3028,    0.3005,    0.2995,    0.2964,    0.2957,    0.2270,    0.2239,    0.2189,    0.2164,    0.2106,    0.1981,    0.2048,    0.2014,    0.2007,    0.2008,    0.2013,    0.2005,    0.2104,    0.2081,    0.2024,    0.2033,    0.2011,    0.1990,    0.1968,    0.1955,    0.1914,    0.1897,    0.1879,    0.1855,    0.4973,    0.4744,    0.4495,    0.4227,    0.3971,    0.3726,    0.3497,    0.3246,    0.2990,    0.2668,    0.2364,    0.2032,    0.2736,    0.2218,    0.1819,    0.1537,    0.1356,    0.1218,    0.1141,    0.1093,    0.1072,    0.1066,    0.1021,    0.0975,    0.2447,    0.1782,    0.0945,    0.0424,    0.0230,    0.0195,    0.0198,    0.0160,    0.0106,    0.0053,    0.0020,    0.0010,    0.0793,    0.0446,    0.0716,    0.0850,    0.0955,    0.0886,    0.0975,    0.1095,    0.0967,    0.1329,    0.1171,    0.1280,    0.1407,    0.1144,    0.1662,    0.1843,    0.1514,    0.1650,    0.1824,    0.1984,    0.2153,    0.1525,    0.2457,    0.2608,    0.3226,    0.3462,    0.3575,    0.3792,    0.3883,    0.4048,    0.4047,    0.4434,    0.4711,    0.4607,    0.5003,    0.5108,    0.8784,    0.9626,    1.0132,    1.0463,    1.0642,    1.1596,    1.0945,    1.1679,    1.1279,    1.2014,    1.1405,    1.2226,    2.6350,    2.5914,    2.6528,    2.6912,    2.7143,    2.6050,    2.6935,    2.7618,    2.8311,    2.6440,    2.6179,    2.7283,    6.9369,    6.6623,    6.6297,    6.4638,    5.9992,    5.6641,    5.0114,    4.6420,    4.4923,    3.9600,    3.0576,    2.8533,    2.2117,    2.0455,    1.5683,    1.5055,    1.0212,    0.7455,    0.6059,    0.2448,    0.2173,    0.1554,    0.0543,    0.0445,    0.0265,    0.1001,    0.2106,    0.3465,    0.4979,    0.6566,    0.8156,    1.5801,    2.5737,    2.9569,    3.0322,    3.2793,    3.3328,    3.6774,    3.8764,    4.0254,    4.1685,    4.2753,    4.3285,    4.3423,    4.3271,    4.2883,    4.2281,    4.1499,    1.4339,    1.4215,    1.4086,    1.3950,    1.3809,    1.3663,    1.3520,    1.3365,    1.3208,    1.3071,    1.2903,    1.2778,    0.9738,    0.9657,    0.9575,    0.9475,    0.9380,    0.9287,    0.9180,    0.9076,    0.8970,    0.8855,    0.8729,    0.8596,    0.8908,    0.8759,    0.8686,    0.8483,    0.8359,    0.8234,    0.8107,    0.7938,    0.7812,    0.7671,    0.7534,    0.7409,    1.9809,    1.8947,    1.8117,    1.7323,    1.6542,    1.5779,    1.5020,    1.4294,    1.3602,    1.2999,    1.2416,    1.1889,    1.7767,    1.6408,    1.5093,    1.3817,    1.2584,    1.1426,    1.0322,    0.9287,    0.8315,    0.7411,    0.6621,    0.5900,    1.4296,    1.0148,    0.7496,    0.5530,    0.3944,    0.2687,    0.1766,    0.1178,    0.0805,    0.0571,    0.0411,    0.0283,    0.0000,    0.0000,    0.0003,    0.0004,    0.0004,    0.0003,    0.0003,    0.0003,    0.0003,    0.0004,    0.0005,    0.0007,    0.0009,    0.0010,    0.0025,    0.0048,    0.0060,    0.0059,    0.0011,    0.0028,    0.0149,    0.0197,    0.0360,    0.0426,    0.0592,    0.0700,    0.0753,    0.0828,    0.0878,    0.0926,    0.0888,    0.0833,    0.0712,    0.0797,    0.1035,    0.0986,    0.1607,    0.1613,    0.1536,    0.1509,    0.1603,    0.1901,    0.1967,    0.2247,    0.2196,    0.2629,    0.2630,    0.2953,    0.6690,    0.6797,    0.7342,    0.7702,    0.8005,    0.7955,    0.8452,    0.8788,    0.8559,    0.7557,    0.7092,    0.7054,    1.6601,    1.4267,    1.2872,    1.1551,    0.9950,    0.8352,    0.6429,    0.5204,    0.4426,    0.3482,    0.2432,    0.2058,    0.1439,    0.1194,    0.0832,    0.0729,    0.0452,    0.0305,    0.0231,    0.0087,    0.0073,    0.0049,    0.0016,    0.0013
