Particle       ,data/QEXT_96IR_84_VIS_SiO2_0p5um_poro_90pct
Ncase          ,  14
dt (sols)      ,  0.020833
Qext 0.67um    ,  0.095000
Alb sfc        ,  0.220000
Conrath nu     ,  0.002000
Sun Flux (W/m2),148.389262
BWN IR (cm-1)  ,     10.0000,     34.1670,     58.3330,     82.5000,    106.6670,    130.8330,    155.0000,    179.1670,    203.3330,    227.5000,    251.6670,    275.8330,    300.0000,    320.7880,    341.5750,    362.3630,    383.1500,    403.9380,    424.7250,    445.5130,    466.3010,    487.0880,    507.8760,    528.6630,    549.4510,    556.7420,    564.0330,    571.3240,    578.6150,    585.9060,    593.1970,    600.4880,    607.7790,    615.0700,    622.3610,    629.6520,    636.9430,    642.5500,    648.1570,    653.7640,    659.3700,    664.9770,    670.5840,    676.1910,    681.7980,    687.4050,    693.0110,    698.6180,    704.2250,    710.1390,    716.0530,    721.9670,    727.8810,    733.7950,    739.7090,    745.6240,    751.5380,    757.4520,    763.3660,    769.2800,    775.1940,    791.5010,    807.8070,    824.1140,    840.4210,    856.7270,    873.0340,    889.3410,    905.6470,    921.9540,    938.2610,    954.5670,    970.8740,    996.8050,   1022.7370,   1048.6680,   1074.6000,   1100.5310,   1126.4630,   1152.3940,   1178.3250,   1204.2570,   1230.1880,   1256.1200,   1282.0510,   1360.3990,   1438.7460,   1517.0940,   1595.4410,   1673.7890,   1752.1370,   1830.4840,   1908.8320,   1987.1790,   2065.5270,   2143.8740,   2222.2220
BWN VIS (cm-1) ,   2222.2200,   2294.3160,   2366.4120,   2438.5080,   2510.6030,   2582.6990,   2654.7950,   2726.8910,   2798.9870,   2871.0820,   2943.1780,   3015.2740,   3087.3700,   3165.9750,   3244.5800,   3323.1850,   3401.7900,   3480.3950,   3559.0000,   3637.6050,   3716.2100,   3794.8150,   3873.4200,   3952.0250,   4030.6300,   4142.2920,   4253.9530,   4365.6150,   4477.2770,   4588.9380,   4700.6000,   4812.2620,   4923.9230,   5035.5850,   5147.2470,   5258.9080,   5370.5700,   5560.6150,   5750.6600,   5940.7050,   6130.7500,   6320.7950,   6510.8400,   6700.8850,   6890.9300,   7080.9750,   7271.0200,   7461.0650,   7651.1100,   8055.1840,   8459.2580,   8863.3330,   9267.4070,   9671.4810,  10075.5550,  10479.6290,  10883.7030,  11287.7780,  11691.8520,  12095.9260,  12500.0000,  13541.6670,  14583.3330,  15625.0000,  16666.6670,  17708.3330,  18750.0000,  19791.6670,  20833.3330,  21875.0000,  22916.6670,  23958.3330,  25000.0000,  26388.8890,  27777.7780,  29166.6670,  30555.5570,  31944.4460,  33333.3350,  34722.2240,  36111.1130,  37500.0030,  38888.8920,  40277.7810,  41666.6700
================
wavelenght [um],    0.244068,    0.252632,    0.261818,    0.271698,    0.282353,    0.293878,    0.306383,    0.320000,    0.334884,    0.351220,    0.369231,    0.389189,    0.408511,    0.426667,    0.446512,    0.468293,    0.492308,    0.518919,    0.548571,    0.581818,    0.619355,    0.662069,    0.711111,    0.768000,    0.813143,    0.840768,    0.870336,    0.902060,    0.936184,    0.972991,    1.012810,    1.056028,    1.103099,    1.154562,    1.211061,    1.273375,    1.323436,    1.357581,    1.393534,    1.431444,    1.471474,    1.513807,    1.558648,    1.606226,    1.656801,    1.710664,    1.768147,    1.829628,    1.881560,    1.921939,    1.964090,    2.008131,    2.054193,    2.102417,    2.152960,    2.205992,    2.261704,    2.320302,    2.382017,    2.447105,    2.505432,    2.555765,    2.608162,    2.662752,    2.719677,    2.779088,    2.841153,    2.906054,    2.973989,    3.045176,    3.119855,    3.198288,    3.277268,    3.356577,    3.439819,    3.527294,    3.619334,    3.716307,    3.818620,    3.926726,    4.041130,    4.162400,    4.291175,    4.428172,    4.580751,    4.751270,    4.934974,    5.133456,    5.348572,    5.582505,    5.837838,    6.117648,    6.425631,    6.766266,    7.145039,    7.568734,    7.879690,    8.044056,    8.215425,    8.394255,    8.581043,    8.776330,    8.980716,    9.194848,    9.419442,    9.655282,    9.903235,   10.164260,   10.387231,   10.566200,   10.751445,   10.943308,   11.142136,   11.348323,   11.562291,   11.784476,   12.015368,   12.255495,   12.505409,   12.765727,   12.949392,   13.049328,   13.150818,   13.253898,   13.358608,   13.464994,   13.573088,   13.682923,   13.794549,   13.908012,   14.023357,   14.140631,   14.256763,   14.371646,   14.488386,   14.607038,   14.727660,   14.850291,   14.974981,   15.101782,   15.230738,   15.361915,   15.495384,   15.631191,   15.790367,   15.974275,   16.162517,   16.355249,   16.552633,   16.754839,   16.962047,   17.174443,   17.392227,   17.615605,   17.844795,   18.080028,   18.550914,   19.294981,   20.101230,   20.977796,   21.934298,   22.982219,   24.135264,   25.410119,   26.827165,   28.411593,   30.194923,   32.217118,   34.732292,   37.914692,   41.739101,   46.421699,   52.287582,   59.850314,   69.970927,   84.210526,  105.726686,  142.012170,  216.216216,  452.826771
Qext           ,      0.8950,      0.8170,      0.7480,      0.6860,      0.6320,      0.5850,      0.5230,      0.4690,      0.4240,      0.3850,      0.3510,      0.3040,      0.2720,      0.2520,      0.2280,      0.2020,      0.1810,      0.1620,      0.1440,      0.1280,      0.1110,      0.0950,      0.0820,      0.0680,      0.0600,      0.0560,      0.0520,      0.0480,      0.0440,      0.0400,      0.0360,      0.0330,      0.0300,      0.0270,      0.0230,      0.0210,      0.0190,      0.0180,      0.0170,      0.0150,      0.0140,      0.0140,      0.0130,      0.0120,      0.0110,      0.0100,      0.0090,      0.0090,      0.0080,      0.0080,      0.0070,      0.0070,      0.0060,      0.0060,      0.0060,      0.0050,      0.0050,      0.0050,      0.0040,      0.0040,      0.0040,      0.0030,      0.0030,      0.0030,      0.0030,      0.0030,      0.0020,      0.0020,      0.0020,      0.0020,      0.0020,      0.0020,      0.0010,      0.0010,      0.0010,      0.0010,      0.0010,      0.0010,      0.0010,      0.0010,      0.0010,      0.0010,      0.0000,      0.0000,      0.0000,      0.0000,      0.0000,      0.0000,      0.0000,      0.0000,      0.0010,      0.0010,      0.0010,      0.0010,      0.0020,      0.0030,      0.0100,      0.0320,      0.0540,      0.0500,      0.0450,      0.0380,      0.0640,      0.1480,      0.2160,      0.1840,      0.1010,      0.0380,      0.0140,      0.0070,      0.0050,      0.0040,      0.0050,      0.0060,      0.0090,      0.0140,      0.0200,      0.0240,      0.0220,      0.0160,      0.0120,      0.0100,      0.0090,      0.0080,      0.0070,      0.0070,      0.0070,      0.0070,      0.0070,      0.0070,      0.0070,      0.0070,      0.0070,      0.0070,      0.0070,      0.0070,      0.0070,      0.0070,      0.0070,      0.0070,      0.0070,      0.0070,      0.0080,      0.0080,      0.0080,      0.0080,      0.0080,      0.0080,      0.0080,      0.0080,      0.0080,      0.0090,      0.0090,      0.0090,      0.0090,      0.0090,      0.0100,      0.0120,      0.0180,      0.0320,      0.0630,      0.0610,      0.0310,      0.0120,      0.0010,      0.0000,      0.0000,      0.0000,      0.0040,      0.0360,      0.0980,      0.1610,      0.1610,      0.1410,      0.1410,      0.1410,      0.1410,      0.1410,      0.1410,      0.1410
Qscat          ,      0.8940,      0.8160,      0.7470,      0.6860,      0.6320,      0.5840,      0.5220,      0.4690,      0.4240,      0.3850,      0.3510,      0.3040,      0.2720,      0.2520,      0.2280,      0.2020,      0.1810,      0.1620,      0.1440,      0.1280,      0.1110,      0.0950,      0.0820,      0.0680,      0.0600,      0.0560,      0.0520,      0.0480,      0.0440,      0.0400,      0.0360,      0.0330,      0.0300,      0.0270,      0.0230,      0.0210,      0.0190,      0.0180,      0.0170,      0.0150,      0.0140,      0.0140,      0.0130,      0.0120,      0.0110,      0.0100,      0.0090,      0.0090,      0.0080,      0.0080,      0.0070,      0.0070,      0.0060,      0.0060,      0.0060,      0.0050,      0.0050,      0.0050,      0.0040,      0.0040,      0.0040,      0.0030,      0.0030,      0.0030,      0.0030,      0.0030,      0.0020,      0.0020,      0.0020,      0.0020,      0.0020,      0.0020,      0.0010,      0.0010,      0.0010,      0.0010,      0.0010,      0.0010,      0.0010,      0.0010,      0.0000,      0.0000,      0.0000,      0.0000,      0.0000,      0.0000,      0.0000,      0.0000,      0.0000,      0.0000,      0.0000,      0.0000,      0.0000,      0.0000,      0.0000,      0.0000,      0.0000,      0.0000,      0.0000,      0.0000,      0.0000,      0.0000,      0.0000,      0.0010,      0.0010,      0.0010,      0.0010,      0.0000,      0.0000,      0.0000,      0.0000,      0.0000,      0.0000,      0.0000,      0.0000,      0.0000,      0.0000,      0.0000,      0.0000,      0.0000,      0.0000,      0.0000,      0.0000,      0.0000,      0.0000,      0.0000,      0.0000,      0.0000,      0.0000,      0.0000,      0.0000,      0.0000,      0.0000,      0.0000,      0.0000,      0.0000,      0.0000,      0.0000,      0.0000,      0.0000,      0.0000,      0.0000,      0.0000,      0.0000,      0.0000,      0.0000,      0.0000,      0.0000,      0.0000,      0.0000,      0.0000,      0.0000,      0.0000,      0.0000,      0.0000,      0.0000,      0.0000,      0.0000,      0.0000,      0.0000,      0.0000,      0.0000,      0.0000,      0.0000,      0.0000,      0.0000,      0.0000,      0.0000,      0.0000,      0.0000,      0.0000,      0.0000,      0.0000,      0.0000,      0.0000,      0.0000,      0.0000,      0.0000,      0.0000,      0.0000
G factor       ,    0.9790,    0.9780,    0.9770,    0.9760,    0.9740,    0.9730,    0.9710,    0.9690,    0.9660,    0.9640,    0.9620,    0.9570,    0.9530,    0.9510,    0.9480,    0.9430,    0.9370,    0.9330,    0.9280,    0.9220,    0.9110,    0.8990,    0.8900,    0.8780,    0.8670,    0.8590,    0.8480,    0.8370,    0.8240,    0.8110,    0.8000,    0.7900,    0.7810,    0.7710,    0.7590,    0.7440,    0.7290,    0.7170,    0.7040,    0.6870,    0.6690,    0.6500,    0.6270,    0.6020,    0.5760,    0.5510,    0.5240,    0.4930,    0.4680,    0.4500,    0.4330,    0.4150,    0.3980,    0.3820,    0.3650,    0.3470,    0.3290,    0.3120,    0.2970,    0.2810,    0.2670,    0.2570,    0.2470,    0.2370,    0.2270,    0.2180,    0.2080,    0.1980,    0.1890,    0.1800,    0.1710,    0.1630,    0.1550,    0.1470,    0.1400,    0.1330,    0.1260,    0.1190,    0.1130,    0.1060,    0.1000,    0.0940,    0.0890,    0.0830,    0.0780,    0.0720,    0.0670,    0.0620,    0.0570,    0.0520,    0.0470,    0.0430,    0.0390,    0.0350,    0.0310,    0.0280,    0.0250,    0.0240,    0.0230,    0.0220,    0.0210,    0.0200,    0.0190,    0.0180,    0.0180,    0.0180,    0.0170,    0.0160,    0.0150,    0.0150,    0.0140,    0.0140,    0.0130,    0.0130,    0.0120,    0.0120,    0.0110,    0.0110,    0.0100,    0.0100,    0.0100,    0.0100,    0.0090,    0.0090,    0.0090,    0.0090,    0.0090,    0.0090,    0.0080,    0.0080,    0.0080,    0.0080,    0.0080,    0.0080,    0.0080,    0.0080,    0.0070,    0.0070,    0.0070,    0.0070,    0.0070,    0.0070,    0.0070,    0.0070,    0.0060,    0.0060,    0.0060,    0.0060,    0.0060,    0.0060,    0.0060,    0.0050,    0.0050,    0.0050,    0.0050,    0.0050,    0.0050,    0.0040,    0.0040,    0.0040,    0.0030,    0.0030,    0.0030,    0.0030,    0.0020,    0.0020,    0.0020,    0.0010,    0.0010,    0.0010,    0.0010,    0.0010,    0.0000,    0.0000,    0.0000,    0.0000,    0.0000,    0.0000,    0.0000,    0.0000
================
P [mbar]       ,    0.1004,    0.1015,    0.1034,    0.1069,    0.1130,    0.1239,    0.1432,    0.1740,    0.2226,    0.3028,    0.4349,    0.6529,    1.0121,    1.6044,    2.4646,    3.4606,    4.3994,    5.2226,    5.8426,    6.2132,    6.3980,    6.4686,    6.5039,    6.5168
Temp initial[K],  163.5827,  163.6723,  163.8293,  164.1029,  164.5732,  165.3648,  166.6602,  168.4872,  170.9519,  174.2721,  178.5564,  183.8814,  190.3071,  197.9049,  205.8548,  212.8059,  218.1105,  222.1140,  224.8330,  226.3589,  227.0949,  227.3721,  227.5098,  227.5598
================
it   ,   tau    ,  Tsfc    ,   alb    ,   OLR    ,    ASR   ,  NET top ,  NET bot , T lev  01, T lev  02, T lev  03, T lev  04, T lev  05, T lev  06, T lev  07, T lev  08, T lev  09, T lev  10, T lev  11, T lev  12, T lev  13, T lev  14, T lev  15, T lev  16, T lev  17, T lev  18, T lev  19, T lev  20, T lev  21, T lev  22, T lev  23, T lev  24, T lev  25,  OLR IR01,  OLR IR02,  OLR IR03,  OLR IR04,  OLR IR05,  OLR IR06,  OLR IR07,  OLR IR08,  OLR IR09,  OLR IR10,  OLR IR11,  OLR IR12,  OLR IR13,  OLR IR14,  OLR IR15,  OLR IR16,  OLR IR17,  OLR IR18,  OLR IR19,  OLR IR20,  OLR IR21,  OLR IR22,  OLR IR23,  OLR IR24,  OLR IR25,  OLR IR26,  OLR IR27,  OLR IR28,  OLR IR29,  OLR IR30,  OLR IR31,  OLR IR32,  OLR IR33,  OLR IR34,  OLR IR35,  OLR IR36,  OLR IR37,  OLR IR38,  OLR IR39,  OLR IR40,  OLR IR41,  OLR IR42,  OLR IR43,  OLR IR44,  OLR IR45,  OLR IR46,  OLR IR47,  OLR IR48,  OLR IR49,  OLR IR50,  OLR IR51,  OLR IR52,  OLR IR53,  OLR IR54,  OLR IR55,  OLR IR56,  OLR IR57,  OLR IR58,  OLR IR59,  OLR IR60,  OLR IR61,  OLR IR62,  OLR IR63,  OLR IR64,  OLR IR65,  OLR IR66,  OLR IR67,  OLR IR68,  OLR IR69,  OLR IR70,  OLR IR71,  OLR IR72,  OLR IR73,  OLR IR74,  OLR IR75,  OLR IR76,  OLR IR77,  OLR IR78,  OLR IR79,  OLR IR80,  OLR IR81,  OLR IR82,  OLR IR83,  OLR IR84,  OLR IR85,  OLR IR86,  OLR IR87,  OLR IR88,  OLR IR89,  OLR IR90,  OLR IR91,  OLR IR92,  OLR IR93,  OLR IR94,  OLR IR95,  OLR IR96, ASR VIS01, ASR VIS02, ASR VIS03, ASR VIS04, ASR VIS05, ASR VIS06, ASR VIS07, ASR VIS08, ASR VIS09, ASR VIS10, ASR VIS11, ASR VIS12, ASR VIS13, ASR VIS14, ASR VIS15, ASR VIS16, ASR VIS17, ASR VIS18, ASR VIS19, ASR VIS20, ASR VIS21, ASR VIS22, ASR VIS23, ASR VIS24, ASR VIS25, ASR VIS26, ASR VIS27, ASR VIS28, ASR VIS29, ASR VIS30, ASR VIS31, ASR VIS32, ASR VIS33, ASR VIS34, ASR VIS35, ASR VIS36, ASR VIS37, ASR VIS38, ASR VIS39, ASR VIS40, ASR VIS41, ASR VIS42, ASR VIS43, ASR VIS44, ASR VIS45, ASR VIS46, ASR VIS47, ASR VIS48, ASR VIS49, ASR VIS50, ASR VIS51, ASR VIS52, ASR VIS53, ASR VIS54, ASR VIS55, ASR VIS56, ASR VIS57, ASR VIS58, ASR VIS59, ASR VIS60, ASR VIS61, ASR VIS62, ASR VIS63, ASR VIS64, ASR VIS65, ASR VIS66, ASR VIS67, ASR VIS68, ASR VIS69, ASR VIS70, ASR VIS71, ASR VIS72, ASR VIS73, ASR VIS74, ASR VIS75, ASR VIS76, ASR VIS77, ASR VIS78, ASR VIS79, ASR VIS80, ASR VIS81, ASR VIS82, ASR VIS83, ASR VIS84, SFC DIR01, SFC DIR02, SFC DIR03, SFC DIR04, SFC DIR05, SFC DIR06, SFC DIR07, SFC DIR08, SFC DIR09, SFC DIR10, SFC DIR11, SFC DIR12, SFC DIR13, SFC DIR14, SFC DIR15, SFC DIR16, SFC DIR17, SFC DIR18, SFC DIR19, SFC DIR20, SFC DIR21, SFC DIR22, SFC DIR23, SFC DIR24, SFC DIR25, SFC DIR26, SFC DIR27, SFC DIR28, SFC DIR29, SFC DIR30, SFC DIR31, SFC DIR32, SFC DIR33, SFC DIR34, SFC DIR35, SFC DIR36, SFC DIR37, SFC DIR38, SFC DIR39, SFC DIR40, SFC DIR41, SFC DIR42, SFC DIR43, SFC DIR44, SFC DIR45, SFC DIR46, SFC DIR47, SFC DIR48, SFC DIR49, SFC DIR50, SFC DIR51, SFC DIR52, SFC DIR53, SFC DIR54, SFC DIR55, SFC DIR56, SFC DIR57, SFC DIR58, SFC DIR59, SFC DIR60, SFC DIR61, SFC DIR62, SFC DIR63, SFC DIR64, SFC DIR65, SFC DIR66, SFC DIR67, SFC DIR68, SFC DIR69, SFC DIR70, SFC DIR71, SFC DIR72, SFC DIR73, SFC DIR74, SFC DIR75, SFC DIR76, SFC DIR77, SFC DIR78, SFC DIR79, SFC DIR80, SFC DIR81, SFC DIR82, SFC DIR83, SFC DIR84, SFC DIR85, SFC DIR86, SFC DIR87, SFC DIR88, SFC DIR89, SFC DIR90, SFC DIR91, SFC DIR92, SFC DIR93, SFC DIR94, SFC DIR95, SFC DIR96,SFC DVIS01,SFC DVIS02,SFC DVIS03,SFC DVIS04,SFC DVIS05,SFC DVIS06,SFC DVIS07,SFC DVIS08,SFC DVIS09,SFC DVIS10,SFC DVIS11,SFC DVIS12,SFC DVIS13,SFC DVIS14,SFC DVIS15,SFC DVIS16,SFC DVIS17,SFC DVIS18,SFC DVIS19,SFC DVIS20,SFC DVIS21,SFC DVIS22,SFC DVIS23,SFC DVIS24,SFC DVIS25,SFC DVIS26,SFC DVIS27,SFC DVIS28,SFC DVIS29,SFC DVIS30,SFC DVIS31,SFC DVIS32,SFC DVIS33,SFC DVIS34,SFC DVIS35,SFC DVIS36,SFC DVIS37,SFC DVIS38,SFC DVIS39,SFC DVIS40,SFC DVIS41,SFC DVIS42,SFC DVIS43,SFC DVIS44,SFC DVIS45,SFC DVIS46,SFC DVIS47,SFC DVIS48,SFC DVIS49,SFC DVIS50,SFC DVIS51,SFC DVIS52,SFC DVIS53,SFC DVIS54,SFC DVIS55,SFC DVIS56,SFC DVIS57,SFC DVIS58,SFC DVIS59,SFC DVIS60,SFC DVIS61,SFC DVIS62,SFC DVIS63,SFC DVIS64,SFC DVIS65,SFC DVIS66,SFC DVIS67,SFC DVIS68,SFC DVIS69,SFC DVIS70,SFC DVIS71,SFC DVIS72,SFC DVIS73,SFC DVIS74,SFC DVIS75,SFC DVIS76,SFC DVIS77,SFC DVIS78,SFC DVIS79,SFC DVIS80,SFC DVIS81,SFC DVIS82,SFC DVIS83,SFC DVIS84
    2,    0.0000,  227.5722,    0.2192,  139.8688,  115.8602,  -23.5218,  -14.0680,  158.4330,  163.5827,  163.6723,  163.8293,  164.1029,  164.5732,  165.3648,  166.6602,  168.4872,  170.9519,  174.2721,  178.5564,  183.8814,  190.3071,  197.9049,  205.8548,  212.8059,  218.1105,  222.1140,  224.8330,  226.3589,  227.0949,  227.3721,  227.5098,  227.5598,    0.0705,    0.2675,    0.5658,    0.9364,    1.3541,    1.7971,    2.2470,    2.6886,    3.1100,    3.5012,    3.8550,    4.1668,    3.7991,    3.9662,    4.1036,    4.2111,    4.2902,    4.3412,    4.3666,    4.3674,    4.3455,    4.3031,    4.2365,    4.1377,    1.4329,    1.4160,    1.3937,    1.3544,    1.3064,    1.2531,    1.1042,    1.0903,    1.0331,    0.8812,    0.8657,    0.6804,    0.4286,    0.3613,    0.2973,    0.2859,    0.2660,    0.2237,    0.2586,    0.2615,    0.2793,    0.3166,    0.3804,    0.4522,    0.5746,    0.6344,    0.5305,    0.6851,    0.6744,    0.6698,    0.6769,    0.7426,    0.7550,    0.7683,    0.7700,    0.7628,    2.0538,    1.9716,    1.9052,    1.8274,    1.7484,    1.6691,    1.5919,    1.5151,    1.4407,    1.3665,    1.2937,    1.2291,    1.8278,    1.6842,    1.5339,    1.3924,    1.2741,    1.1725,    1.0662,    0.9681,    0.8777,    0.7928,    0.7079,    0.6374,    1.5840,    1.1437,    0.8293,    0.5901,    0.4167,    0.2922,    0.2036,    0.1383,    0.0940,    0.0622,    0.0416,    0.0303,    0.0906,    0.0482,    0.0759,    0.0854,    0.0957,    0.0892,    0.0975,    0.1096,    0.0962,    0.1325,    0.1172,    0.1283,    0.1417,    0.1155,    0.1680,    0.1868,    0.1536,    0.1833,    0.2065,    0.2237,    0.2252,    0.1502,    0.2398,    0.2533,    0.3110,    0.3324,    0.3440,    0.3658,    0.3756,    0.3940,    0.4010,    0.4565,    0.4953,    0.4717,    0.4852,    0.4943,    0.8433,    0.9209,    0.9663,    0.9993,    1.0234,    1.1077,    1.0381,    1.1064,    1.0804,    1.1314,    1.0733,    1.1507,    2.4780,    2.4450,    2.4989,    2.5384,    2.5644,    2.4626,    2.5489,    2.6139,    2.6670,    2.4800,    2.4441,    2.5380,    6.4157,    6.1123,    6.0433,    5.8603,    5.4132,    5.0767,    4.4565,    4.0997,    3.9404,    3.4535,    2.6528,    2.4637,    1.8993,    1.7458,    1.3311,    1.2705,    0.8565,    0.6215,    0.5021,    0.2015,    0.1776,    0.1261,    0.0437,    0.0355,    0.0000,    0.0000,    0.0000,    0.0000,    0.0000,    0.0000,    0.0000,    0.0000,    0.0000,    0.0000,    0.0000,    0.0000,    0.0000,    0.0000,    0.0000,    0.0000,    0.0000,    0.0000,    0.0000,    0.0004,    0.0013,    0.0042,    0.0316,    0.1224,    0.0337,    0.0553,    0.0951,    0.1939,    0.3170,    0.4390,    0.7874,    0.8078,    0.8986,    1.0611,    1.1127,    1.2540,    0.9696,    0.9641,    0.9572,    0.9473,    0.9378,    0.9287,    0.9178,    0.9074,    0.8966,    0.8844,    0.8683,    0.8421,    0.8025,    0.6764,    0.7395,    0.4977,    0.5022,    0.4908,    0.4247,    0.2470,    0.1814,    0.1031,    0.0612,    0.0469,    0.0933,    0.0788,    0.0260,    0.0119,    0.0030,    0.0028,    0.0017,    0.0056,    0.0100,    0.0182,    0.0292,    0.0235,    0.0278,    0.0056,    0.0259,    0.0458,    0.0328,    0.0004,    0.0000,    0.0000,    0.0000,    0.0031,    0.0165,    0.0171,    0.0171,    0.0171,    0.0000,    0.0000,    0.0000,    0.0000,    0.0000,    0.0035,    0.0040,    0.0054,    0.0048,    0.0010,    0.0230,    0.0000,    0.0598,    0.1073,    0.1213,    0.1109,    0.1245,    0.1385,    0.1233,    0.1698,    0.1501,    0.1645,    0.1806,    0.1466,    0.2118,    0.2312,    0.1878,    0.1215,    0.0145,    0.0325,    0.1583,    0.1897,    0.3065,    0.3218,    0.3984,    0.4260,    0.4410,    0.4686,    0.4796,    0.4909,    0.4572,    0.4157,    0.3661,    0.4375,    0.6076,    0.6165,    1.0804,    1.1803,    1.2358,    1.2540,    1.2316,    1.3659,    1.3119,    1.3949,    1.2823,    1.4502,    1.3714,    1.4595,    3.1611,    3.0848,    3.2030,    3.2531,    3.2743,    3.1567,    3.2678,    3.3511,    3.4192,    3.1776,    3.1334,    3.2539,    8.2247,    7.8363,    7.7478,    7.5132,    6.9399,    6.5086,    5.7135,    5.2561,    5.0518,    4.4276,    3.4010,    3.1586,    2.4350,    2.2382,    1.7066,    1.6288,    1.0981,    0.7968,    0.6438,    0.2584,    0.2277,    0.1616,    0.0560,    0.0455
    2,    0.0500,  227.5722,    0.2228,  138.5763,  115.3352,  -22.7543,  -10.6246,  158.4330,  163.5827,  163.6723,  163.8293,  164.1029,  164.5732,  165.3648,  166.6602,  168.4872,  170.9519,  174.2721,  178.5564,  183.8814,  190.3071,  197.9049,  205.8548,  212.8059,  218.1105,  222.1140,  224.8330,  226.3589,  227.0949,  227.3721,  227.5098,  227.5598,    0.0696,    0.2637,    0.5573,    0.9213,    1.3308,    1.7642,    2.2034,    2.6258,    3.0332,    3.4446,    3.8304,    4.1637,    3.7991,    3.9662,    4.1036,    4.2102,    4.2785,    4.3100,    4.3034,    4.3001,    4.3101,    4.2827,    4.2227,    4.1263,    1.4292,    1.4124,    1.3901,    1.3510,    1.3032,    1.2504,    1.1022,    1.0884,    1.0313,    0.8799,    0.8646,    0.6799,    0.4285,    0.3612,    0.2973,    0.2858,    0.2660,    0.2237,    0.2585,    0.2614,    0.2793,    0.3165,    0.3802,    0.4519,    0.5739,    0.6335,    0.5299,    0.6838,    0.6732,    0.6686,    0.6756,    0.7410,    0.7530,    0.7659,    0.7674,    0.7596,    2.0422,    1.9561,    1.8885,    1.8138,    1.7392,    1.6634,    1.5882,    1.5122,    1.4384,    1.3638,    1.2900,    1.2221,    1.7993,    1.6145,    1.4201,    1.2712,    1.1951,    1.1395,    1.0480,    0.9483,    0.8575,    0.7729,    0.6973,    0.6344,    1.5816,    1.1425,    0.8289,    0.5898,    0.4165,    0.2921,    0.2036,    0.1383,    0.0940,    0.0622,    0.0416,    0.0303,    0.0906,    0.0482,    0.0760,    0.0854,    0.0957,    0.0892,    0.0974,    0.1095,    0.0962,    0.1324,    0.1171,    0.1283,    0.1416,    0.1154,    0.1679,    0.1866,    0.1535,    0.1832,    0.2064,    0.2236,    0.2250,    0.1500,    0.2396,    0.2530,    0.3106,    0.3319,    0.3435,    0.3652,    0.3751,    0.3933,    0.4003,    0.4559,    0.4946,    0.4710,    0.4842,    0.4934,    0.8415,    0.9191,    0.9642,    0.9972,    1.0211,    1.1052,    1.0357,    1.1040,    1.0781,    1.1287,    1.0706,    1.1478,    2.4716,    2.4384,    2.4913,    2.5302,    2.5558,    2.4539,    2.5394,    2.6039,    2.6567,    2.4702,    2.4345,    2.5279,    6.3891,    6.0845,    6.0139,    5.8307,    5.3852,    5.0492,    4.4310,    4.0747,    3.9157,    3.4309,    2.6344,    2.4457,    1.8848,    1.7318,    1.3197,    1.2587,    0.8482,    0.6154,    0.4968,    0.1991,    0.1753,    0.1244,    0.0431,    0.0350,    0.0090,    0.0339,    0.0712,    0.1169,    0.1677,    0.2207,    0.2735,    0.3668,    0.4205,    0.2942,    0.1214,    0.0147,    0.0000,    0.0000,    0.0000,    0.0036,    0.0431,    0.1107,    0.2141,    0.2193,    0.1124,    0.0659,    0.0716,    0.1541,    0.0435,    0.0649,    0.1043,    0.2023,    0.3243,    0.4446,    0.7907,    0.8108,    0.9009,    1.0624,    1.1136,    1.2541,    0.9696,    0.9641,    0.9572,    0.9473,    0.9378,    0.9287,    0.9178,    0.9074,    0.8966,    0.8844,    0.8683,    0.8422,    0.8029,    0.6773,    0.7401,    0.4994,    0.5038,    0.4925,    0.4266,    0.2498,    0.1849,    0.1075,    0.0663,    0.0531,    0.1156,    0.1081,    0.0573,    0.0369,    0.0197,    0.0131,    0.0082,    0.0107,    0.0138,    0.0227,    0.0351,    0.0346,    0.0719,    0.1106,    0.1914,    0.2164,    0.1420,    0.0458,    0.0245,    0.0260,    0.0259,    0.0281,    0.0296,    0.0207,    0.0198,    0.0183,    0.0005,    0.0003,    0.0002,    0.0001,    0.0000,    0.0035,    0.0040,    0.0054,    0.0048,    0.0010,    0.0230,    0.0000,    0.0598,    0.1071,    0.1213,    0.1109,    0.1244,    0.1385,    0.1232,    0.1697,    0.1500,    0.1645,    0.1805,    0.1465,    0.2116,    0.2311,    0.1877,    0.1214,    0.0145,    0.0324,    0.1581,    0.1895,    0.3062,    0.3214,    0.3978,    0.4255,    0.4403,    0.4679,    0.4789,    0.4901,    0.4564,    0.4150,    0.3655,    0.4367,    0.6064,    0.6152,    1.0781,    1.1779,    1.2332,    1.2512,    1.2288,    1.3627,    1.3088,    1.3918,    1.2794,    1.4467,    1.3680,    1.4558,    3.1529,    3.0765,    3.1933,    3.2426,    3.2632,    3.1455,    3.2556,    3.3383,    3.4059,    3.1652,    3.1211,    3.2409,    8.1905,    7.8006,    7.7100,    7.4751,    6.9039,    6.4731,    5.6806,    5.2239,    5.0200,    4.3984,    3.3773,    3.1354,    2.4163,    2.2201,    1.6917,    1.6136,    1.0874,    0.7877,    0.6358,    0.2552,    0.2248,    0.1593,    0.0551,    0.0448
    2,    0.1000,  227.5722,    0.2260,  137.3654,  114.8551,  -22.0233,   -7.5138,  158.4330,  163.5827,  163.6723,  163.8293,  164.1029,  164.5732,  165.3648,  166.6602,  168.4872,  170.9519,  174.2721,  178.5564,  183.8814,  190.3071,  197.9049,  205.8548,  212.8059,  218.1105,  222.1140,  224.8330,  226.3589,  227.0949,  227.3721,  227.5098,  227.5598,    0.0688,    0.2603,    0.5494,    0.9074,    1.3094,    1.7340,    2.1633,    2.5688,    2.9635,    3.3914,    3.8065,    4.1606,    3.7991,    3.9662,    4.1036,    4.2093,    4.2670,    4.2793,    4.2424,    4.2353,    4.2753,    4.2626,    4.2090,    4.1150,    1.4256,    1.4089,    1.3866,    1.3476,    1.3000,    1.2478,    1.1003,    1.0864,    1.0296,    0.8787,    0.8635,    0.6794,    0.4283,    0.3611,    0.2972,    0.2858,    0.2660,    0.2237,    0.2585,    0.2614,    0.2793,    0.3165,    0.3800,    0.4515,    0.5732,    0.6325,    0.5292,    0.6826,    0.6720,    0.6674,    0.6743,    0.7394,    0.7511,    0.7636,    0.7647,    0.7564,    2.0307,    1.9408,    1.8720,    1.8004,    1.7300,    1.6576,    1.5845,    1.5092,    1.4361,    1.3611,    1.2864,    1.2151,    1.7715,    1.5494,    1.3195,    1.1663,    1.1236,    1.1079,    1.0303,    0.9291,    0.8380,    0.7538,    0.6868,    0.6313,    1.5793,    1.1414,    0.8284,    0.5894,    0.4162,    0.2919,    0.2036,    0.1383,    0.0940,    0.0622,    0.0416,    0.0303,    0.0906,    0.0482,    0.0760,    0.0855,    0.0957,    0.0891,    0.0974,    0.1095,    0.0962,    0.1324,    0.1171,    0.1282,    0.1415,    0.1153,    0.1678,    0.1865,    0.1534,    0.1831,    0.2064,    0.2235,    0.2249,    0.1499,    0.2393,    0.2526,    0.3102,    0.3315,    0.3429,    0.3647,    0.3745,    0.3926,    0.3997,    0.4552,    0.4939,    0.4703,    0.4832,    0.4924,    0.8397,    0.9172,    0.9622,    0.9950,    1.0189,    1.1027,    1.0333,    1.1015,    1.0758,    1.1260,    1.0680,    1.1450,    2.4652,    2.4320,    2.4839,    2.5222,    2.5472,    2.4453,    2.5301,    2.5941,    2.6465,    2.4607,    2.4251,    2.5181,    6.3632,    6.0577,    5.9857,    5.8025,    5.3589,    5.0236,    4.4074,    4.0520,    3.8937,    3.4110,    2.6186,    2.4305,    1.8728,    1.7206,    1.3108,    1.2500,    0.8423,    0.6113,    0.4933,    0.1975,    0.1740,    0.1235,    0.0428,    0.0347,    0.0168,    0.0633,    0.1329,    0.2183,    0.3132,    0.4123,    0.5113,    0.6797,    0.7794,    0.5615,    0.2387,    0.0293,    0.0000,    0.0000,    0.0000,    0.0072,    0.0858,    0.2182,    0.4163,    0.4257,    0.2204,    0.1266,    0.1112,    0.1855,    0.0533,    0.0744,    0.1134,    0.2105,    0.3316,    0.4501,    0.7939,    0.8138,    0.9033,    1.0638,    1.1145,    1.2541,    0.9696,    0.9641,    0.9572,    0.9473,    0.9378,    0.9287,    0.9178,    0.9074,    0.8966,    0.8844,    0.8683,    0.8422,    0.8032,    0.6783,    0.7407,    0.5011,    0.5054,    0.4941,    0.4285,    0.2526,    0.1884,    0.1119,    0.0714,    0.0592,    0.1376,    0.1369,    0.0880,    0.0615,    0.0363,    0.0232,    0.0146,    0.0158,    0.0177,    0.0272,    0.0409,    0.0456,    0.1147,    0.2073,    0.3342,    0.3602,    0.2392,    0.0889,    0.0483,    0.0511,    0.0508,    0.0520,    0.0423,    0.0244,    0.0225,    0.0196,    0.0009,    0.0006,    0.0004,    0.0003,    0.0000,    0.0035,    0.0040,    0.0054,    0.0048,    0.0010,    0.0230,    0.0000,    0.0597,    0.1070,    0.1212,    0.1108,    0.1244,    0.1384,    0.1232,    0.1697,    0.1500,    0.1644,    0.1803,    0.1464,    0.2115,    0.2309,    0.1876,    0.1213,    0.0145,    0.0324,    0.1579,    0.1893,    0.3059,    0.3210,    0.3973,    0.4249,    0.4396,    0.4671,    0.4782,    0.4892,    0.4557,    0.4143,    0.3648,    0.4359,    0.6051,    0.6140,    1.0758,    1.1755,    1.2306,    1.2485,    1.2260,    1.3596,    1.3057,    1.3887,    1.2765,    1.4432,    1.3647,    1.4522,    3.1447,    3.0683,    3.1837,    3.2323,    3.2522,    3.1345,    3.2437,    3.3257,    3.3929,    3.1529,    3.1091,    3.2282,    8.1571,    7.7661,    7.6737,    7.4388,    6.8700,    6.4401,    5.6503,    5.1946,    4.9916,    4.3728,    3.3568,    3.1158,    2.4008,    2.2056,    1.6803,    1.6023,    1.0798,    0.7811,    0.6304,    0.2532,    0.2230,    0.1578,    0.0546,    0.0443
    2,    0.1500,  227.5722,    0.2292,  136.2275,  114.3819,  -21.3586,   -4.7257,  158.4330,  163.5827,  163.6723,  163.8293,  164.1029,  164.5732,  165.3648,  166.6602,  168.4872,  170.9519,  174.2721,  178.5564,  183.8814,  190.3071,  197.9049,  205.8548,  212.8059,  218.1105,  222.1140,  224.8330,  226.3589,  227.0949,  227.3721,  227.5098,  227.5598,    0.0680,    0.2571,    0.5422,    0.8947,    1.2896,    1.7061,    2.1263,    2.5169,    2.9001,    3.3411,    3.7830,    4.1575,    3.7991,    3.9662,    4.1036,    4.2083,    4.2555,    4.2492,    4.1837,    4.1729,    4.2413,    4.2426,    4.1955,    4.1037,    1.4220,    1.4053,    1.3831,    1.3443,    1.2969,    1.2452,    1.0983,    1.0845,    1.0279,    0.8775,    0.8624,    0.6789,    0.4281,    0.3610,    0.2972,    0.2858,    0.2660,    0.2237,    0.2585,    0.2614,    0.2792,    0.3164,    0.3799,    0.4512,    0.5725,    0.6316,    0.5285,    0.6813,    0.6708,    0.6661,    0.6730,    0.7378,    0.7491,    0.7613,    0.7621,    0.7533,    2.0193,    1.9257,    1.8558,    1.7871,    1.7209,    1.6519,    1.5809,    1.5063,    1.4338,    1.3583,    1.2827,    1.2082,    1.7445,    1.4886,    1.2304,    1.0751,    1.0588,    1.0777,    1.0130,    0.9105,    0.8192,    0.7354,    0.6766,    0.6283,    1.5770,    1.1402,    0.8280,    0.5891,    0.4160,    0.2917,    0.2036,    0.1383,    0.0940,    0.0622,    0.0416,    0.0303,    0.0906,    0.0482,    0.0760,    0.0855,    0.0956,    0.0891,    0.0974,    0.1094,    0.0961,    0.1323,    0.1170,    0.1282,    0.1414,    0.1152,    0.1677,    0.1864,    0.1533,    0.1830,    0.2063,    0.2234,    0.2247,    0.1497,    0.2391,    0.2523,    0.3098,    0.3311,    0.3424,    0.3641,    0.3740,    0.3920,    0.3990,    0.4546,    0.4932,    0.4695,    0.4822,    0.4915,    0.8379,    0.9154,    0.9602,    0.9928,    1.0167,    1.1003,    1.0309,    1.0991,    1.0735,    1.1233,    1.0654,    1.1422,    2.4588,    2.4255,    2.4765,    2.5142,    2.5387,    2.4368,    2.5209,    2.5844,    2.6365,    2.4513,    2.4158,    2.5083,    6.3375,    6.0312,    5.9578,    5.7747,    5.3329,    4.9983,    4.3843,    4.0297,    3.8720,    3.3915,    2.6030,    2.4156,    1.8611,    1.7096,    1.3022,    1.2415,    0.8365,    0.6074,    0.4900,    0.1960,    0.1727,    0.1226,    0.0424,    0.0344,    0.0235,    0.0887,    0.1864,    0.3063,    0.4396,    0.5789,    0.7180,    0.9467,    1.0859,    0.8043,    0.3519,    0.0438,    0.0000,    0.0000,    0.0000,    0.0107,    0.1279,    0.3226,    0.6073,    0.6204,    0.3251,    0.1863,    0.1503,    0.2167,    0.0630,    0.0838,    0.1225,    0.2187,    0.3388,    0.4557,    0.7972,    0.8168,    0.9056,    1.0651,    1.1154,    1.2542,    0.9696,    0.9641,    0.9572,    0.9473,    0.9378,    0.9287,    0.9178,    0.9074,    0.8966,    0.8844,    0.8683,    0.8423,    0.8036,    0.6792,    0.7413,    0.5028,    0.5070,    0.4957,    0.4304,    0.2553,    0.1919,    0.1162,    0.0765,    0.0653,    0.1594,    0.1652,    0.1180,    0.0857,    0.0526,    0.0333,    0.0210,    0.0208,    0.0215,    0.0316,    0.0467,    0.0564,    0.1561,    0.2966,    0.4579,    0.4819,    0.3258,    0.1298,    0.0713,    0.0754,    0.0748,    0.0749,    0.0547,    0.0280,    0.0252,    0.0209,    0.0014,    0.0009,    0.0006,    0.0004,    0.0000,    0.0035,    0.0040,    0.0054,    0.0048,    0.0010,    0.0230,    0.0000,    0.0596,    0.1069,    0.1212,    0.1108,    0.1243,    0.1383,    0.1231,    0.1696,    0.1499,    0.1643,    0.1802,    0.1463,    0.2113,    0.2307,    0.1874,    0.1212,    0.0145,    0.0324,    0.1578,    0.1891,    0.3056,    0.3206,    0.3968,    0.4244,    0.4390,    0.4664,    0.4775,    0.4884,    0.4549,    0.4136,    0.3641,    0.4351,    0.6039,    0.6128,    1.0735,    1.1732,    1.2280,    1.2457,    1.2233,    1.3564,    1.3027,    1.3857,    1.2737,    1.4398,    1.3614,    1.4486,    3.1365,    3.0601,    3.1743,    3.2220,    3.2413,    3.1236,    3.2318,    3.3133,    3.3801,    3.1408,    3.0971,    3.2157,    8.1242,    7.7319,    7.6379,    7.4030,    6.8366,    6.4076,    5.6204,    5.1658,    4.9637,    4.3476,    3.3367,    3.0965,    2.3857,    2.1915,    1.6692,    1.5913,    1.0724,    0.7747,    0.6251,    0.2513,    0.2214,    0.1564,    0.0541,    0.0439
    2,    0.2000,  227.5722,    0.2323,  135.1551,  113.9145,  -20.7534,   -2.2200,  158.4330,  163.5827,  163.6723,  163.8293,  164.1029,  164.5732,  165.3648,  166.6602,  168.4872,  170.9519,  174.2721,  178.5564,  183.8814,  190.3071,  197.9049,  205.8548,  212.8059,  218.1105,  222.1140,  224.8330,  226.3589,  227.0949,  227.3721,  227.5098,  227.5598,    0.0672,    0.2541,    0.5355,    0.8829,    1.2714,    1.6805,    2.0922,    2.4695,    2.8422,    3.2937,    3.7600,    4.1544,    3.7991,    3.9662,    4.1036,    4.2074,    4.2442,    4.2197,    4.1272,    4.1130,    4.2079,    4.2229,    4.1820,    4.0925,    1.4184,    1.4017,    1.3796,    1.3409,    1.2938,    1.2427,    1.0964,    1.0826,    1.0262,    0.8763,    0.8613,    0.6785,    0.4279,    0.3609,    0.2972,    0.2858,    0.2660,    0.2237,    0.2585,    0.2614,    0.2792,    0.3163,    0.3797,    0.4508,    0.5718,    0.6306,    0.5279,    0.6801,    0.6696,    0.6649,    0.6717,    0.7362,    0.7472,    0.7590,    0.7595,    0.7502,    2.0081,    1.9108,    1.8399,    1.7741,    1.7120,    1.6463,    1.5772,    1.5033,    1.4315,    1.3556,    1.2791,    1.2014,    1.7181,    1.4317,    1.1513,    0.9957,    1.0000,    1.0487,    0.9961,    0.8924,    0.8010,    0.7176,    0.6667,    0.6253,    1.5746,    1.1391,    0.8275,    0.5888,    0.4158,    0.2916,    0.2036,    0.1383,    0.0940,    0.0622,    0.0416,    0.0303,    0.0906,    0.0482,    0.0760,    0.0856,    0.0956,    0.0891,    0.0973,    0.1094,    0.0961,    0.1323,    0.1170,    0.1282,    0.1413,    0.1152,    0.1676,    0.1862,    0.1532,    0.1829,    0.2063,    0.2233,    0.2246,    0.1496,    0.2389,    0.2520,    0.3094,    0.3307,    0.3419,    0.3636,    0.3734,    0.3913,    0.3984,    0.4540,    0.4925,    0.4688,    0.4813,    0.4905,    0.8362,    0.9136,    0.9582,    0.9907,    1.0145,    1.0978,    1.0285,    1.0968,    1.0712,    1.1206,    1.0628,    1.1394,    2.4525,    2.4192,    2.4692,    2.5063,    2.5303,    2.4284,    2.5117,    2.5748,    2.6266,    2.4420,    2.4066,    2.4987,    6.3121,    6.0049,    5.9303,    5.7472,    5.3072,    4.9733,    4.3614,    4.0077,    3.8507,    3.3723,    2.5877,    2.4009,    1.8496,    1.6989,    1.2937,    1.2332,    0.8308,    0.6035,    0.4868,    0.1946,    0.1714,    0.1218,    0.0421,    0.0342,    0.0294,    0.1108,    0.2329,    0.3827,    0.5494,    0.7237,    0.8980,    1.1748,    1.3481,    1.0251,    0.4612,    0.0583,    0.0000,    0.0000,    0.0000,    0.0143,    0.1696,    0.4240,    0.7877,    0.8040,    0.4269,    0.2450,    0.1890,    0.2475,    0.0727,    0.0932,    0.1314,    0.2269,    0.3459,    0.4611,    0.8004,    0.8197,    0.9079,    1.0663,    1.1162,    1.2543,    0.9696,    0.9641,    0.9572,    0.9473,    0.9378,    0.9287,    0.9178,    0.9074,    0.8966,    0.8844,    0.8683,    0.8423,    0.8039,    0.6801,    0.7419,    0.5045,    0.5086,    0.4973,    0.4323,    0.2581,    0.1954,    0.1205,    0.0815,    0.0712,    0.1808,    0.1929,    0.1475,    0.1094,    0.0688,    0.0433,    0.0274,    0.0258,    0.0253,    0.0361,    0.0525,    0.0671,    0.1963,    0.3789,    0.5652,    0.5852,    0.4032,    0.1688,    0.0938,    0.0988,    0.0979,    0.0969,    0.0669,    0.0315,    0.0279,    0.0221,    0.0018,    0.0012,    0.0009,    0.0006,    0.0000,    0.0035,    0.0040,    0.0054,    0.0048,    0.0010,    0.0230,    0.0000,    0.0596,    0.1068,    0.1211,    0.1108,    0.1243,    0.1383,    0.1231,    0.1696,    0.1498,    0.1643,    0.1801,    0.1462,    0.2112,    0.2306,    0.1873,    0.1212,    0.0145,    0.0323,    0.1576,    0.1889,    0.3053,    0.3201,    0.3963,    0.4238,    0.4383,    0.4657,    0.4768,    0.4875,    0.4541,    0.4129,    0.3634,    0.4344,    0.6027,    0.6116,    1.0713,    1.1709,    1.2254,    1.2430,    1.2205,    1.3533,    1.2997,    1.3826,    1.2708,    1.4363,    1.3580,    1.4451,    3.1285,    3.0519,    3.1648,    3.2119,    3.2305,    3.1128,    3.2201,    3.3009,    3.3673,    3.1288,    3.0853,    3.2033,    8.0915,    7.6982,    7.6024,    7.3676,    6.8035,    6.3755,    5.5909,    5.1374,    4.9361,    4.3228,    3.3170,    3.0776,    2.3708,    2.1776,    1.6582,    1.5805,    1.0652,    0.7685,    0.6199,    0.2495,    0.2197,    0.1550,    0.0536,    0.0435
    2,    0.3000,  227.5722,    0.2385,  133.1814,  112.9967,  -19.6974,    2.0810,  158.4330,  163.5827,  163.6723,  163.8293,  164.1029,  164.5732,  165.3648,  166.6602,  168.4872,  170.9519,  174.2721,  178.5564,  183.8814,  190.3071,  197.9049,  205.8548,  212.8059,  218.1105,  222.1140,  224.8330,  226.3589,  227.0949,  227.3721,  227.5098,  227.5598,    0.0660,    0.2489,    0.5236,    0.8619,    1.2391,    1.6348,    2.0317,    2.3866,    2.7409,    3.2066,    3.7156,    4.1482,    3.7991,    3.9662,    4.1036,    4.2056,    4.2217,    4.1624,    4.0203,    3.9998,    4.1432,    4.1842,    4.1554,    4.0703,    1.4114,    1.3947,    1.3727,    1.3344,    1.2876,    1.2376,    1.0925,    1.0788,    1.0228,    0.8739,    0.8591,    0.6775,    0.4276,    0.3607,    0.2971,    0.2857,    0.2659,    0.2236,    0.2584,    0.2613,    0.2791,    0.3162,    0.3793,    0.4502,    0.5705,    0.6287,    0.5265,    0.6777,    0.6672,    0.6625,    0.6692,    0.7330,    0.7434,    0.7544,    0.7543,    0.7440,    1.9859,    1.8816,    1.8087,    1.7485,    1.6942,    1.6351,    1.5699,    1.4975,    1.4270,    1.3502,    1.2720,    1.1880,    1.6673,    1.3285,    1.0177,    0.8652,    0.8979,    0.9944,    0.9637,    0.8580,    0.7665,    0.6840,    0.6474,    0.6194,    1.5700,    1.1368,    0.8267,    0.5882,    0.4153,    0.2912,    0.2036,    0.1383,    0.0940,    0.0622,    0.0416,    0.0303,    0.0906,    0.0482,    0.0761,    0.0857,    0.0955,    0.0890,    0.0972,    0.1093,    0.0960,    0.1322,    0.1169,    0.1281,    0.1411,    0.1150,    0.1673,    0.1860,    0.1530,    0.1827,    0.2061,    0.2232,    0.2243,    0.1493,    0.2384,    0.2513,    0.3086,    0.3298,    0.3408,    0.3625,    0.3723,    0.3900,    0.3971,    0.4527,    0.4911,    0.4673,    0.4794,    0.4886,    0.8327,    0.9099,    0.9542,    0.9864,    1.0101,    1.0929,    1.0239,    1.0920,    1.0666,    1.1152,    1.0577,    1.1339,    2.4400,    2.4065,    2.4546,    2.4906,    2.5137,    2.4118,    2.4937,    2.5558,    2.6070,    2.4236,    2.3885,    2.4796,    6.2621,    5.9533,    5.8762,    5.6932,    5.2569,    4.9244,    4.3166,    3.9646,    3.8089,    3.3348,    2.5578,    2.3723,    1.8271,    1.6780,    1.2773,    1.2170,    0.8198,    0.5961,    0.4806,    0.1918,    0.1689,    0.1201,    0.0416,    0.0337,    0.0389,    0.1466,    0.3082,    0.5069,    0.7280,    0.9595,    1.1912,    1.5367,    1.7646,    1.4084,    0.6686,    0.0871,    0.0000,    0.0000,    0.0000,    0.0214,    0.2515,    0.6182,    1.1193,    1.1408,    0.6215,    0.3596,    0.2652,    0.3084,    0.0917,    0.1117,    0.1491,    0.2429,    0.3600,    0.4720,    0.8067,    0.8256,    0.9124,    1.0689,    1.1179,    1.2544,    0.9696,    0.9641,    0.9572,    0.9473,    0.9378,    0.9287,    0.9178,    0.9074,    0.8966,    0.8844,    0.8683,    0.8424,    0.8046,    0.6818,    0.7430,    0.5078,    0.5118,    0.5004,    0.4361,    0.2635,    0.2022,    0.1291,    0.0914,    0.0830,    0.2228,    0.2469,    0.2046,    0.1558,    0.1006,    0.0631,    0.0400,    0.0358,    0.0328,    0.0449,    0.0640,    0.0882,    0.2731,    0.5253,    0.7400,    0.7484,    0.5342,    0.2413,    0.1366,    0.1433,    0.1415,    0.1384,    0.0902,    0.0386,    0.0333,    0.0246,    0.0027,    0.0019,    0.0013,    0.0009,    0.0000,    0.0035,    0.0040,    0.0054,    0.0048,    0.0010,    0.0230,    0.0000,    0.0595,    0.1066,    0.1210,    0.1107,    0.1242,    0.1382,    0.1230,    0.1694,    0.1497,    0.1642,    0.1798,    0.1460,    0.2108,    0.2302,    0.1870,    0.1210,    0.0144,    0.0323,    0.1573,    0.1885,    0.3047,    0.3193,    0.3953,    0.4228,    0.4369,    0.4643,    0.4754,    0.4858,    0.4526,    0.4116,    0.3621,    0.4328,    0.6002,    0.6092,    1.0668,    1.1662,    1.2203,    1.2376,    1.2151,    1.3472,    1.2937,    1.3766,    1.2652,    1.4294,    1.3515,    1.4380,    3.1125,    3.0358,    3.1462,    3.1918,    3.2092,    3.0915,    3.1969,    3.2766,    3.3422,    3.1052,    3.0620,    3.1788,    8.0273,    7.6318,    7.5328,    7.2982,    6.7387,    6.3124,    5.5332,    5.0819,    4.8823,    4.2743,    3.2784,    3.0406,    2.3418,    2.1505,    1.6369,    1.5595,    1.0511,    0.7564,    0.6099,    0.2458,    0.2166,    0.1524,    0.0527,    0.0428
    2,    0.4000,  227.5722,    0.2446,  131.4013,  112.1004,  -18.8133,    5.6172,  158.4330,  163.5827,  163.6723,  163.8293,  164.1029,  164.5732,  165.3648,  166.6602,  168.4872,  170.9519,  174.2721,  178.5564,  183.8814,  190.3071,  197.9049,  205.8548,  212.8059,  218.1105,  222.1140,  224.8330,  226.3589,  227.0949,  227.3721,  227.5098,  227.5598,    0.0648,    0.2444,    0.5134,    0.8438,    1.2113,    1.5956,    1.9796,    2.3166,    2.6555,    3.1286,    3.6730,    4.1421,    3.7991,    3.9662,    4.1036,    4.2037,    4.1995,    4.1072,    3.9208,    3.8948,    4.0809,    4.1462,    4.1292,    4.0483,    1.4044,    1.3878,    1.3659,    1.3278,    1.2814,    1.2325,    1.0887,    1.0750,    1.0194,    0.8715,    0.8569,    0.6765,    0.4272,    0.3606,    0.2970,    0.2856,    0.2659,    0.2236,    0.2584,    0.2613,    0.2790,    0.3160,    0.3790,    0.4495,    0.5691,    0.6269,    0.5252,    0.6752,    0.6648,    0.6601,    0.6666,    0.7298,    0.7396,    0.7499,    0.7492,    0.7379,    1.9642,    1.8533,    1.7785,    1.7235,    1.6768,    1.6240,    1.5627,    1.4916,    1.4225,    1.3449,    1.2649,    1.1748,    1.6190,    1.2378,    0.9107,    0.7640,    0.8130,    0.9446,    0.9329,    0.8255,    0.7342,    0.6528,    0.6289,    0.6136,    1.5654,    1.1344,    0.8258,    0.5875,    0.4149,    0.2909,    0.2036,    0.1383,    0.0940,    0.0622,    0.0416,    0.0303,    0.0906,    0.0482,    0.0761,    0.0858,    0.0955,    0.0889,    0.0972,    0.1092,    0.0959,    0.1321,    0.1168,    0.1280,    0.1409,    0.1148,    0.1671,    0.1857,    0.1527,    0.1825,    0.2060,    0.2230,    0.2240,    0.1490,    0.2379,    0.2507,    0.3078,    0.3290,    0.3398,    0.3614,    0.3712,    0.3887,    0.3959,    0.4514,    0.4897,    0.4659,    0.4775,    0.4868,    0.8292,    0.9064,    0.9502,    0.9822,    1.0058,    1.0881,    1.0192,    1.0873,    1.0621,    1.1100,    1.0526,    1.1284,    2.4277,    2.3941,    2.4403,    2.4752,    2.4974,    2.3955,    2.4759,    2.5372,    2.5878,    2.4056,    2.3707,    2.4609,    6.2132,    5.9028,    5.8233,    5.6406,    5.2077,    4.8767,    4.2730,    3.9227,    3.7684,    3.2983,    2.5288,    2.3446,    1.8054,    1.6577,    1.2614,    1.2013,    0.8092,    0.5889,    0.4747,    0.1890,    0.1666,    0.1186,    0.0410,    0.0332,    0.0460,    0.1736,    0.3651,    0.6008,    0.8633,    1.1385,    1.4141,    1.8024,    2.0709,    1.7258,    0.8620,    0.1157,    0.0000,    0.0000,    0.0000,    0.0285,    0.3316,    0.8014,    1.4155,    1.4407,    0.8049,    0.4704,    0.3397,    0.3682,    0.1104,    0.1299,    0.1665,    0.2587,    0.3739,    0.4827,    0.8130,    0.8313,    0.9169,    1.0714,    1.1197,    1.2545,    0.9696,    0.9641,    0.9572,    0.9473,    0.9378,    0.9287,    0.9178,    0.9074,    0.8966,    0.8844,    0.8683,    0.8425,    0.8053,    0.6836,    0.7442,    0.5111,    0.5149,    0.5036,    0.4398,    0.2689,    0.2090,    0.1375,    0.1011,    0.0946,    0.2637,    0.2988,    0.2595,    0.2006,    0.1316,    0.0826,    0.0526,    0.0457,    0.0403,    0.0537,    0.0753,    0.1088,    0.3454,    0.6506,    0.8736,    0.8686,    0.6396,    0.3069,    0.1770,    0.1848,    0.1818,    0.1765,    0.1125,    0.0456,    0.0386,    0.0271,    0.0036,    0.0025,    0.0017,    0.0012,    0.0000,    0.0035,    0.0040,    0.0054,    0.0048,    0.0010,    0.0230,    0.0000,    0.0593,    0.1063,    0.1209,    0.1106,    0.1241,    0.1381,    0.1229,    0.1693,    0.1496,    0.1640,    0.1795,    0.1458,    0.2105,    0.2299,    0.1868,    0.1208,    0.0144,    0.0322,    0.1570,    0.1882,    0.3041,    0.3185,    0.3943,    0.4217,    0.4356,    0.4629,    0.4740,    0.4842,    0.4511,    0.4102,    0.3607,    0.4312,    0.5978,    0.6069,    1.0623,    1.1616,    1.2152,    1.2322,    1.2097,    1.3411,    1.2877,    1.3706,    1.2596,    1.4227,    1.3450,    1.4310,    3.0967,    3.0199,    3.1278,    3.1720,    3.1883,    3.0705,    3.1741,    3.2526,    3.3175,    3.0820,    3.0391,    3.1548,    7.9643,    7.5669,    7.4649,    7.2304,    6.6754,    6.2510,    5.4770,    5.0278,    4.8299,    4.2273,    3.2409,    3.0048,    2.3137,    2.1242,    1.6163,    1.5393,    1.0375,    0.7447,    0.6002,    0.2424,    0.2135,    0.1499,    0.0518,    0.0420
    2,    0.5000,  227.5722,    0.2505,  129.7814,  111.2247,  -18.0689,    8.5591,  158.4330,  163.5827,  163.6723,  163.8293,  164.1029,  164.5732,  165.3648,  166.6602,  168.4872,  170.9519,  174.2721,  178.5564,  183.8814,  190.3071,  197.9049,  205.8548,  212.8059,  218.1105,  222.1140,  224.8330,  226.3589,  227.0949,  227.3721,  227.5098,  227.5598,    0.0639,    0.2405,    0.5046,    0.8282,    1.1872,    1.5616,    1.9346,    2.2572,    2.5830,    3.0585,    3.6323,    4.1360,    3.7991,    3.9662,    4.1036,    4.2019,    4.1776,    4.0540,    3.8283,    3.7973,    4.0210,    4.1092,    4.1034,    4.0267,    1.3974,    1.3809,    1.3591,    1.3214,    1.2754,    1.2275,    1.0849,    1.0713,    1.0161,    0.8692,    0.8548,    0.6755,    0.4268,    0.3604,    0.2970,    0.2856,    0.2658,    0.2236,    0.2583,    0.2612,    0.2789,    0.3158,    0.3786,    0.4488,    0.5678,    0.6250,    0.5239,    0.6728,    0.6624,    0.6577,    0.6641,    0.7267,    0.7358,    0.7455,    0.7442,    0.7319,    1.9429,    1.8258,    1.7492,    1.6992,    1.6597,    1.6131,    1.5555,    1.4859,    1.4181,    1.3396,    1.2579,    1.1619,    1.5730,    1.1578,    0.8239,    0.6842,    0.7418,    0.8987,    0.9037,    0.7950,    0.7040,    0.6237,    0.6112,    0.6078,    1.5608,    1.1322,    0.8249,    0.5869,    0.4144,    0.2906,    0.2036,    0.1383,    0.0940,    0.0622,    0.0416,    0.0303,    0.0906,    0.0482,    0.0762,    0.0859,    0.0954,    0.0889,    0.0971,    0.1091,    0.0959,    0.1320,    0.1167,    0.1279,    0.1407,    0.1147,    0.1668,    0.1855,    0.1525,    0.1823,    0.2059,    0.2228,    0.2237,    0.1487,    0.2374,    0.2500,    0.3070,    0.3282,    0.3387,    0.3603,    0.3701,    0.3874,    0.3947,    0.4502,    0.4883,    0.4645,    0.4756,    0.4849,    0.8257,    0.9028,    0.9463,    0.9781,    1.0015,    1.0833,    1.0146,    1.0827,    1.0576,    1.1047,    1.0476,    1.1230,    2.4155,    2.3817,    2.4262,    2.4601,    2.4813,    2.3794,    2.4585,    2.5189,    2.5690,    2.3879,    2.3532,    2.4426,    6.1652,    5.8535,    5.7717,    5.5892,    5.1598,    4.8303,    4.2305,    3.8819,    3.7289,    3.2629,    2.5006,    2.3177,    1.7843,    1.6381,    1.2460,    1.1862,    0.7990,    0.5820,    0.4690,    0.1864,    0.1643,    0.1171,    0.0405,    0.0328,    0.0514,    0.1940,    0.4083,    0.6720,    0.9662,    1.2747,    1.5842,    1.9983,    2.2974,    1.9890,    1.0424,    0.1441,    0.0000,    0.0000,    0.0000,    0.0356,    0.4099,    0.9743,    1.6803,    1.7081,    0.9779,    0.5776,    0.4126,    0.4269,    0.1288,    0.1478,    0.1837,    0.2743,    0.3875,    0.4932,    0.8192,    0.8370,    0.9214,    1.0739,    1.1213,    1.2546,    0.9696,    0.9641,    0.9572,    0.9473,    0.9378,    0.9287,    0.9178,    0.9074,    0.8966,    0.8844,    0.8683,    0.8425,    0.8059,    0.6854,    0.7453,    0.5144,    0.5180,    0.5067,    0.4435,    0.2742,    0.2156,    0.1458,    0.1106,    0.1059,    0.3034,    0.3489,    0.3122,    0.2440,    0.1619,    0.1017,    0.0650,    0.0556,    0.0478,    0.0624,    0.0865,    0.1290,    0.4134,    0.7580,    0.9769,    0.9584,    0.7249,    0.3664,    0.2152,    0.2235,    0.2193,    0.2118,    0.1338,    0.0525,    0.0439,    0.0297,    0.0045,    0.0031,    0.0021,    0.0015,    0.0000,    0.0035,    0.0040,    0.0054,    0.0048,    0.0010,    0.0230,    0.0000,    0.0592,    0.1061,    0.1209,    0.1105,    0.1240,    0.1380,    0.1228,    0.1692,    0.1495,    0.1639,    0.1793,    0.1456,    0.2102,    0.2296,    0.1865,    0.1206,    0.0144,    0.0321,    0.1567,    0.1878,    0.3035,    0.3176,    0.3932,    0.4206,    0.4342,    0.4615,    0.4726,    0.4825,    0.4496,    0.4089,    0.3594,    0.4297,    0.5954,    0.6045,    1.0579,    1.1570,    1.2102,    1.2270,    1.2043,    1.3351,    1.2819,    1.3647,    1.2541,    1.4160,    1.3386,    1.4241,    3.0810,    3.0042,    3.1097,    3.1525,    3.1677,    3.0499,    3.1518,    3.2292,    3.2933,    3.0593,    3.0167,    3.1313,    7.9026,    7.5034,    7.3984,    7.1642,    6.6137,    6.1911,    5.4223,    4.9753,    4.7790,    4.1815,    3.2046,    2.9701,    2.2864,    2.0988,    1.5964,    1.5197,    1.0244,    0.7335,    0.5909,    0.2390,    0.2106,    0.1475,    0.0510,    0.0413
    2,    0.7500,  227.5722,    0.2646,  126.2754,  109.1205,  -16.6666,   14.0775,  158.4330,  163.5827,  163.6723,  163.8293,  164.1029,  164.5732,  165.3648,  166.6602,  168.4872,  170.9519,  174.2721,  178.5564,  183.8814,  190.3071,  197.9049,  205.8548,  212.8059,  218.1105,  222.1140,  224.8330,  226.3589,  227.0949,  227.3721,  227.5098,  227.5598,    0.0620,    0.2327,    0.4871,    0.7973,    1.1396,    1.4944,    1.8456,    2.1422,    2.4429,    2.9119,    3.5375,    4.1208,    3.7991,    3.9662,    4.1036,    4.1973,    4.1244,    3.9294,    3.6234,    3.5824,    3.8811,    4.0200,    4.0406,    3.9737,    1.3805,    1.3641,    1.3425,    1.3056,    1.2605,    1.2151,    1.0756,    1.0621,    1.0079,    0.8633,    0.8495,    0.6731,    0.4259,    0.3599,    0.2968,    0.2855,    0.2657,    0.2236,    0.2582,    0.2611,    0.2787,    0.3154,    0.3778,    0.4471,    0.5645,    0.6204,    0.5207,    0.6669,    0.6566,    0.6519,    0.6578,    0.7190,    0.7266,    0.7346,    0.7319,    0.7174,    1.8916,    1.7603,    1.6799,    1.6412,    1.6183,    1.5863,    1.5379,    1.4716,    1.4070,    1.3264,    1.2406,    1.1305,    1.4675,    0.9955,    0.6684,    0.5467,    0.6082,    0.7991,    0.8367,    0.7261,    0.6366,    0.5594,    0.5702,    0.5937,    1.5493,    1.1264,    0.8228,    0.5853,    0.4133,    0.2898,    0.2036,    0.1383,    0.0940,    0.0622,    0.0416,    0.0303,    0.0906,    0.0482,    0.0763,    0.0861,    0.0952,    0.0887,    0.0969,    0.1089,    0.0957,    0.1317,    0.1165,    0.1276,    0.1402,    0.1142,    0.1662,    0.1848,    0.1520,    0.1819,    0.2056,    0.2224,    0.2229,    0.1479,    0.2363,    0.2484,    0.3050,    0.3261,    0.3361,    0.3576,    0.3675,    0.3841,    0.3916,    0.4471,    0.4849,    0.4610,    0.4710,    0.4803,    0.8173,    0.8941,    0.9367,    0.9679,    0.9910,    1.0716,    1.0034,    1.0713,    1.0467,    1.0920,    1.0354,    1.1098,    2.3857,    2.3517,    2.3919,    2.4231,    2.4422,    2.3404,    2.4164,    2.4747,    2.5234,    2.3450,    2.3110,    2.3983,    6.0492,    5.7346,    5.6477,    5.4658,    5.0448,    4.7189,    4.1290,    3.7847,    3.6348,    3.1785,    2.4337,    2.2539,    1.7344,    1.5916,    1.2096,    1.1506,    0.7748,    0.5660,    0.4557,    0.1803,    0.1589,    0.1136,    0.0392,    0.0318,    0.0599,    0.2261,    0.4762,    0.7846,    1.1292,    1.4915,    1.8556,    2.2954,    2.6422,    2.4687,    1.4422,    0.2141,    0.0000,    0.0000,    0.0000,    0.0533,    0.5980,    1.3653,    2.2272,    2.2576,    1.3686,    0.8307,    0.5880,    0.5690,    0.1736,    0.1913,    0.2253,    0.3121,    0.4207,    0.5190,    0.8343,    0.8509,    0.9322,    1.0800,    1.1254,    1.2548,    0.9696,    0.9641,    0.9572,    0.9473,    0.9378,    0.9287,    0.9178,    0.9074,    0.8966,    0.8844,    0.8683,    0.8427,    0.8076,    0.6896,    0.7481,    0.5224,    0.5256,    0.5142,    0.4525,    0.2873,    0.2319,    0.1659,    0.1338,    0.1332,    0.3982,    0.4662,    0.4350,    0.3462,    0.2347,    0.1485,    0.0955,    0.0798,    0.0663,    0.0838,    0.1139,    0.1774,    0.5665,    0.9662,    1.1482,    1.1012,    0.8765,    0.4927,    0.3014,    0.3097,    0.3017,    0.2886,    0.1826,    0.0692,    0.0571,    0.0359,    0.0067,    0.0047,    0.0032,    0.0022,    0.0000,    0.0035,    0.0040,    0.0054,    0.0048,    0.0010,    0.0230,    0.0000,    0.0589,    0.1055,    0.1206,    0.1103,    0.1238,    0.1377,    0.1226,    0.1688,    0.1492,    0.1636,    0.1786,    0.1450,    0.2095,    0.2287,    0.1858,    0.1202,    0.0143,    0.0320,    0.1559,    0.1868,    0.3020,    0.3156,    0.3907,    0.4180,    0.4309,    0.4581,    0.4692,    0.4784,    0.4458,    0.4056,    0.3561,    0.4258,    0.5896,    0.5987,    1.0470,    1.1458,    1.1979,    1.2140,    1.1912,    1.3203,    1.2675,    1.3501,    1.2405,    1.3996,    1.3229,    1.4072,    3.0429,    2.9658,    3.0656,    3.1051,    3.1175,    2.9998,    3.0976,    3.1723,    3.2347,    3.0043,    2.9624,    3.0743,    7.7535,    7.3505,    7.2388,    7.0054,    6.4655,    6.0477,    5.2914,    4.8499,    4.6576,    4.0726,    3.1181,    2.8876,    2.2218,    2.0386,    1.5492,    1.4734,    0.9934,    0.7068,    0.5689,    0.2312,    0.2037,    0.1418,    0.0490,    0.0396
    2,    1.0000,  227.5722,    0.2781,  123.3421,  107.1286,  -15.7246,   17.8895,  158.4330,  163.5827,  163.6723,  163.8293,  164.1029,  164.5732,  165.3648,  166.6602,  168.4872,  170.9519,  174.2721,  178.5564,  183.8814,  190.3071,  197.9049,  205.8548,  212.8059,  218.1105,  222.1140,  224.8330,  226.3589,  227.0949,  227.3721,  227.5098,  227.5598,    0.0606,    0.2270,    0.4742,    0.7745,    1.1045,    1.4450,    1.7802,    2.0601,    2.3428,    2.7966,    3.4519,    4.1058,    3.7991,    3.9662,    4.1036,    4.1928,    4.0731,    3.8157,    3.4503,    3.4018,    3.7538,    3.9357,    3.9801,    3.9224,    1.3640,    1.3477,    1.3265,    1.2902,    1.2461,    1.2031,    1.0665,    1.0532,    0.9998,    0.8576,    0.8443,    0.6707,    0.4250,    0.3594,    0.2966,    0.2853,    0.2656,    0.2235,    0.2581,    0.2609,    0.2785,    0.3151,    0.3769,    0.4455,    0.5612,    0.6159,    0.5175,    0.6610,    0.6509,    0.6461,    0.6517,    0.7114,    0.7176,    0.7240,    0.7199,    0.7034,    1.8429,    1.6992,    1.6156,    1.5867,    1.5788,    1.5603,    1.5205,    1.4575,    1.3961,    1.3135,    1.2237,    1.1006,    1.3740,    0.8736,    0.5680,    0.4616,    0.5172,    0.7174,    0.7774,    0.6666,    0.5792,    0.5053,    0.5333,    0.5802,    1.5380,    1.1208,    0.8206,    0.5838,    0.4121,    0.2889,    0.2036,    0.1383,    0.0940,    0.0622,    0.0416,    0.0303,    0.0906,    0.0482,    0.0764,    0.0863,    0.0950,    0.0885,    0.0967,    0.1087,    0.0955,    0.1315,    0.1163,    0.1274,    0.1397,    0.1138,    0.1656,    0.1842,    0.1515,    0.1814,    0.2053,    0.2220,    0.2222,    0.1472,    0.2351,    0.2468,    0.3031,    0.3241,    0.3336,    0.3550,    0.3648,    0.3810,    0.3886,    0.4441,    0.4815,    0.4575,    0.4664,    0.4759,    0.8090,    0.8855,    0.9273,    0.9579,    0.9808,    1.0602,    0.9924,    1.0601,    1.0360,    1.0796,    1.0235,    1.0970,    2.3568,    2.3225,    2.3587,    2.3876,    2.4046,    2.3030,    2.3760,    2.4324,    2.4798,    2.3041,    2.2707,    2.3561,    5.9388,    5.6217,    5.5303,    5.3493,    4.9363,    4.6141,    4.0337,    3.6936,    3.5467,    3.0997,    2.3714,    2.1946,    1.6880,    1.5485,    1.1759,    1.1176,    0.7525,    0.5514,    0.4436,    0.1747,    0.1540,    0.1105,    0.0381,    0.0308,    0.0642,    0.2425,    0.5112,    0.8429,    1.2141,    1.6050,    1.9987,    2.4418,    2.8135,    2.7741,    1.7786,    0.2828,    0.0000,    0.0000,    0.0000,    0.0709,    0.7759,    1.7042,    2.6433,    2.6730,    1.7065,    1.0637,    0.7541,    0.7048,    0.2166,    0.2331,    0.2653,    0.3484,    0.4526,    0.5438,    0.8489,    0.8643,    0.9426,    1.0858,    1.1294,    1.2551,    0.9697,    0.9641,    0.9572,    0.9473,    0.9378,    0.9287,    0.9178,    0.9074,    0.8966,    0.8844,    0.8684,    0.8429,    0.8092,    0.6938,    0.7507,    0.5301,    0.5329,    0.5216,    0.4612,    0.2999,    0.2476,    0.1853,    0.1560,    0.1591,    0.4868,    0.5732,    0.5461,    0.4403,    0.3033,    0.1935,    0.1252,    0.1035,    0.0844,    0.1048,    0.1406,    0.2231,    0.6985,    1.1122,    1.2475,    1.1802,    0.9717,    0.5928,    0.3761,    0.3828,    0.3704,    0.3519,    0.2261,    0.0853,    0.0702,    0.0421,    0.0090,    0.0062,    0.0043,    0.0029,    0.0000,    0.0035,    0.0040,    0.0054,    0.0048,    0.0010,    0.0230,    0.0000,    0.0586,    0.1050,    0.1204,    0.1101,    0.1235,    0.1374,    0.1223,    0.1685,    0.1489,    0.1633,    0.1780,    0.1445,    0.2087,    0.2279,    0.1852,    0.1198,    0.0142,    0.0318,    0.1551,    0.1859,    0.3005,    0.3135,    0.3883,    0.4154,    0.4277,    0.4547,    0.4658,    0.4744,    0.4422,    0.4023,    0.3529,    0.4221,    0.5838,    0.5931,    1.0364,    1.1349,    1.1858,    1.2013,    1.1785,    1.3059,    1.2535,    1.3360,    1.2273,    1.3836,    1.3076,    1.3908,    3.0058,    2.9286,    3.0230,    3.0595,    3.0694,    2.9518,    3.0457,    3.1179,    3.1786,    2.9517,    2.9106,    3.0200,    7.6115,    7.2053,    7.0878,    6.8554,    6.3257,    5.9126,    5.1685,    4.7324,    4.5439,    3.9707,    3.0375,    2.8109,    2.1618,    1.9828,    1.5055,    1.4307,    0.9647,    0.6822,    0.5487,    0.2240,    0.1974,    0.1365,    0.0471,    0.0381
    2,    1.2500,  227.5722,    0.2908,  120.8164,  105.2389,  -15.0882,   20.6636,  158.4330,  163.5827,  163.6723,  163.8293,  164.1029,  164.5732,  165.3648,  166.6602,  168.4872,  170.9519,  174.2721,  178.5564,  183.8814,  190.3071,  197.9049,  205.8548,  212.8059,  218.1105,  222.1140,  224.8330,  226.3589,  227.0949,  227.3721,  227.5098,  227.5598,    0.0595,    0.2227,    0.4644,    0.7571,    1.0778,    1.4074,    1.7304,    1.9986,    2.2680,    2.7043,    3.3745,    4.0910,    3.7991,    3.9662,    4.1036,    4.1882,    4.0236,    3.7116,    3.3030,    3.2489,    3.6378,    3.8558,    3.9217,    3.8726,    1.3479,    1.3318,    1.3108,    1.2752,    1.2320,    1.1913,    1.0576,    1.0444,    0.9920,    0.8520,    0.8391,    0.6684,    0.4242,    0.3590,    0.2965,    0.2852,    0.2655,    0.2235,    0.2580,    0.2608,    0.2783,    0.3147,    0.3760,    0.4439,    0.5580,    0.6115,    0.5143,    0.6553,    0.6453,    0.6405,    0.6458,    0.7041,    0.7088,    0.7137,    0.7084,    0.6899,    1.7965,    1.6421,    1.5560,    1.5356,    1.5410,    1.5351,    1.5036,    1.4437,    1.3853,    1.3008,    1.2072,    1.0720,    1.2909,    0.7802,    0.4993,    0.4047,    0.4527,    0.6500,    0.7250,    0.6149,    0.5301,    0.4596,    0.5000,    0.5670,    1.5269,    1.1151,    0.8185,    0.5822,    0.4110,    0.2881,    0.2036,    0.1383,    0.0940,    0.0622,    0.0416,    0.0303,    0.0906,    0.0482,    0.0766,    0.0865,    0.0948,    0.0883,    0.0965,    0.1085,    0.0953,    0.1312,    0.1161,    0.1272,    0.1391,    0.1134,    0.1651,    0.1835,    0.1510,    0.1809,    0.2050,    0.2216,    0.2215,    0.1465,    0.2340,    0.2452,    0.3012,    0.3221,    0.3311,    0.3524,    0.3622,    0.3779,    0.3856,    0.4411,    0.4782,    0.4541,    0.4620,    0.4715,    0.8009,    0.8771,    0.9182,    0.9482,    0.9708,    1.0490,    0.9817,    1.0493,    1.0256,    1.0675,    1.0119,    1.0845,    2.3288,    2.2942,    2.3267,    2.3533,    2.3685,    2.2671,    2.3372,    2.3918,    2.4380,    2.2650,    2.2321,    2.3157,    5.8334,    5.5145,    5.4191,    5.2390,    4.8336,    4.5152,    3.9439,    3.6081,    3.4641,    3.0258,    2.3131,    2.1392,    1.6448,    1.5083,    1.1446,    1.0871,    0.7317,    0.5380,    0.4325,    0.1695,    0.1495,    0.1076,    0.0371,    0.0300,    0.0664,    0.2512,    0.5297,    0.8741,    1.2599,    1.6667,    2.0769,    2.5181,    2.9035,    2.9713,    2.0620,    0.3501,    0.0000,    0.0000,    0.0000,    0.0884,    0.9439,    1.9981,    2.9618,    2.9891,    1.9991,    1.2785,    0.9113,    0.8346,    0.2578,    0.2732,    0.3037,    0.3832,    0.4832,    0.5677,    0.8629,    0.8772,    0.9527,    1.0915,    1.1332,    1.2554,    0.9697,    0.9641,    0.9572,    0.9473,    0.9378,    0.9287,    0.9178,    0.9074,    0.8966,    0.8844,    0.8684,    0.8431,    0.8107,    0.6978,    0.7533,    0.5377,    0.5401,    0.5287,    0.4697,    0.3122,    0.2627,    0.2040,    0.1773,    0.1838,    0.5697,    0.6709,    0.6468,    0.5269,    0.3680,    0.2368,    0.1542,    0.1267,    0.1022,    0.1253,    0.1665,    0.2663,    0.8125,    1.2168,    1.3093,    1.2282,    1.0344,    0.6727,    0.4412,    0.4449,    0.4279,    0.4043,    0.2648,    0.1008,    0.0831,    0.0482,    0.0112,    0.0077,    0.0053,    0.0036,    0.0000,    0.0035,    0.0040,    0.0054,    0.0048,    0.0010,    0.0230,    0.0000,    0.0583,    0.1044,    0.1201,    0.1099,    0.1233,    0.1372,    0.1221,    0.1682,    0.1487,    0.1630,    0.1773,    0.1440,    0.2080,    0.2271,    0.1845,    0.1194,    0.0142,    0.0317,    0.1543,    0.1850,    0.2990,    0.3115,    0.3858,    0.4129,    0.4245,    0.4514,    0.4624,    0.4705,    0.4386,    0.3991,    0.3497,    0.4184,    0.5782,    0.5875,    1.0261,    1.1241,    1.1741,    1.1889,    1.1660,    1.2919,    1.2399,    1.3221,    1.2145,    1.3681,    1.2928,    1.3748,    2.9699,    2.8925,    2.9819,    3.0155,    3.0230,    2.9056,    2.9959,    3.0659,    3.1250,    2.9014,    2.8610,    2.9680,    7.4759,    7.0673,    6.9447,    6.7134,    6.1935,    5.7850,    5.0527,    4.6221,    4.4371,    3.8753,    2.9621,    2.7392,    2.1058,    1.9307,    1.4649,    1.3910,    0.9381,    0.6593,    0.5299,    0.2173,    0.1916,    0.1317,    0.0454,    0.0367
    2,    1.5000,  227.5722,    0.3029,  118.5954,  103.4425,  -14.6632,   22.7633,  158.4330,  163.5827,  163.6723,  163.8293,  164.1029,  164.5732,  165.3648,  166.6602,  168.4872,  170.9519,  174.2721,  178.5564,  183.8814,  190.3071,  197.9049,  205.8548,  212.8059,  218.1105,  222.1140,  224.8330,  226.3589,  227.0949,  227.3721,  227.5098,  227.5598,    0.0586,    0.2192,    0.4566,    0.7434,    1.0567,    1.3777,    1.6912,    1.9508,    2.2100,    2.6291,    3.3043,    4.0764,    3.7991,    3.9662,    4.1036,    4.1837,    3.9759,    3.6163,    3.1767,    3.1183,    3.5318,    3.7801,    3.8654,    3.8243,    1.3323,    1.3163,    1.2956,    1.2607,    1.2183,    1.1798,    1.0488,    1.0358,    0.9843,    0.8465,    0.8341,    0.6660,    0.4233,    0.3585,    0.2963,    0.2850,    0.2654,    0.2235,    0.2579,    0.2607,    0.2782,    0.3143,    0.3752,    0.4422,    0.5548,    0.6072,    0.5113,    0.6497,    0.6398,    0.6349,    0.6399,    0.6968,    0.7002,    0.7037,    0.6972,    0.6769,    1.7524,    1.5888,    1.5006,    1.4876,    1.5049,    1.5106,    1.4869,    1.4301,    1.3747,    1.2883,    1.1911,    1.0447,    1.2169,    0.7072,    0.4497,    0.3643,    0.4053,    0.5937,    0.6784,    0.5698,    0.4879,    0.4207,    0.4701,    0.5543,    1.5158,    1.1095,    0.8164,    0.5806,    0.4099,    0.2873,    0.2036,    0.1383,    0.0940,    0.0622,    0.0416,    0.0303,    0.0906,    0.0482,    0.0767,    0.0867,    0.0946,    0.0882,    0.0964,    0.1083,    0.0951,    0.1310,    0.1158,    0.1269,    0.1386,    0.1130,    0.1645,    0.1829,    0.1505,    0.1805,    0.2047,    0.2212,    0.2208,    0.1458,    0.2328,    0.2437,    0.2993,    0.3202,    0.3287,    0.3498,    0.3597,    0.3748,    0.3827,    0.4382,    0.4750,    0.4508,    0.4577,    0.4673,    0.7930,    0.8690,    0.9092,    0.9387,    0.9611,    1.0382,    0.9713,    1.0387,    1.0154,    1.0557,    1.0007,    1.0724,    2.3016,    2.2668,    2.2957,    2.3202,    2.3337,    2.2326,    2.3001,    2.3530,    2.3981,    2.2275,    2.1952,    2.2770,    5.7327,    5.4123,    5.3135,    5.1345,    4.7364,    4.4216,    3.8592,    3.5276,    3.3863,    2.9563,    2.2584,    2.0873,    1.6043,    1.4708,    1.1154,    1.0586,    0.7124,    0.5257,    0.4224,    0.1647,    0.1452,    0.1050,    0.0362,    0.0292,    0.0676,    0.2559,    0.5401,    0.8916,    1.2857,    1.7017,    2.1218,    2.5607,    2.9542,    3.1009,    2.3012,    0.4161,    0.0000,    0.0000,    0.0000,    0.1059,    1.1028,    2.2535,    3.2071,    3.2311,    2.2528,    1.4765,    1.0602,    0.9587,    0.2974,    0.3117,    0.3406,    0.4167,    0.5126,    0.5908,    0.8765,    0.8897,    0.9625,    1.0970,    1.1369,    1.2556,    0.9697,    0.9641,    0.9572,    0.9473,    0.9378,    0.9287,    0.9178,    0.9074,    0.8966,    0.8844,    0.8684,    0.8433,    0.8122,    0.7017,    0.7559,    0.5450,    0.5470,    0.5357,    0.4780,    0.3241,    0.2774,    0.2220,    0.1977,    0.2072,    0.6471,    0.7601,    0.7380,    0.6067,    0.4291,    0.2786,    0.1825,    0.1495,    0.1198,    0.1454,    0.1917,    0.3072,    0.9114,    1.2934,    1.3504,    1.2599,    1.0777,    0.7371,    0.4978,    0.4979,    0.4764,    0.4480,    0.2993,    0.1158,    0.0958,    0.0543,    0.0134,    0.0093,    0.0064,    0.0044,    0.0000,    0.0035,    0.0040,    0.0054,    0.0048,    0.0010,    0.0230,    0.0000,    0.0579,    0.1039,    0.1199,    0.1096,    0.1231,    0.1369,    0.1219,    0.1679,    0.1484,    0.1627,    0.1767,    0.1435,    0.2072,    0.2263,    0.1839,    0.1190,    0.0141,    0.0315,    0.1535,    0.1841,    0.2976,    0.3096,    0.3834,    0.4104,    0.4213,    0.4481,    0.4592,    0.4666,    0.4351,    0.3960,    0.3467,    0.4148,    0.5727,    0.5821,    1.0160,    1.1136,    1.1626,    1.1768,    1.1539,    1.2782,    1.2266,    1.3087,    1.2019,    1.3531,    1.2783,    1.3593,    2.9350,    2.8576,    2.9421,    2.9730,    2.9784,    2.8613,    2.9482,    3.0160,    3.0736,    2.8533,    2.8135,    2.9183,    7.3464,    6.9359,    6.8088,    6.5788,    6.0682,    5.6644,    4.9434,    4.5181,    4.3366,    3.7855,    2.8914,    2.6721,    2.0534,    1.8820,    1.4270,    1.3540,    0.9134,    0.6380,    0.5124,    0.2111,    0.1862,    0.1272,    0.0438,    0.0354
    2,    1.7500,  227.5722,    0.3144,  116.6113,  101.7314,  -14.3897,   24.3980,  158.4330,  163.5827,  163.6723,  163.8293,  164.1029,  164.5732,  165.3648,  166.6602,  168.4872,  170.9519,  174.2721,  178.5564,  183.8814,  190.3071,  197.9049,  205.8548,  212.8059,  218.1105,  222.1140,  224.8330,  226.3589,  227.0949,  227.3721,  227.5098,  227.5598,    0.0579,    0.2164,    0.4503,    0.7323,    1.0397,    1.3537,    1.6594,    1.9125,    2.1634,    2.5666,    3.2404,    4.0620,    3.7991,    3.9662,    4.1036,    4.1792,    3.9299,    3.5288,    3.0676,    3.0059,    3.4349,    3.7083,    3.8112,    3.7775,    1.3171,    1.3013,    1.2808,    1.2465,    1.2050,    1.1686,    1.0403,    1.0274,    0.9767,    0.8411,    0.8292,    0.6638,    0.4224,    0.3580,    0.2961,    0.2849,    0.2653,    0.2234,    0.2578,    0.2606,    0.2780,    0.3139,    0.3743,    0.4406,    0.5517,    0.6029,    0.5082,    0.6442,    0.6344,    0.6295,    0.6342,    0.6897,    0.6919,    0.6939,    0.6863,    0.6644,    1.7105,    1.5390,    1.4491,    1.4425,    1.4703,    1.4867,    1.4706,    1.4168,    1.3642,    1.2760,    1.1754,    1.0186,    1.1507,    0.6491,    0.4124,    0.3342,    0.3692,    0.5466,    0.6368,    0.5304,    0.4515,    0.3875,    0.4430,    0.5421,    1.5048,    1.1040,    0.8142,    0.5791,    0.4087,    0.2865,    0.2036,    0.1383,    0.0940,    0.0622,    0.0416,    0.0303,    0.0906,    0.0482,    0.0768,    0.0870,    0.0945,    0.0880,    0.0962,    0.1081,    0.0950,    0.1307,    0.1156,    0.1267,    0.1381,    0.1126,    0.1639,    0.1823,    0.1499,    0.1800,    0.2044,    0.2208,    0.2201,    0.1451,    0.2317,    0.2422,    0.2975,    0.3182,    0.3262,    0.3473,    0.3571,    0.3718,    0.3799,    0.4354,    0.4718,    0.4475,    0.4534,    0.4631,    0.7853,    0.8610,    0.9005,    0.9294,    0.9516,    1.0276,    0.9612,    1.0284,    1.0055,    1.0443,    0.9897,    1.0606,    2.2752,    2.2402,    2.2658,    2.2883,    2.3002,    2.1993,    2.2644,    2.3157,    2.3597,    2.1916,    2.1598,    2.2399,    5.6363,    5.3150,    5.2131,    5.0352,    4.6441,    4.3329,    3.7791,    3.4516,    3.3129,    2.8909,    2.2069,    2.0386,    1.5664,    1.4356,    1.0880,    1.0321,    0.6944,    0.5144,    0.4130,    0.1602,    0.1413,    0.1025,    0.0353,    0.0285,    0.0684,    0.2587,    0.5461,    0.9019,    1.3011,    1.7228,    2.1489,    2.5865,    2.9851,    3.1879,    2.5033,    0.4809,    0.0000,    0.0000,    0.0000,    0.1232,    1.2530,    2.4755,    3.3973,    3.4180,    2.4732,    1.6591,    1.2013,    1.0773,    0.3355,    0.3487,    0.3760,    0.4489,    0.5409,    0.6131,    0.8896,    0.9018,    0.9719,    1.1023,    1.1405,    1.2558,    0.9697,    0.9641,    0.9572,    0.9473,    0.9378,    0.9287,    0.9178,    0.9074,    0.8966,    0.8844,    0.8684,    0.8435,    0.8137,    0.7055,    0.7583,    0.5521,    0.5537,    0.5424,    0.4860,    0.3356,    0.2916,    0.2393,    0.2172,    0.2295,    0.7196,    0.8417,    0.8209,    0.6803,    0.4868,    0.3188,    0.2100,    0.1718,    0.1371,    0.1651,    0.2161,    0.3458,    0.9973,    1.3508,    1.3795,    1.2823,    1.1087,    0.7895,    0.5474,    0.5433,    0.5173,    0.4846,    0.3302,    0.1302,    0.1084,    0.0603,    0.0156,    0.0108,    0.0074,    0.0051,    0.0000,    0.0035,    0.0040,    0.0054,    0.0048,    0.0010,    0.0230,    0.0000,    0.0576,    0.1033,    0.1197,    0.1094,    0.1228,    0.1367,    0.1216,    0.1676,    0.1481,    0.1624,    0.1760,    0.1430,    0.2065,    0.2255,    0.1832,    0.1186,    0.0140,    0.0313,    0.1528,    0.1832,    0.2962,    0.3076,    0.3811,    0.4079,    0.4182,    0.4449,    0.4559,    0.4628,    0.4316,    0.3929,    0.3436,    0.4113,    0.5674,    0.5768,    1.0061,    1.1034,    1.1514,    1.1651,    1.1421,    1.2649,    1.2137,    1.2955,    1.1897,    1.3384,    1.2643,    1.3442,    2.9011,    2.8237,    2.9037,    2.9320,    2.9354,    2.8186,    2.9023,    2.9680,    3.0243,    2.8071,    2.7680,    2.8706,    7.2225,    6.8106,    6.6795,    6.4509,    5.9492,    5.5500,    4.8400,    4.4200,    4.2418,    3.7009,    2.8248,    2.6091,    2.0042,    1.8363,    1.3914,    1.3195,    0.8902,    0.6180,    0.4960,    0.2054,    0.1812,    0.1230,    0.0423,    0.0342
    2,    2.0000,  227.5722,    0.3254,  114.8173,  100.0985,  -14.2280,   25.6956,  158.4330,  163.5827,  163.6723,  163.8293,  164.1029,  164.5732,  165.3648,  166.6602,  168.4872,  170.9519,  174.2721,  178.5564,  183.8814,  190.3071,  197.9049,  205.8548,  212.8059,  218.1105,  222.1140,  224.8330,  226.3589,  227.0949,  227.3721,  227.5098,  227.5598,    0.0574,    0.2141,    0.4451,    0.7231,    1.0255,    1.3338,    1.6332,    1.8809,    2.1250,    2.5139,    3.1821,    4.0477,    3.7991,    3.9662,    4.1036,    4.1747,    3.8854,    3.4482,    2.9726,    2.9084,    3.3459,    3.6402,    3.7589,    3.7321,    1.3024,    1.2866,    1.2663,    1.2327,    1.1920,    1.1576,    1.0320,    1.0192,    0.9693,    0.8359,    0.8243,    0.6615,    0.4216,    0.3576,    0.2960,    0.2848,    0.2652,    0.2234,    0.2577,    0.2604,    0.2778,    0.3135,    0.3735,    0.4391,    0.5486,    0.5987,    0.5053,    0.6388,    0.6291,    0.6242,    0.6285,    0.6828,    0.6837,    0.6845,    0.6758,    0.6524,    1.6705,    1.4923,    1.4012,    1.4000,    1.4372,    1.4636,    1.4546,    1.4036,    1.3538,    1.2639,    1.1600,    0.9937,    1.0913,    0.6020,    0.3833,    0.3107,    0.3408,    0.5066,    0.5997,    0.4958,    0.4199,    0.3589,    0.4184,    0.5302,    1.4940,    1.0985,    0.8121,    0.5775,    0.4076,    0.2857,    0.2036,    0.1383,    0.0940,    0.0622,    0.0416,    0.0303,    0.0906,    0.0482,    0.0769,    0.0872,    0.0943,    0.0878,    0.0960,    0.1079,    0.0948,    0.1305,    0.1154,    0.1264,    0.1376,    0.1122,    0.1633,    0.1816,    0.1494,    0.1796,    0.2041,    0.2204,    0.2193,    0.1444,    0.2306,    0.2407,    0.2957,    0.3163,    0.3239,    0.3448,    0.3547,    0.3689,    0.3771,    0.4325,    0.4687,    0.4443,    0.4493,    0.4590,    0.7778,    0.8531,    0.8919,    0.9204,    0.9423,    1.0173,    0.9513,    1.0184,    0.9959,    1.0332,    0.9791,    1.0491,    2.2495,    2.2144,    2.2368,    2.2575,    2.2679,    2.1673,    2.2300,    2.2799,    2.3229,    2.1571,    2.1258,    2.2044,    5.5440,    5.2220,    5.1175,    4.9408,    4.5564,    4.2487,    3.7031,    3.3797,    3.2435,    2.8291,    2.1584,    1.9928,    1.5306,    1.4025,    1.0624,    1.0071,    0.6774,    0.5039,    0.4044,    0.1560,    0.1376,    0.1003,    0.0345,    0.0279,    0.0688,    0.2604,    0.5499,    0.9083,    1.3109,    1.7363,    2.1664,    2.6032,    3.0054,    3.2478,    2.6744,    0.5444,    0.0000,    0.0000,    0.0000,    0.1405,    1.3951,    2.6690,    3.5459,    3.5634,    2.6649,    1.8276,    1.3349,    1.1907,    0.3720,    0.3843,    0.4101,    0.4798,    0.5681,    0.6346,    0.9023,    0.9134,    0.9810,    1.1074,    1.1440,    1.2561,    0.9697,    0.9641,    0.9572,    0.9473,    0.9378,    0.9287,    0.9178,    0.9074,    0.8966,    0.8844,    0.8684,    0.8437,    0.8151,    0.7092,    0.7607,    0.5590,    0.5603,    0.5489,    0.4937,    0.3469,    0.3053,    0.2559,    0.2360,    0.2507,    0.7875,    0.9163,    0.8961,    0.7481,    0.5413,    0.3576,    0.2369,    0.1936,    0.1540,    0.1845,    0.2399,    0.3824,    1.0722,    1.3947,    1.4009,    1.2989,    1.1319,    0.8324,    0.5908,    0.5824,    0.5522,    0.5155,    0.3578,    0.1440,    0.1209,    0.0663,    0.0178,    0.0123,    0.0085,    0.0058,    0.0000,    0.0035,    0.0040,    0.0054,    0.0048,    0.0010,    0.0230,    0.0000,    0.0573,    0.1028,    0.1195,    0.1092,    0.1226,    0.1364,    0.1214,    0.1673,    0.1478,    0.1621,    0.1754,    0.1424,    0.2058,    0.2247,    0.1826,    0.1181,    0.0140,    0.0312,    0.1520,    0.1823,    0.2947,    0.3057,    0.3787,    0.4054,    0.4152,    0.4417,    0.4528,    0.4591,    0.4282,    0.3899,    0.3407,    0.4078,    0.5621,    0.5716,    0.9964,    1.0933,    1.1404,    1.1536,    1.1305,    1.2519,    1.2011,    1.2827,    1.1778,    1.3241,    1.2506,    1.3296,    2.8682,    2.7907,    2.8664,    2.8924,    2.8940,    2.7774,    2.8582,    2.9220,    2.9770,    2.7628,    2.7243,    2.8249,    7.1038,    6.6909,    6.5563,    6.3292,    5.8361,    5.4414,    4.7420,    4.3272,    4.1521,    3.6210,    2.7620,    2.5497,    1.9579,    1.7934,    1.3581,    1.2870,    0.8685,    0.5992,    0.4806,    0.2000,    0.1765,    0.1190,    0.0410,    0.0330
