Particle       ,data/QEXT_96IR_84_VIS_TiO2_0p5um_poro_90pct
Ncase          ,  14
dt (sols)      ,  0.020833
Qext 0.67um    ,  1.074000
Alb sfc        ,  0.220000
Conrath nu     ,  0.002000
Sun Flux (W/m2),148.389262
BWN IR (cm-1)  ,     10.0000,     58.3330,     82.5000,    106.6670,    130.8330,    155.0000,    179.1670,    203.3330,    227.5000,    251.6670,    275.8330,    300.0000,    320.7880,    341.5750,    362.3630,    383.1500,    403.9380,    424.7250,    445.5130,    466.3010,    487.0880,    507.8760,    528.6630,    549.4510,    556.7420,    564.0330,    571.3240,    578.6150,    585.9060,    593.1970,    600.4880,    607.7790,    615.0700,    622.3610,    629.6520,    636.9430,    642.5500,    648.1570,    653.7640,    659.3700,    664.9770,    670.5840,    676.1910,    681.7980,    687.4050,    693.0110,    698.6180,    704.2250,    710.1390,    716.0530,    721.9670,    727.8810,    733.7950,    739.7090,    745.6240,    751.5380,    757.4520,    763.3660,    769.2800,    775.1940,    791.5010,    807.8070,    824.1140,    840.4210,    856.7270,    873.0340,    889.3410,    905.6470,    921.9540,    938.2610,    954.5670,    970.8740,    996.8050,   1022.7370,   1048.6680,   1074.6000,   1100.5310,   1126.4630,   1152.3940,   1178.3250,   1204.2570,   1230.1880,   1256.1200,   1282.0510,   1360.3990,   1438.7460,   1517.0940,   1595.4410,   1673.7890,   1752.1370,   1830.4840,   1908.8320,   1987.1790,   2065.5270,   2143.8740,   2222.2220
BWN VIS (cm-1) ,   2222.2200,   2366.4120,   2438.5080,   2510.6030,   2582.6990,   2654.7950,   2726.8910,   2798.9870,   2871.0820,   2943.1780,   3015.2740,   3087.3700,   3165.9750,   3244.5800,   3323.1850,   3401.7900,   3480.3950,   3559.0000,   3637.6050,   3716.2100,   3794.8150,   3873.4200,   3952.0250,   4030.6300,   4142.2920,   4253.9530,   4365.6150,   4477.2770,   4588.9380,   4700.6000,   4812.2620,   4923.9230,   5035.5850,   5147.2470,   5258.9080,   5370.5700,   5560.6150,   5750.6600,   5940.7050,   6130.7500,   6320.7950,   6510.8400,   6700.8850,   6890.9300,   7080.9750,   7271.0200,   7461.0650,   7651.1100,   8055.1840,   8459.2580,   8863.3330,   9267.4070,   9671.4810,  10075.5550,  10479.6290,  10883.7030,  11287.7780,  11691.8520,  12095.9260,  12500.0000,  13541.6670,  14583.3330,  15625.0000,  16666.6670,  17708.3330,  18750.0000,  19791.6670,  20833.3330,  21875.0000,  22916.6670,  23958.3330,  25000.0000,  26388.8890,  27777.7780,  29166.6670,  30555.5570,  31944.4460,  33333.3350,  34722.2240,  36111.1130,  37500.0030,  38888.8920,  40277.7810,  41666.6700
================
wavelenght [um],    0.244068,    0.252632,    0.261818,    0.271698,    0.282353,    0.293878,    0.306383,    0.320000,    0.334884,    0.351220,    0.369231,    0.389189,    0.408511,    0.426667,    0.446512,    0.468293,    0.492308,    0.518919,    0.548571,    0.581818,    0.619355,    0.662069,    0.711111,    0.768000,    0.813143,    0.840768,    0.870336,    0.902060,    0.936184,    0.972991,    1.012810,    1.056028,    1.103099,    1.154562,    1.211061,    1.273375,    1.323436,    1.357581,    1.393534,    1.431444,    1.471474,    1.513807,    1.558648,    1.606226,    1.656801,    1.710664,    1.768147,    1.829628,    1.881560,    1.921939,    1.964090,    2.008131,    2.054193,    2.102417,    2.152960,    2.205992,    2.261704,    2.320302,    2.382017,    2.447105,    2.505432,    2.555765,    2.608162,    2.662752,    2.719677,    2.779088,    2.841153,    2.906054,    2.973989,    3.045176,    3.119855,    3.198288,    3.277268,    3.356577,    3.439819,    3.527294,    3.619334,    3.716307,    3.818620,    3.926726,    4.041130,    4.162400,    4.291175,    4.428172,    4.580751,    4.751270,    4.934974,    5.133456,    5.348572,    5.582505,    5.837838,    6.117648,    6.425631,    6.766266,    7.145039,    7.568734,    7.879690,    8.044056,    8.215425,    8.394255,    8.581043,    8.776330,    8.980716,    9.194848,    9.419442,    9.655282,    9.903235,   10.164260,   10.387231,   10.566200,   10.751445,   10.943308,   11.142136,   11.348323,   11.562291,   11.784476,   12.015368,   12.255495,   12.505409,   12.765727,   12.949392,   13.049328,   13.150818,   13.253898,   13.358608,   13.464994,   13.573088,   13.682923,   13.794549,   13.908012,   14.023357,   14.140631,   14.256763,   14.371646,   14.488386,   14.607038,   14.727660,   14.850291,   14.974981,   15.101782,   15.230738,   15.361915,   15.495384,   15.631191,   15.790367,   15.974275,   16.162517,   16.355249,   16.552633,   16.754839,   16.962047,   17.174443,   17.392227,   17.615605,   17.844795,   18.080028,   18.550914,   19.294981,   20.101230,   20.977796,   21.934298,   22.982219,   24.135264,   25.410119,   26.827165,   28.411593,   30.194923,   32.217118,   34.732292,   37.914692,   41.739101,   46.421699,   52.287582,   59.850314,   69.970927,   84.210526,  105.726686,  142.012170,  216.216216,  452.826771
Qext           ,      2.1100,      2.1460,      2.1880,      2.2300,      2.2800,      2.3250,      2.3930,      2.4890,      2.8650,      3.3690,      3.6750,      3.4790,      3.1780,      2.9600,      2.6790,      2.3750,      2.1160,      1.8870,      1.6620,      1.4740,      1.2630,      1.0740,      0.9250,      0.7670,      0.6710,      0.6250,      0.5740,      0.5290,      0.4820,      0.4360,      0.3970,      0.3630,      0.3290,      0.2920,      0.2560,      0.2250,      0.2020,      0.1880,      0.1750,      0.1620,      0.1500,      0.1400,      0.1290,      0.1190,      0.1100,      0.1020,      0.0940,      0.0850,      0.0790,      0.0750,      0.0710,      0.0670,      0.0630,      0.0590,      0.0560,      0.0520,      0.0480,      0.0440,      0.0410,      0.0380,      0.0350,      0.0330,      0.0310,      0.0290,      0.0270,      0.0250,      0.0230,      0.0220,      0.0200,      0.0180,      0.0170,      0.0150,      0.0140,      0.0130,      0.0120,      0.0110,      0.0100,      0.0090,      0.0080,      0.0070,      0.0060,      0.0050,      0.0050,      0.0040,      0.0040,      0.0030,      0.0030,      0.0020,      0.0020,      0.0020,      0.0020,      0.0040,      0.0050,      0.0060,      0.0050,      0.0030,      0.0020,      0.0020,      0.0010,      0.0010,      0.0010,      0.0010,      0.0010,      0.0020,      0.0040,      0.0070,      0.0120,      0.0170,      0.0240,      0.0290,      0.0340,      0.0380,      0.0410,      0.0440,      0.0460,      0.0480,      0.0500,      0.0520,      0.0540,      0.0560,      0.0570,      0.0570,      0.0570,      0.0580,      0.0580,      0.0580,      0.0580,      0.0590,      0.0590,      0.0600,      0.0600,      0.0600,      0.0600,      0.0630,      0.0670,      0.0710,      0.0750,      0.0800,      0.0850,      0.0910,      0.0970,      0.1040,      0.1120,      0.1200,      0.1290,      0.1400,      0.1490,      0.1570,      0.1650,      0.1730,      0.1810,      0.1880,      0.1940,      0.2000,      0.2060,      0.2120,      0.2230,      0.2360,      0.2430,      0.2420,      0.2360,      0.2240,      0.2110,      0.1960,      0.1810,      0.1650,      0.1480,      0.1310,      0.1120,      0.0920,      0.0730,      0.0550,      0.0410,      0.0340,      0.0340,      0.0340,      0.0340,      0.0340,      0.0340,      0.0340
Qscat          ,      0.9960,      1.0190,      1.0440,      1.0690,      1.0970,      1.1210,      1.1720,      1.3190,      2.0080,      2.9290,      3.5470,      3.4670,      3.1770,      2.9597,      2.6787,      2.3748,      2.1158,      1.8868,      1.6618,      1.4739,      1.2629,      1.0739,      0.9249,      0.7669,      0.6709,      0.6249,      0.5739,      0.5289,      0.4820,      0.4360,      0.3970,      0.3630,      0.3290,      0.2920,      0.2560,      0.2250,      0.2020,      0.1880,      0.1750,      0.1620,      0.1500,      0.1400,      0.1290,      0.1190,      0.1100,      0.1020,      0.0940,      0.0850,      0.0790,      0.0750,      0.0710,      0.0670,      0.0630,      0.0590,      0.0560,      0.0520,      0.0480,      0.0440,      0.0410,      0.0380,      0.0350,      0.0330,      0.0310,      0.0290,      0.0270,      0.0250,      0.0230,      0.0220,      0.0200,      0.0180,      0.0170,      0.0150,      0.0140,      0.0130,      0.0120,      0.0110,      0.0100,      0.0090,      0.0080,      0.0070,      0.0060,      0.0050,      0.0050,      0.0040,      0.0040,      0.0030,      0.0030,      0.0020,      0.0020,      0.0010,      0.0010,      0.0010,      0.0010,      0.0010,      0.0000,      0.0000,      0.0000,      0.0000,      0.0000,      0.0000,      0.0000,      0.0000,      0.0000,      0.0000,      0.0000,      0.0000,      0.0000,      0.0000,      0.0000,      0.0000,      0.0000,      0.0000,      0.0000,      0.0000,      0.0000,      0.0000,      0.0000,      0.0000,      0.0000,      0.0000,      0.0000,      0.0000,      0.0000,      0.0000,      0.0000,      0.0000,      0.0000,      0.0000,      0.0000,      0.0000,      0.0000,      0.0000,      0.0000,      0.0000,      0.0000,      0.0000,      0.0000,      0.0000,      0.0000,      0.0000,      0.0000,      0.0000,      0.0000,      0.0000,      0.0000,      0.0000,      0.0000,      0.0000,      0.0000,      0.0000,      0.0000,      0.0000,      0.0000,      0.0000,      0.0000,      0.0000,      0.0000,      0.0000,      0.0000,      0.0000,      0.0000,      0.0000,      0.0000,      0.0000,      0.0000,      0.0000,      0.0000,      0.0000,      0.0000,      0.0000,      0.0000,      0.0000,      0.0000,      0.0000,      0.0000,      0.0000,      0.0000,      0.0000,      0.0000,      0.0000
G factor       ,    0.9620,    0.9590,    0.9560,    0.9520,    0.9490,    0.9470,    0.9380,    0.9150,    0.8940,    0.8950,    0.9070,    0.9190,    0.9240,    0.9250,    0.9240,    0.9220,    0.9220,    0.9170,    0.9100,    0.9070,    0.9010,    0.8900,    0.8790,    0.8660,    0.8580,    0.8540,    0.8470,    0.8400,    0.8290,    0.8140,    0.7980,    0.7830,    0.7690,    0.7560,    0.7460,    0.7380,    0.7300,    0.7230,    0.7150,    0.7030,    0.6900,    0.6740,    0.6550,    0.6310,    0.6060,    0.5810,    0.5520,    0.5190,    0.4920,    0.4740,    0.4550,    0.4360,    0.4170,    0.3990,    0.3810,    0.3620,    0.3420,    0.3240,    0.3070,    0.2900,    0.2760,    0.2650,    0.2540,    0.2440,    0.2330,    0.2240,    0.2130,    0.2030,    0.1940,    0.1850,    0.1750,    0.1670,    0.1590,    0.1510,    0.1430,    0.1360,    0.1290,    0.1220,    0.1160,    0.1090,    0.1030,    0.0970,    0.0910,    0.0850,    0.0800,    0.0740,    0.0680,    0.0630,    0.0580,    0.0530,    0.0490,    0.0440,    0.0400,    0.0360,    0.0320,    0.0290,    0.0260,    0.0250,    0.0240,    0.0230,    0.0220,    0.0210,    0.0200,    0.0190,    0.0180,    0.0170,    0.0160,    0.0150,    0.0150,    0.0140,    0.0140,    0.0130,    0.0130,    0.0120,    0.0120,    0.0110,    0.0110,    0.0100,    0.0100,    0.0100,    0.0090,    0.0090,    0.0090,    0.0090,    0.0090,    0.0090,    0.0080,    0.0080,    0.0080,    0.0080,    0.0080,    0.0080,    0.0080,    0.0070,    0.0070,    0.0070,    0.0070,    0.0070,    0.0070,    0.0070,    0.0060,    0.0060,    0.0060,    0.0060,    0.0060,    0.0060,    0.0060,    0.0050,    0.0050,    0.0050,    0.0050,    0.0050,    0.0050,    0.0050,    0.0050,    0.0040,    0.0040,    0.0040,    0.0040,    0.0030,    0.0030,    0.0030,    0.0030,    0.0020,    0.0020,    0.0020,    0.0020,    0.0020,    0.0020,    0.0010,    0.0010,    0.0010,    0.0010,    0.0010,    0.0010,    0.0010,    0.0010,    0.0010,    0.0010,    0.0010
================
P [mbar]       ,    0.1004,    0.1015,    0.1034,    0.1069,    0.1130,    0.1239,    0.1432,    0.1740,    0.2226,    0.3028,    0.4349,    0.6529,    1.0121,    1.6044,    2.4646,    3.4606,    4.3994,    5.2226,    5.8426,    6.2132,    6.3980,    6.4686,    6.5039,    6.5168
Temp initial[K],  163.5827,  163.6723,  163.8293,  164.1029,  164.5732,  165.3648,  166.6602,  168.4872,  170.9519,  174.2721,  178.5564,  183.8814,  190.3071,  197.9049,  205.8548,  212.8059,  218.1105,  222.1140,  224.8330,  226.3589,  227.0949,  227.3721,  227.5098,  227.5598
================
it   ,   tau    ,  Tsfc    ,   alb    ,   OLR    ,    ASR   ,  NET top ,  NET bot , T lev  01, T lev  02, T lev  03, T lev  04, T lev  05, T lev  06, T lev  07, T lev  08, T lev  09, T lev  10, T lev  11, T lev  12, T lev  13, T lev  14, T lev  15, T lev  16, T lev  17, T lev  18, T lev  19, T lev  20, T lev  21, T lev  22, T lev  23, T lev  24, T lev  25,  OLR IR01,  OLR IR02,  OLR IR03,  OLR IR04,  OLR IR05,  OLR IR06,  OLR IR07,  OLR IR08,  OLR IR09,  OLR IR10,  OLR IR11,  OLR IR12,  OLR IR13,  OLR IR14,  OLR IR15,  OLR IR16,  OLR IR17,  OLR IR18,  OLR IR19,  OLR IR20,  OLR IR21,  OLR IR22,  OLR IR23,  OLR IR24,  OLR IR25,  OLR IR26,  OLR IR27,  OLR IR28,  OLR IR29,  OLR IR30,  OLR IR31,  OLR IR32,  OLR IR33,  OLR IR34,  OLR IR35,  OLR IR36,  OLR IR37,  OLR IR38,  OLR IR39,  OLR IR40,  OLR IR41,  OLR IR42,  OLR IR43,  OLR IR44,  OLR IR45,  OLR IR46,  OLR IR47,  OLR IR48,  OLR IR49,  OLR IR50,  OLR IR51,  OLR IR52,  OLR IR53,  OLR IR54,  OLR IR55,  OLR IR56,  OLR IR57,  OLR IR58,  OLR IR59,  OLR IR60,  OLR IR61,  OLR IR62,  OLR IR63,  OLR IR64,  OLR IR65,  OLR IR66,  OLR IR67,  OLR IR68,  OLR IR69,  OLR IR70,  OLR IR71,  OLR IR72,  OLR IR73,  OLR IR74,  OLR IR75,  OLR IR76,  OLR IR77,  OLR IR78,  OLR IR79,  OLR IR80,  OLR IR81,  OLR IR82,  OLR IR83,  OLR IR84,  OLR IR85,  OLR IR86,  OLR IR87,  OLR IR88,  OLR IR89,  OLR IR90,  OLR IR91,  OLR IR92,  OLR IR93,  OLR IR94,  OLR IR95,  OLR IR96, ASR VIS01, ASR VIS02, ASR VIS03, ASR VIS04, ASR VIS05, ASR VIS06, ASR VIS07, ASR VIS08, ASR VIS09, ASR VIS10, ASR VIS11, ASR VIS12, ASR VIS13, ASR VIS14, ASR VIS15, ASR VIS16, ASR VIS17, ASR VIS18, ASR VIS19, ASR VIS20, ASR VIS21, ASR VIS22, ASR VIS23, ASR VIS24, ASR VIS25, ASR VIS26, ASR VIS27, ASR VIS28, ASR VIS29, ASR VIS30, ASR VIS31, ASR VIS32, ASR VIS33, ASR VIS34, ASR VIS35, ASR VIS36, ASR VIS37, ASR VIS38, ASR VIS39, ASR VIS40, ASR VIS41, ASR VIS42, ASR VIS43, ASR VIS44, ASR VIS45, ASR VIS46, ASR VIS47, ASR VIS48, ASR VIS49, ASR VIS50, ASR VIS51, ASR VIS52, ASR VIS53, ASR VIS54, ASR VIS55, ASR VIS56, ASR VIS57, ASR VIS58, ASR VIS59, ASR VIS60, ASR VIS61, ASR VIS62, ASR VIS63, ASR VIS64, ASR VIS65, ASR VIS66, ASR VIS67, ASR VIS68, ASR VIS69, ASR VIS70, ASR VIS71, ASR VIS72, ASR VIS73, ASR VIS74, ASR VIS75, ASR VIS76, ASR VIS77, ASR VIS78, ASR VIS79, ASR VIS80, ASR VIS81, ASR VIS82, ASR VIS83, ASR VIS84, SFC DIR01, SFC DIR02, SFC DIR03, SFC DIR04, SFC DIR05, SFC DIR06, SFC DIR07, SFC DIR08, SFC DIR09, SFC DIR10, SFC DIR11, SFC DIR12, SFC DIR13, SFC DIR14, SFC DIR15, SFC DIR16, SFC DIR17, SFC DIR18, SFC DIR19, SFC DIR20, SFC DIR21, SFC DIR22, SFC DIR23, SFC DIR24, SFC DIR25, SFC DIR26, SFC DIR27, SFC DIR28, SFC DIR29, SFC DIR30, SFC DIR31, SFC DIR32, SFC DIR33, SFC DIR34, SFC DIR35, SFC DIR36, SFC DIR37, SFC DIR38, SFC DIR39, SFC DIR40, SFC DIR41, SFC DIR42, SFC DIR43, SFC DIR44, SFC DIR45, SFC DIR46, SFC DIR47, SFC DIR48, SFC DIR49, SFC DIR50, SFC DIR51, SFC DIR52, SFC DIR53, SFC DIR54, SFC DIR55, SFC DIR56, SFC DIR57, SFC DIR58, SFC DIR59, SFC DIR60, SFC DIR61, SFC DIR62, SFC DIR63, SFC DIR64, SFC DIR65, SFC DIR66, SFC DIR67, SFC DIR68, SFC DIR69, SFC DIR70, SFC DIR71, SFC DIR72, SFC DIR73, SFC DIR74, SFC DIR75, SFC DIR76, SFC DIR77, SFC DIR78, SFC DIR79, SFC DIR80, SFC DIR81, SFC DIR82, SFC DIR83, SFC DIR84, SFC DIR85, SFC DIR86, SFC DIR87, SFC DIR88, SFC DIR89, SFC DIR90, SFC DIR91, SFC DIR92, SFC DIR93, SFC DIR94, SFC DIR95, SFC DIR96,SFC DVIS01,SFC DVIS02,SFC DVIS03,SFC DVIS04,SFC DVIS05,SFC DVIS06,SFC DVIS07,SFC DVIS08,SFC DVIS09,SFC DVIS10,SFC DVIS11,SFC DVIS12,SFC DVIS13,SFC DVIS14,SFC DVIS15,SFC DVIS16,SFC DVIS17,SFC DVIS18,SFC DVIS19,SFC DVIS20,SFC DVIS21,SFC DVIS22,SFC DVIS23,SFC DVIS24,SFC DVIS25,SFC DVIS26,SFC DVIS27,SFC DVIS28,SFC DVIS29,SFC DVIS30,SFC DVIS31,SFC DVIS32,SFC DVIS33,SFC DVIS34,SFC DVIS35,SFC DVIS36,SFC DVIS37,SFC DVIS38,SFC DVIS39,SFC DVIS40,SFC DVIS41,SFC DVIS42,SFC DVIS43,SFC DVIS44,SFC DVIS45,SFC DVIS46,SFC DVIS47,SFC DVIS48,SFC DVIS49,SFC DVIS50,SFC DVIS51,SFC DVIS52,SFC DVIS53,SFC DVIS54,SFC DVIS55,SFC DVIS56,SFC DVIS57,SFC DVIS58,SFC DVIS59,SFC DVIS60,SFC DVIS61,SFC DVIS62,SFC DVIS63,SFC DVIS64,SFC DVIS65,SFC DVIS66,SFC DVIS67,SFC DVIS68,SFC DVIS69,SFC DVIS70,SFC DVIS71,SFC DVIS72,SFC DVIS73,SFC DVIS74,SFC DVIS75,SFC DVIS76,SFC DVIS77,SFC DVIS78,SFC DVIS79,SFC DVIS80,SFC DVIS81,SFC DVIS82,SFC DVIS83,SFC DVIS84
    2,    0.0000,  227.5722,    0.2192,  139.8688,  115.8602,  -23.5218,  -14.0680,  158.4330,  163.5827,  163.6723,  163.8293,  164.1029,  164.5732,  165.3648,  166.6602,  168.4872,  170.9519,  174.2721,  178.5564,  183.8814,  190.3071,  197.9049,  205.8548,  212.8059,  218.1105,  222.1140,  224.8330,  226.3589,  227.0949,  227.3721,  227.5098,  227.5598,    0.0705,    0.2675,    0.5658,    0.9364,    1.3541,    1.7971,    2.2470,    2.6886,    3.1100,    3.5012,    3.8550,    4.1668,    3.7991,    3.9662,    4.1036,    4.2111,    4.2902,    4.3412,    4.3666,    4.3674,    4.3455,    4.3031,    4.2365,    4.1377,    1.4329,    1.4160,    1.3937,    1.3544,    1.3064,    1.2531,    1.1042,    1.0903,    1.0331,    0.8812,    0.8657,    0.6804,    0.4286,    0.3613,    0.2973,    0.2859,    0.2660,    0.2237,    0.2586,    0.2615,    0.2793,    0.3166,    0.3804,    0.4522,    0.5746,    0.6344,    0.5305,    0.6851,    0.6744,    0.6698,    0.6769,    0.7426,    0.7550,    0.7683,    0.7700,    0.7628,    2.0538,    1.9716,    1.9052,    1.8274,    1.7484,    1.6691,    1.5919,    1.5151,    1.4407,    1.3665,    1.2937,    1.2291,    1.8278,    1.6842,    1.5339,    1.3924,    1.2741,    1.1725,    1.0662,    0.9681,    0.8777,    0.7928,    0.7079,    0.6374,    1.5840,    1.1437,    0.8293,    0.5901,    0.4167,    0.2922,    0.2036,    0.1383,    0.0940,    0.0622,    0.0416,    0.0303,    0.0906,    0.0482,    0.0759,    0.0854,    0.0957,    0.0892,    0.0975,    0.1096,    0.0962,    0.1325,    0.1172,    0.1283,    0.1417,    0.1155,    0.1680,    0.1868,    0.1536,    0.1833,    0.2065,    0.2237,    0.2252,    0.1502,    0.2398,    0.2533,    0.3110,    0.3324,    0.3440,    0.3658,    0.3756,    0.3940,    0.4010,    0.4565,    0.4953,    0.4717,    0.4852,    0.4943,    0.8433,    0.9209,    0.9663,    0.9993,    1.0234,    1.1077,    1.0381,    1.1064,    1.0804,    1.1314,    1.0733,    1.1507,    2.4780,    2.4450,    2.4989,    2.5384,    2.5644,    2.4626,    2.5489,    2.6139,    2.6670,    2.4800,    2.4441,    2.5380,    6.4157,    6.1123,    6.0433,    5.8603,    5.4132,    5.0767,    4.4565,    4.0997,    3.9404,    3.4535,    2.6528,    2.4637,    1.8993,    1.7458,    1.3311,    1.2705,    0.8565,    0.6215,    0.5021,    0.2015,    0.1776,    0.1261,    0.0437,    0.0355,    0.0000,    0.0000,    0.0000,    0.0000,    0.0000,    0.0000,    0.0000,    0.0000,    0.0000,    0.0000,    0.0000,    0.0000,    0.0000,    0.0000,    0.0000,    0.0000,    0.0000,    0.0000,    0.0000,    0.0004,    0.0013,    0.0042,    0.0316,    0.1224,    0.0337,    0.0553,    0.0951,    0.1939,    0.3170,    0.4390,    0.7874,    0.8078,    0.8986,    1.0611,    1.1127,    1.2540,    0.9696,    0.9641,    0.9572,    0.9473,    0.9378,    0.9287,    0.9178,    0.9074,    0.8966,    0.8844,    0.8683,    0.8421,    0.8025,    0.6764,    0.7395,    0.4977,    0.5022,    0.4908,    0.4247,    0.2470,    0.1814,    0.1031,    0.0612,    0.0469,    0.0933,    0.0788,    0.0260,    0.0119,    0.0030,    0.0028,    0.0017,    0.0056,    0.0100,    0.0182,    0.0292,    0.0235,    0.0278,    0.0056,    0.0259,    0.0458,    0.0328,    0.0004,    0.0000,    0.0000,    0.0000,    0.0031,    0.0165,    0.0171,    0.0171,    0.0171,    0.0000,    0.0000,    0.0000,    0.0000,    0.0000,    0.0035,    0.0040,    0.0054,    0.0048,    0.0010,    0.0230,    0.0000,    0.0598,    0.1073,    0.1213,    0.1109,    0.1245,    0.1385,    0.1233,    0.1698,    0.1501,    0.1645,    0.1806,    0.1466,    0.2118,    0.2312,    0.1878,    0.1215,    0.0145,    0.0325,    0.1583,    0.1897,    0.3065,    0.3218,    0.3984,    0.4260,    0.4410,    0.4686,    0.4796,    0.4909,    0.4572,    0.4157,    0.3661,    0.4375,    0.6076,    0.6165,    1.0804,    1.1803,    1.2358,    1.2540,    1.2316,    1.3659,    1.3119,    1.3949,    1.2823,    1.4502,    1.3714,    1.4595,    3.1611,    3.0848,    3.2030,    3.2531,    3.2743,    3.1567,    3.2678,    3.3511,    3.4192,    3.1776,    3.1334,    3.2539,    8.2247,    7.8363,    7.7478,    7.5132,    6.9399,    6.5086,    5.7135,    5.2561,    5.0518,    4.4276,    3.4010,    3.1586,    2.4350,    2.2382,    1.7066,    1.6288,    1.0981,    0.7968,    0.6438,    0.2584,    0.2277,    0.1616,    0.0560,    0.0455
    2,    0.0500,  227.5722,    0.2217,       NaN,  115.4852,       NaN,       NaN,  158.4330,  163.5827,  163.6723,  163.8293,  164.1029,  164.5732,  165.3648,  166.6602,  168.4872,  170.9519,  174.2721,  178.5564,  183.8814,  190.3071,  197.9049,  205.8548,  212.8059,  218.1105,  222.1140,  224.8330,  226.3589,  227.0949,  227.3721,  227.5098,  227.5598,    0.0705,    0.2674,    0.5656,    0.9361,    1.3535,    1.7964,    2.2461,    2.6872,    3.1076,    3.4973,    3.8494,    4.1591,    3.7905,    3.9556,    4.0910,    4.1964,    4.2734,    4.3223,    4.3458,    4.3448,    4.3217,    4.2788,    4.2126,    4.1153,    1.4253,    1.4088,    1.3867,    1.3479,    1.3005,    1.2478,    1.1004,    1.0868,    1.0301,    0.8792,    0.8640,    0.6797,    0.4284,    0.3612,    0.2973,    0.2858,    0.2660,    0.2237,    0.2585,    0.2614,    0.2793,    0.3166,    0.3802,    0.4520,    0.5741,    0.6337,    0.5300,    0.6841,    0.6735,    0.6689,    0.6760,    0.7415,    0.7537,    0.7669,    0.7687,    0.7614,    2.0502,    1.9682,    1.9020,    1.8243,    1.7456,    1.6665,    1.5895,    1.5130,    1.4387,    1.3649,    1.2923,    1.2280,    1.8266,    1.6835,    1.5335,    1.3922,    1.2740,    1.1724,    1.0662,    0.9680,    0.8776,    0.7928,    0.7079,    0.6374,    1.5838,    1.1434,    0.8291,    0.5899,    0.4166,    0.2922,    0.2036,       NaN,       NaN,       NaN,    0.0416,    0.0303,    0.0905,    0.0482,    0.0759,    0.0854,    0.0957,    0.0892,    0.0974,    0.1095,    0.0962,    0.1324,    0.1171,    0.1283,    0.1417,    0.1154,    0.1679,    0.1867,    0.1535,    0.1832,    0.2065,    0.2236,    0.2251,    0.1500,    0.2396,    0.2530,    0.3106,    0.3320,    0.3436,    0.3653,    0.3751,    0.3934,    0.4004,    0.4559,    0.4947,    0.4711,    0.4844,    0.4935,    0.8419,    0.9193,    0.9646,    0.9975,    1.0216,    1.1057,    1.0361,    1.1042,    1.0783,    1.1290,    1.0709,    1.1480,    2.4718,    2.4382,    2.4912,    2.5300,    2.5557,    2.4540,    2.5399,    2.6045,    2.6571,    2.4704,    2.4343,    2.5274,    6.3866,    6.0820,    6.0114,    5.8274,    5.3796,    5.0422,    4.4246,    4.0685,    3.9066,    3.4208,    2.6252,    2.4359,    1.8755,    1.7304,    1.3408,    1.3091,    0.8979,    0.6540,    0.5284,    0.2120,    0.1868,    0.1326,    0.0460,    0.0374,    0.0002,    0.0008,    0.0016,    0.0027,    0.0038,    0.0050,    0.0062,    0.0089,    0.0137,    0.0203,    0.0278,    0.0362,    0.0382,    0.0447,    0.0510,    0.0569,    0.0621,    0.0670,    0.0709,    0.0744,    0.0760,    0.0778,    0.1009,    0.1847,    0.0541,    0.0746,    0.1131,    0.2098,    0.3305,    0.4501,    0.7936,    0.8133,    0.9027,    1.0633,    1.1141,    1.2541,    0.9696,    0.9641,    0.9572,    0.9473,    0.9378,    0.9287,    0.9178,    0.9074,    0.8966,    0.8844,    0.8683,    0.8422,    0.8028,    0.6771,    0.7400,    0.4989,    0.5034,    0.4920,    0.4261,    0.2490,    0.1837,    0.1055,    0.0638,    0.0495,    0.1002,    0.0852,    0.0320,    0.0174,    0.0081,    0.0075,    0.0059,    0.0093,    0.0132,    0.0209,    0.0313,    0.0252,    0.0295,    0.0068,    0.0265,    0.0461,    0.0330,    0.0005,    0.0001,    0.0001,    0.0001,    0.0032,    0.0166,    0.0171,    0.0173,    0.0173,    0.0002,    0.0001,    0.0001,    0.0000,    0.0000,       NaN,       NaN,       NaN,    0.0048,    0.0010,    0.0230,    0.0000,    0.0598,    0.1072,    0.1213,    0.1109,    0.1244,    0.1385,    0.1232,    0.1697,    0.1500,    0.1644,    0.1805,    0.1466,    0.2117,    0.2311,    0.1877,    0.1214,    0.0145,    0.0324,    0.1581,    0.1895,    0.3063,    0.3215,    0.3979,    0.4255,    0.4405,    0.4680,    0.4790,    0.4902,    0.4566,    0.4151,    0.3656,    0.4369,    0.6066,    0.6154,    1.0786,    1.1782,    1.2336,    1.2517,    1.2293,    1.3633,    1.3093,    1.3922,    1.2797,    1.4472,    1.3684,    1.4561,    3.1531,    3.0762,    3.1931,    3.2424,    3.2631,    3.1457,    3.2562,    3.3391,    3.4065,    3.1654,    3.1209,    3.2402,    8.1873,    7.7973,    7.7069,    7.4709,    6.8968,    6.4642,    5.6723,    5.2158,    5.0082,    4.3854,    3.3655,    3.1224,    2.4002,    2.1773,    1.6132,    1.4858,    0.9765,    0.7062,    0.5716,    0.2298,    0.2030,    0.1443,    0.0501,    0.0408
    2,    0.1000,  227.5722,    0.2242,       NaN,  115.1184,       NaN,       NaN,  158.4330,  163.5827,  163.6723,  163.8293,  164.1029,  164.5732,  165.3648,  166.6602,  168.4872,  170.9519,  174.2721,  178.5564,  183.8814,  190.3071,  197.9049,  205.8548,  212.8059,  218.1105,  222.1140,  224.8330,  226.3589,  227.0949,  227.3721,  227.5098,  227.5598,    0.0705,    0.2673,    0.5654,    0.9358,    1.3530,    1.7956,    2.2451,    2.6857,    3.1051,    3.4935,    3.8438,    4.1514,    3.7820,    3.9452,    4.0786,    4.1819,    4.2568,    4.3037,    4.3253,    4.3225,    4.2982,    4.2548,    4.1890,    4.0931,    1.4178,    1.4016,    1.3798,    1.3416,    1.2947,    1.2427,    1.0967,    1.0833,    1.0271,    0.8772,    0.8623,    0.6790,    0.4282,    0.3611,    0.2972,    0.2858,    0.2660,    0.2237,    0.2585,    0.2614,    0.2793,    0.3165,    0.3801,    0.4517,    0.5735,    0.6330,    0.5295,    0.6832,    0.6726,    0.6680,    0.6750,    0.7403,    0.7525,    0.7656,    0.7673,    0.7601,    2.0466,    1.9648,    1.8988,    1.8213,    1.7428,    1.6639,    1.5871,    1.5108,    1.4368,    1.3632,    1.2910,    1.2269,    1.8255,    1.6827,    1.5331,    1.3920,    1.2739,    1.1724,    1.0661,    0.9680,    0.8776,    0.7927,    0.7078,    0.6373,    1.5836,    1.1432,    0.8288,    0.5898,    0.4165,    0.2922,    0.2036,       NaN,       NaN,       NaN,    0.0416,    0.0302,    0.0905,    0.0482,    0.0759,    0.0854,    0.0957,    0.0891,    0.0974,    0.1095,    0.0962,    0.1323,    0.1171,    0.1282,    0.1416,    0.1154,    0.1678,    0.1865,    0.1534,    0.1831,    0.2064,    0.2235,    0.2249,    0.1499,    0.2394,    0.2528,    0.3103,    0.3316,    0.3432,    0.3649,    0.3746,    0.3929,    0.3999,    0.4554,    0.4942,    0.4705,    0.4836,    0.4927,    0.8405,    0.9177,    0.9628,    0.9957,    1.0197,    1.1036,    1.0341,    1.1021,    1.0762,    1.1266,    1.0685,    1.1454,    2.4656,    2.4315,    2.4836,    2.5218,    2.5471,    2.4456,    2.5310,    2.5952,    2.6474,    2.4611,    2.4247,    2.5170,    6.3583,    6.0526,    5.9808,    5.7959,    5.3478,    5.0098,    4.3948,    4.0396,    3.8756,    3.3911,    2.6005,    2.4111,    1.8545,    1.7181,    1.3516,    1.3437,    0.9325,    0.6810,    0.5504,    0.2208,    0.1945,    0.1381,    0.0479,    0.0389,    0.0004,    0.0015,    0.0032,    0.0053,    0.0076,    0.0101,    0.0125,    0.0178,    0.0274,    0.0404,    0.0554,    0.0721,    0.0760,    0.0888,    0.1013,    0.1129,    0.1233,    0.1329,    0.1405,    0.1469,    0.1493,    0.1499,    0.1689,    0.2458,    0.0743,    0.0937,    0.1308,    0.2253,    0.3437,    0.4612,    0.7998,    0.8187,    0.9067,    1.0654,    1.1154,    1.2542,    0.9696,    0.9641,    0.9572,    0.9473,    0.9378,    0.9287,    0.9178,    0.9074,    0.8966,    0.8844,    0.8683,    0.8422,    0.8031,    0.6778,    0.7404,    0.5002,    0.5046,    0.4932,    0.4275,    0.2511,    0.1859,    0.1080,    0.0664,    0.0521,    0.1071,    0.0916,    0.0381,    0.0230,    0.0132,    0.0121,    0.0101,    0.0130,    0.0164,    0.0236,    0.0335,    0.0269,    0.0313,    0.0079,    0.0271,    0.0464,    0.0331,    0.0005,    0.0001,    0.0001,    0.0001,    0.0032,    0.0167,    0.0172,    0.0176,    0.0176,    0.0005,    0.0003,    0.0002,    0.0001,    0.0001,       NaN,       NaN,       NaN,    0.0048,    0.0010,    0.0230,    0.0000,    0.0598,    0.1072,    0.1213,    0.1109,    0.1244,    0.1384,    0.1232,    0.1697,    0.1499,    0.1644,    0.1804,    0.1465,    0.2115,    0.2309,    0.1876,    0.1213,    0.0145,    0.0324,    0.1580,    0.1893,    0.3060,    0.3212,    0.3975,    0.4250,    0.4400,    0.4674,    0.4784,    0.4895,    0.4559,    0.4144,    0.3650,    0.4362,    0.6056,    0.6144,    1.0768,    1.1761,    1.2314,    1.2494,    1.2270,    1.3607,    1.3068,    1.3894,    1.2771,    1.4441,    1.3653,    1.4527,    3.1452,    3.0677,    3.1834,    3.2318,    3.2521,    3.1348,    3.2449,    3.3272,    3.3940,    3.1534,    3.1085,    3.2269,    8.1509,    7.7595,    7.6674,    7.4304,    6.8559,    6.4224,    5.6340,    5.1787,    4.9684,    4.3472,    3.3337,    3.0902,    2.3692,    2.1216,    1.5276,    1.3579,    0.8699,    0.6270,    0.5086,    0.2049,    0.1813,    0.1291,    0.0449,    0.0366
    2,    0.1500,  227.5722,    0.2268,       NaN,  114.7346,       NaN,       NaN,  158.4330,  163.5827,  163.6723,  163.8293,  164.1029,  164.5732,  165.3648,  166.6602,  168.4872,  170.9519,  174.2721,  178.5564,  183.8814,  190.3071,  197.9049,  205.8548,  212.8059,  218.1105,  222.1140,  224.8330,  226.3589,  227.0949,  227.3721,  227.5098,  227.5598,    0.0705,    0.2672,    0.5652,    0.9354,    1.3525,    1.7949,    2.2441,    2.6842,    3.1027,    3.4897,    3.8383,    4.1438,    3.7735,    3.9348,    4.0662,    4.1674,    4.2404,    4.2852,    4.3049,    4.3004,    4.2751,    4.2311,    4.1658,    4.0712,    1.4105,    1.3945,    1.3730,    1.3353,    1.2890,    1.2375,    1.0930,    1.0798,    1.0241,    0.8752,    0.8606,    0.6783,    0.4279,    0.3610,    0.2972,    0.2858,    0.2660,    0.2237,    0.2585,    0.2614,    0.2792,    0.3164,    0.3800,    0.4514,    0.5730,    0.6322,    0.5290,    0.6823,    0.6717,    0.6671,    0.6741,    0.7391,    0.7512,    0.7643,    0.7660,    0.7588,    2.0430,    1.9615,    1.8955,    1.8183,    1.7400,    1.6613,    1.5847,    1.5087,    1.4349,    1.3616,    1.2896,    1.2259,    1.8243,    1.6820,    1.5327,    1.3918,    1.2738,    1.1723,    1.0661,    0.9679,    0.8775,    0.7927,    0.7078,    0.6373,    1.5833,    1.1429,    0.8286,    0.5897,    0.4164,    0.2921,    0.2036,       NaN,       NaN,       NaN,    0.0416,    0.0302,    0.0905,    0.0482,    0.0759,    0.0853,    0.0957,    0.0891,    0.0974,    0.1094,    0.0961,    0.1323,    0.1170,    0.1282,    0.1415,    0.1153,    0.1677,    0.1864,    0.1533,    0.1830,    0.2064,    0.2235,    0.2248,    0.1498,    0.2391,    0.2525,    0.3100,    0.3312,    0.3428,    0.3644,    0.3741,    0.3924,    0.3993,    0.4548,    0.4936,    0.4698,    0.4828,    0.4919,    0.8390,    0.9161,    0.9611,    0.9940,    1.0179,    1.1016,    1.0321,    1.0999,    1.0741,    1.1243,    1.0661,    1.1427,    2.4594,    2.4248,    2.4761,    2.5137,    2.5386,    2.4372,    2.5223,    2.5861,    2.6378,    2.4518,    2.4152,    2.5067,    6.3303,    6.0236,    5.9505,    5.7649,    5.3165,    4.9779,    4.3655,    4.0114,    3.8453,    3.3621,    2.5764,    2.3870,    1.8343,    1.7067,    1.3614,    1.3731,    0.9606,    0.7029,    0.5683,    0.2280,    0.2009,    0.1427,    0.0495,    0.0403,    0.0006,    0.0023,    0.0049,    0.0080,    0.0115,    0.0151,    0.0187,    0.0267,    0.0409,    0.0604,    0.0828,    0.1076,    0.1134,    0.1323,    0.1509,    0.1681,    0.1834,    0.1976,    0.2088,    0.2180,    0.2211,    0.2206,    0.2357,    0.3059,    0.0941,    0.1124,    0.1482,    0.2407,    0.3568,    0.4720,    0.8059,    0.8240,    0.9107,    1.0676,    1.1168,    1.2543,    0.9696,    0.9641,    0.9572,    0.9473,    0.9378,    0.9287,    0.9178,    0.9074,    0.8966,    0.8844,    0.8683,    0.8422,    0.8033,    0.6785,    0.7409,    0.5015,    0.5058,    0.4944,    0.4289,    0.2531,    0.1882,    0.1105,    0.0689,    0.0547,    0.1140,    0.0980,    0.0441,    0.0285,    0.0182,    0.0167,    0.0143,    0.0166,    0.0196,    0.0263,    0.0356,    0.0286,    0.0331,    0.0091,    0.0277,    0.0468,    0.0332,    0.0006,    0.0002,    0.0002,    0.0002,    0.0033,    0.0167,    0.0173,    0.0178,    0.0179,    0.0007,    0.0004,    0.0002,    0.0001,    0.0001,       NaN,       NaN,       NaN,    0.0048,    0.0010,    0.0230,    0.0000,    0.0598,    0.1072,    0.1212,    0.1108,    0.1244,    0.1384,    0.1231,    0.1696,    0.1499,    0.1643,    0.1803,    0.1464,    0.2114,    0.2308,    0.1874,    0.1212,    0.0145,    0.0324,    0.1579,    0.1892,    0.3057,    0.3208,    0.3971,    0.4246,    0.4394,    0.4668,    0.4777,    0.4888,    0.4552,    0.4138,    0.3645,    0.4355,    0.6046,    0.6134,    1.0749,    1.1741,    1.2292,    1.2472,    1.2248,    1.3582,    1.3043,    1.3867,    1.2745,    1.4410,    1.3623,    1.4493,    3.1373,    3.0592,    3.1738,    3.2214,    3.2412,    3.1241,    3.2336,    3.3154,    3.3817,    3.1415,    3.0964,    3.2136,    8.1150,    7.7222,    7.6285,    7.3905,    6.8156,    6.3814,    5.5963,    5.1423,    4.9294,    4.3098,    3.3026,    3.0588,    2.3391,    2.0680,    1.4471,    1.2414,    0.7752,    0.5570,    0.4527,    0.1828,    0.1621,    0.1156,    0.0403,    0.0329
    2,    0.2000,  227.5722,    0.2295,       NaN,  114.3375,       NaN,       NaN,  158.4330,  163.5827,  163.6723,  163.8293,  164.1029,  164.5732,  165.3648,  166.6602,  168.4872,  170.9519,  174.2721,  178.5564,  183.8814,  190.3071,  197.9049,  205.8548,  212.8059,  218.1105,  222.1140,  224.8330,  226.3589,  227.0949,  227.3721,  227.5098,  227.5598,    0.0705,    0.2672,    0.5650,    0.9351,    1.3520,    1.7942,    2.2432,    2.6827,    3.1003,    3.4859,    3.8328,    4.1362,    3.7651,    3.9246,    4.0539,    4.1532,    4.2241,    4.2670,    4.2849,    4.2787,    4.2523,    4.2078,    4.1428,    4.0495,    1.4032,    1.3874,    1.3663,    1.3290,    1.2833,    1.2325,    1.0894,    1.0764,    1.0212,    0.8732,    0.8589,    0.6776,    0.4277,    0.3608,    0.2971,    0.2857,    0.2659,    0.2237,    0.2585,    0.2614,    0.2792,    0.3164,    0.3798,    0.4512,    0.5725,    0.6315,    0.5285,    0.6814,    0.6708,    0.6662,    0.6731,    0.7379,    0.7500,    0.7630,    0.7647,    0.7574,    2.0394,    1.9581,    1.8924,    1.8153,    1.7372,    1.6587,    1.5823,    1.5065,    1.4330,    1.3600,    1.2883,    1.2248,    1.8232,    1.6812,    1.5322,    1.3916,    1.2737,    1.1723,    1.0660,    0.9679,    0.8775,    0.7927,    0.7077,    0.6372,    1.5831,    1.1427,    0.8284,    0.5895,    0.4164,    0.2921,    0.2036,       NaN,       NaN,       NaN,    0.0416,    0.0302,    0.0905,    0.0482,    0.0759,    0.0853,    0.0957,    0.0891,    0.0974,    0.1094,    0.0961,    0.1322,    0.1170,    0.1281,    0.1414,    0.1152,    0.1677,    0.1863,    0.1532,    0.1829,    0.2063,    0.2234,    0.2247,    0.1496,    0.2389,    0.2523,    0.3096,    0.3308,    0.3424,    0.3639,    0.3736,    0.3918,    0.3988,    0.4542,    0.4930,    0.4692,    0.4821,    0.4911,    0.8376,    0.9145,    0.9594,    0.9922,    1.0161,    1.0996,    1.0302,    1.0978,    1.0720,    1.1219,    1.0638,    1.1401,    2.4533,    2.4182,    2.4687,    2.5056,    2.5302,    2.4289,    2.5136,    2.5770,    2.6283,    2.4426,    2.4058,    2.4966,    6.3027,    5.9949,    5.9207,    5.7343,    5.2857,    4.9465,    4.3368,    3.9836,    3.8156,    3.3337,    2.5528,    2.3635,    1.8147,    1.6960,    1.3705,    1.3982,    0.9835,    0.7206,    0.5829,    0.2339,    0.2062,    0.1465,    0.0508,    0.0414,    0.0008,    0.0031,    0.0065,    0.0106,    0.0153,    0.0201,    0.0249,    0.0355,    0.0544,    0.0803,    0.1100,    0.1428,    0.1504,    0.1753,    0.1999,    0.2224,    0.2425,    0.2612,    0.2758,    0.2878,    0.2915,    0.2900,    0.3011,    0.3649,    0.1135,    0.1308,    0.1654,    0.2558,    0.3697,    0.4827,    0.8119,    0.8293,    0.9146,    1.0696,    1.1181,    1.2544,    0.9696,    0.9641,    0.9572,    0.9473,    0.9378,    0.9287,    0.9178,    0.9074,    0.8966,    0.8844,    0.8683,    0.8423,    0.8036,    0.6792,    0.7413,    0.5027,    0.5070,    0.4956,    0.4303,    0.2551,    0.1904,    0.1129,    0.0715,    0.0573,    0.1209,    0.1043,    0.0500,    0.0340,    0.0233,    0.0213,    0.0184,    0.0203,    0.0228,    0.0290,    0.0378,    0.0302,    0.0348,    0.0102,    0.0283,    0.0471,    0.0334,    0.0007,    0.0002,    0.0002,    0.0002,    0.0033,    0.0168,    0.0173,    0.0181,    0.0182,    0.0010,    0.0005,    0.0003,    0.0001,    0.0001,       NaN,       NaN,       NaN,    0.0048,    0.0010,    0.0230,    0.0000,    0.0598,    0.1072,    0.1212,    0.1108,    0.1243,    0.1383,    0.1231,    0.1695,    0.1498,    0.1642,    0.1802,    0.1463,    0.2113,    0.2306,    0.1873,    0.1212,    0.0145,    0.0324,    0.1577,    0.1890,    0.3054,    0.3205,    0.3966,    0.4241,    0.4389,    0.4662,    0.4771,    0.4882,    0.4546,    0.4132,    0.3639,    0.4348,    0.6037,    0.6124,    1.0731,    1.1720,    1.2270,    1.2449,    1.2225,    1.3556,    1.3018,    1.3840,    1.2719,    1.4380,    1.3593,    1.4460,    3.1295,    3.0508,    3.1642,    3.2110,    3.2304,    3.1134,    3.2224,    3.3038,    3.3695,    3.1297,    3.0843,    3.2006,    8.0794,    7.6854,    7.5901,    7.3512,    6.7760,    6.3410,    5.5593,    5.1065,    4.8912,    4.2733,    3.2723,    3.0283,    2.3100,    2.0164,    1.3713,    1.1351,    0.6910,    0.4949,    0.4031,    0.1631,    0.1450,    0.1036,    0.0362,    0.0295
    2,    0.3000,  227.5722,    0.2350,       NaN,  113.5165,       NaN,       NaN,  158.4330,  163.5827,  163.6723,  163.8293,  164.1029,  164.5732,  165.3648,  166.6602,  168.4872,  170.9519,  174.2721,  178.5564,  183.8814,  190.3071,  197.9049,  205.8548,  212.8059,  218.1105,  222.1140,  224.8330,  226.3589,  227.0949,  227.3721,  227.5098,  227.5598,    0.0704,    0.2670,    0.5647,    0.9344,    1.3510,    1.7927,    2.2412,    2.6798,    3.0955,    3.4784,    3.8218,    4.1212,    3.7484,    3.9043,    4.0297,    4.1251,    4.1921,    4.2311,    4.2455,    4.2360,    4.2075,    4.1620,    4.0979,    4.0070,    1.3889,    1.3736,    1.3531,    1.3168,    1.2721,    1.2225,    1.0821,    1.0696,    1.0154,    0.8693,    0.8556,    0.6762,    0.4272,    0.3606,    0.2970,    0.2857,    0.2659,    0.2236,    0.2584,    0.2613,    0.2791,    0.3162,    0.3795,    0.4507,    0.5715,    0.6301,    0.5275,    0.6795,    0.6690,    0.6644,    0.6712,    0.7355,    0.7475,    0.7605,    0.7620,    0.7548,    2.0323,    1.9514,    1.8860,    1.8094,    1.7317,    1.6536,    1.5776,    1.5023,    1.4292,    1.3567,    1.2856,    1.2227,    1.8209,    1.6797,    1.5314,    1.3911,    1.2735,    1.1722,    1.0660,    0.9678,    0.8774,    0.7926,    0.7076,    0.6371,    1.5827,    1.1422,    0.8279,    0.5892,    0.4162,    0.2921,    0.2035,       NaN,       NaN,       NaN,    0.0416,    0.0302,    0.0905,    0.0482,    0.0759,    0.0853,    0.0956,    0.0891,    0.0973,    0.1093,    0.0960,    0.1321,    0.1169,    0.1280,    0.1413,    0.1151,    0.1675,    0.1861,    0.1530,    0.1827,    0.2062,    0.2233,    0.2244,    0.1493,    0.2384,    0.2518,    0.3090,    0.3301,    0.3415,    0.3630,    0.3726,    0.3907,    0.3977,    0.4531,    0.4918,    0.4679,    0.4805,    0.4895,    0.8348,    0.9113,    0.9560,    0.9887,    1.0125,    1.0956,    1.0263,    1.0936,    1.0678,    1.1172,    1.0592,    1.1349,    2.4412,    2.4052,    2.4539,    2.4896,    2.5135,    2.4125,    2.4964,    2.5591,    2.6095,    2.4245,    2.3873,    2.4765,    6.2482,    5.9387,    5.8621,    5.6744,    5.2254,    4.8853,    4.2807,    3.9296,    3.7580,    3.2789,    2.5074,    2.3184,    1.7774,    1.6766,    1.3864,    1.4375,    1.0172,    0.7465,    0.6045,    0.2428,    0.2141,    0.1523,    0.0529,    0.0431,    0.0012,    0.0046,    0.0097,    0.0159,    0.0228,    0.0300,    0.0372,    0.0531,    0.0813,    0.1197,    0.1637,    0.2122,    0.2231,    0.2597,    0.2957,    0.3286,    0.3580,    0.3851,    0.4062,    0.4233,    0.4282,    0.4246,    0.4284,    0.4798,    0.1515,    0.1667,    0.1988,    0.2853,    0.3949,    0.5037,    0.8237,    0.8397,    0.9223,    1.0738,    1.1207,    1.2545,    0.9696,    0.9641,    0.9572,    0.9473,    0.9378,    0.9287,    0.9178,    0.9074,    0.8966,    0.8844,    0.8683,    0.8423,    0.8041,    0.6806,    0.7422,    0.5053,    0.5094,    0.4979,    0.4331,    0.2592,    0.1948,    0.1178,    0.0766,    0.0624,    0.1345,    0.1169,    0.0619,    0.0450,    0.0333,    0.0304,    0.0267,    0.0276,    0.0292,    0.0344,    0.0421,    0.0336,    0.0384,    0.0125,    0.0295,    0.0477,    0.0337,    0.0008,    0.0003,    0.0003,    0.0003,    0.0034,    0.0170,    0.0175,    0.0185,    0.0187,    0.0014,    0.0008,    0.0005,    0.0002,    0.0001,       NaN,       NaN,       NaN,    0.0048,    0.0010,    0.0230,    0.0000,    0.0598,    0.1071,    0.1212,    0.1107,    0.1243,    0.1382,    0.1230,    0.1694,    0.1497,    0.1641,    0.1801,    0.1462,    0.2110,    0.2303,    0.1871,    0.1210,    0.0145,    0.0323,    0.1574,    0.1887,    0.3048,    0.3199,    0.3958,    0.4231,    0.4379,    0.4650,    0.4758,    0.4868,    0.4533,    0.4120,    0.3628,    0.4334,    0.6017,    0.6104,    1.0695,    1.1680,    1.2226,    1.2404,    1.2180,    1.3506,    1.2968,    1.3786,    1.2667,    1.4319,    1.3533,    1.4393,    3.1139,    3.0341,    3.1453,    3.1905,    3.2090,    3.0924,    3.2004,    3.2808,    3.3454,    3.1064,    3.0605,    3.1748,    8.0094,    7.6131,    7.5148,    7.2741,    6.6984,    6.2622,    5.4872,    5.0369,    4.8170,    4.2027,    3.2138,    2.9696,    2.2541,    1.9184,    1.2322,    0.9499,    0.5494,    0.3909,    0.3198,    0.1299,    0.1160,    0.0832,    0.0291,    0.0239
    2,    0.4000,  227.5722,    0.2407,       NaN,  112.6765,       NaN,       NaN,  158.4330,  163.5827,  163.6723,  163.8293,  164.1029,  164.5732,  165.3648,  166.6602,  168.4872,  170.9519,  174.2721,  178.5564,  183.8814,  190.3071,  197.9049,  205.8548,  212.8059,  218.1105,  222.1140,  224.8330,  226.3589,  227.0949,  227.3721,  227.5098,  227.5598,    0.0704,    0.2668,    0.5643,    0.9338,    1.3499,    1.7913,    2.2393,    2.6769,    3.0907,    3.4709,    3.8110,    4.1064,    3.7320,    3.8843,    4.0059,    4.0975,    4.1609,    4.1961,    4.2070,    4.1944,    4.1639,    4.1174,    4.0540,    3.9656,    1.3749,    1.3601,    1.3402,    1.3048,    1.2612,    1.2127,    1.0750,    1.0629,    1.0097,    0.8654,    0.8522,    0.6748,    0.4267,    0.3604,    0.2969,    0.2856,    0.2658,    0.2236,    0.2584,    0.2613,    0.2790,    0.3161,    0.3793,    0.4501,    0.5704,    0.6287,    0.5265,    0.6777,    0.6672,    0.6627,    0.6693,    0.7332,    0.7450,    0.7579,    0.7594,    0.7521,    2.0253,    1.9448,    1.8797,    1.8035,    1.7261,    1.6485,    1.5729,    1.4980,    1.4254,    1.3534,    1.2830,    1.2206,    1.8187,    1.6782,    1.5306,    1.3907,    1.2733,    1.1721,    1.0659,    0.9677,    0.8774,    0.7925,    0.7075,    0.6370,    1.5823,    1.1416,    0.8274,    0.5890,    0.4160,    0.2920,    0.2035,       NaN,       NaN,       NaN,    0.0416,    0.0302,    0.0905,    0.0482,    0.0759,    0.0852,    0.0956,    0.0890,    0.0972,    0.1093,    0.0960,    0.1320,    0.1168,    0.1279,    0.1412,    0.1150,    0.1673,    0.1858,    0.1528,    0.1825,    0.2061,    0.2231,    0.2242,    0.1491,    0.2380,    0.2513,    0.3083,    0.3294,    0.3407,    0.3621,    0.3717,    0.3897,    0.3967,    0.4519,    0.4907,    0.4667,    0.4790,    0.4880,    0.8320,    0.9082,    0.9527,    0.9852,    1.0090,    1.0917,    1.0224,    1.0894,    1.0637,    1.1125,    1.0546,    1.1298,    2.4292,    2.3923,    2.4394,    2.4739,    2.4971,    2.3964,    2.4795,    2.5415,    2.5911,    2.4068,    2.3692,    2.4569,    6.1950,    5.8837,    5.8050,    5.6161,    5.1669,    4.8260,    4.2265,    3.8774,    3.7027,    3.2263,    2.4641,    2.2754,    1.7424,    1.6595,    1.3997,    1.4661,    1.0395,    0.7636,    0.6188,    0.2487,    0.2195,    0.1562,    0.0543,    0.0443,    0.0016,    0.0061,    0.0129,    0.0211,    0.0303,    0.0399,    0.0494,    0.0705,    0.1078,    0.1586,    0.2165,    0.2802,    0.2942,    0.3420,    0.3889,    0.4316,    0.4697,    0.5047,    0.5319,    0.5537,    0.5596,    0.5540,    0.5508,    0.5906,    0.1881,    0.2015,    0.2312,    0.3139,    0.4193,    0.5240,    0.8352,    0.8498,    0.9298,    1.0778,    1.1233,    1.2547,    0.9696,    0.9641,    0.9572,    0.9473,    0.9378,    0.9287,    0.9178,    0.9074,    0.8966,    0.8844,    0.8683,    0.8424,    0.8046,    0.6819,    0.7431,    0.5077,    0.5117,    0.5002,    0.4358,    0.2632,    0.1992,    0.1226,    0.0816,    0.0674,    0.1480,    0.1294,    0.0737,    0.0558,    0.0433,    0.0395,    0.0349,    0.0348,    0.0356,    0.0397,    0.0463,    0.0369,    0.0419,    0.0148,    0.0307,    0.0483,    0.0339,    0.0009,    0.0005,    0.0004,    0.0004,    0.0035,    0.0171,    0.0176,    0.0190,    0.0193,    0.0019,    0.0011,    0.0006,    0.0002,    0.0002,       NaN,       NaN,       NaN,    0.0048,    0.0010,    0.0230,    0.0000,    0.0597,    0.1071,    0.1211,    0.1107,    0.1242,    0.1381,    0.1229,    0.1693,    0.1496,    0.1639,    0.1799,    0.1460,    0.2108,    0.2300,    0.1868,    0.1208,    0.0144,    0.0323,    0.1572,    0.1883,    0.3042,    0.3192,    0.3949,    0.4222,    0.4368,    0.4638,    0.4745,    0.4854,    0.4520,    0.4108,    0.3617,    0.4321,    0.5998,    0.6084,    1.0660,    1.1639,    1.2183,    1.2360,    1.2136,    1.3456,    1.2918,    1.3732,    1.2616,    1.4260,    1.3474,    1.4328,    3.0986,    3.0176,    3.1266,    3.1703,    3.1879,    3.0717,    3.1787,    3.2581,    3.3217,    3.0836,    3.0372,    3.1496,    7.9410,    7.5424,    7.4414,    7.1991,    6.6231,    6.1859,    5.4174,    4.9697,    4.7457,    4.1350,    3.1579,    2.9137,    2.2013,    1.8269,    1.1084,    0.7956,    0.4372,    0.3090,    0.2538,    0.1036,    0.0929,    0.0669,    0.0235,    0.0193
    2,    0.5000,  227.5722,    0.2464,       NaN,  111.8314,       NaN,       NaN,  158.4330,  163.5827,  163.6723,  163.8293,  164.1029,  164.5732,  165.3648,  166.6602,  168.4872,  170.9519,  174.2721,  178.5564,  183.8814,  190.3071,  197.9049,  205.8548,  212.8059,  218.1105,  222.1140,  224.8330,  226.3589,  227.0949,  227.3721,  227.5098,  227.5598,    0.0703,    0.2667,    0.5639,    0.9331,    1.3489,    1.7898,    2.2374,    2.6740,    3.0860,    3.4635,    3.8003,    4.0917,    3.7159,    3.8646,    3.9826,    4.0705,    4.1302,    4.1618,    4.1695,    4.1539,    4.1214,    4.0740,    4.0113,    3.9251,    1.3613,    1.3469,    1.3275,    1.2930,    1.2504,    1.2030,    1.0680,    1.0563,    1.0041,    0.8616,    0.8490,    0.6735,    0.4262,    0.3601,    0.2969,    0.2855,    0.2658,    0.2236,    0.2583,    0.2612,    0.2790,    0.3160,    0.3790,    0.4496,    0.5694,    0.6273,    0.5255,    0.6759,    0.6654,    0.6609,    0.6675,    0.7309,    0.7426,    0.7553,    0.7568,    0.7495,    2.0182,    1.9382,    1.8734,    1.7976,    1.7206,    1.6434,    1.5682,    1.4938,    1.4216,    1.3502,    1.2803,    1.2185,    1.8164,    1.6767,    1.5298,    1.3903,    1.2731,    1.1720,    1.0658,    0.9677,    0.8773,    0.7925,    0.7073,    0.6369,    1.5819,    1.1411,    0.8270,    0.5887,    0.4159,    0.2919,    0.2034,       NaN,       NaN,       NaN,    0.0415,    0.0302,    0.0905,    0.0481,    0.0758,    0.0852,    0.0955,    0.0890,    0.0972,    0.1092,    0.0959,    0.1319,    0.1167,    0.1278,    0.1410,    0.1149,    0.1671,    0.1856,    0.1526,    0.1823,    0.2061,    0.2230,    0.2239,    0.1488,    0.2375,    0.2508,    0.3076,    0.3286,    0.3399,    0.3612,    0.3707,    0.3886,    0.3956,    0.4508,    0.4896,    0.4654,    0.4775,    0.4864,    0.8293,    0.9051,    0.9494,    0.9817,    1.0055,    1.0877,    1.0186,    1.0852,    1.0597,    1.1079,    1.0500,    1.1247,    2.4174,    2.3796,    2.4250,    2.4584,    2.4809,    2.3806,    2.4629,    2.5242,    2.5730,    2.3894,    2.3514,    2.4377,    6.1429,    5.8301,    5.7494,    5.5593,    5.1101,    4.7685,    4.1741,    3.8270,    3.6494,    3.1759,    2.4226,    2.2346,    1.7094,    1.6443,    1.4108,    1.4868,    1.0543,    0.7748,    0.6284,    0.2527,    0.2232,    0.1590,    0.0553,    0.0451,    0.0020,    0.0076,    0.0160,    0.0263,    0.0378,    0.0497,    0.0616,    0.0878,    0.1342,    0.1970,    0.2686,    0.3470,    0.3637,    0.4223,    0.4795,    0.5316,    0.5778,    0.6201,    0.6530,    0.6791,    0.6859,    0.6783,    0.6687,    0.6975,    0.2236,    0.2351,    0.2626,    0.3417,    0.4430,    0.5438,    0.8464,    0.8596,    0.9372,    1.0817,    1.1258,    1.2548,    0.9696,    0.9641,    0.9572,    0.9473,    0.9378,    0.9287,    0.9178,    0.9074,    0.8966,    0.8844,    0.8683,    0.8424,    0.8051,    0.6832,    0.7439,    0.5102,    0.5141,    0.5025,    0.4386,    0.2671,    0.2036,    0.1274,    0.0867,    0.0724,    0.1614,    0.1418,    0.0854,    0.0666,    0.0532,    0.0485,    0.0431,    0.0420,    0.0419,    0.0450,    0.0506,    0.0403,    0.0454,    0.0171,    0.0319,    0.0489,    0.0342,    0.0011,    0.0006,    0.0005,    0.0005,    0.0036,    0.0173,    0.0177,    0.0195,    0.0199,    0.0024,    0.0014,    0.0008,    0.0003,    0.0002,       NaN,       NaN,       NaN,    0.0049,    0.0010,    0.0230,    0.0000,    0.0597,    0.1070,    0.1210,    0.1106,    0.1241,    0.1380,    0.1228,    0.1691,    0.1494,    0.1638,    0.1797,    0.1458,    0.2106,    0.2298,    0.1865,    0.1206,    0.0144,    0.0322,    0.1569,    0.1880,    0.3036,    0.3186,    0.3941,    0.4212,    0.4358,    0.4627,    0.4733,    0.4841,    0.4507,    0.4095,    0.3606,    0.4307,    0.5979,    0.6064,    1.0624,    1.1599,    1.2141,    1.2316,    1.2092,    1.3406,    1.2870,    1.3679,    1.2566,    1.4201,    1.3416,    1.4263,    3.0834,    3.0014,    3.1082,    3.1504,    3.1672,    3.0514,    3.1574,    3.2359,    3.2984,    3.0613,    3.0143,    3.1249,    7.8740,    7.4735,    7.3698,    7.1260,    6.5499,    6.1119,    5.3499,    4.9048,    4.6770,    4.0700,    3.1045,    2.8604,    2.1512,    1.7414,    0.9979,    0.6671,    0.3482,    0.2444,    0.2016,    0.0826,    0.0745,    0.0538,    0.0190,    0.0156
    2,    0.7500,  227.5722,    0.2604,       NaN,  109.7471,       NaN,       NaN,  158.4330,  163.5827,  163.6723,  163.8293,  164.1029,  164.5732,  165.3648,  166.6602,  168.4872,  170.9519,  174.2721,  178.5564,  183.8814,  190.3071,  197.9049,  205.8548,  212.8059,  218.1105,  222.1140,  224.8330,  226.3589,  227.0949,  227.3721,  227.5098,  227.5598,    0.0702,    0.2663,    0.5630,    0.9315,    1.3464,    1.7863,    2.2327,    2.6667,    3.0743,    3.4453,    3.7740,    4.0558,    3.6764,    3.8168,    3.9260,    4.0052,    4.0564,    4.0795,    4.0796,    4.0570,    4.0200,    3.9704,    3.9092,    3.8282,    1.3285,    1.3152,    1.2971,    1.2647,    1.2245,    1.1798,    1.0511,    1.0403,    0.9904,    0.8523,    0.8409,    0.6701,    0.4251,    0.3596,    0.2966,    0.2854,    0.2657,    0.2236,    0.2582,    0.2611,    0.2788,    0.3156,    0.3783,    0.4484,    0.5669,    0.6237,    0.5230,    0.6714,    0.6610,    0.6565,    0.6628,    0.7252,    0.7365,    0.7490,    0.7503,    0.7431,    2.0009,    1.9218,    1.8578,    1.7830,    1.7071,    1.6308,    1.5565,    1.4833,    1.4123,    1.3422,    1.2738,    1.2132,    1.8108,    1.6729,    1.5278,    1.3892,    1.2726,    1.1718,    1.0656,    0.9675,    0.8771,    0.7923,    0.7070,    0.6366,    1.5809,    1.1399,    0.8258,    0.5880,    0.4155,    0.2918,    0.2033,       NaN,       NaN,       NaN,    0.0415,    0.0302,    0.0905,    0.0481,    0.0758,    0.0851,    0.0954,    0.0888,    0.0970,    0.1090,    0.0957,    0.1317,    0.1164,    0.1275,    0.1407,    0.1146,    0.1666,    0.1850,    0.1521,    0.1818,    0.2058,    0.2227,    0.2233,    0.1481,    0.2364,    0.2495,    0.3060,    0.3268,    0.3379,    0.3589,    0.3682,    0.3860,    0.3930,    0.4480,    0.4867,    0.4624,    0.4738,    0.4826,    0.8224,    0.8974,    0.9411,    0.9732,    0.9968,    1.0781,    1.0092,    1.0750,    1.0496,    1.0966,    1.0388,    1.1123,    2.3884,    2.3485,    2.3901,    2.4208,    2.4417,    2.3422,    2.4227,    2.4822,    2.5291,    2.3472,    2.3083,    2.3912,    6.0174,    5.7014,    5.6160,    5.4237,    4.9748,    4.6323,    4.0501,    3.7082,    3.5245,    3.0585,    2.3265,    2.1403,    1.6346,    1.6136,    1.4313,    1.5172,    1.0735,    0.7893,    0.6409,    0.2580,    0.2282,    0.1628,    0.0567,    0.0463,    0.0030,    0.0114,    0.0239,    0.0392,    0.0562,    0.0740,    0.0917,    0.1305,    0.1989,    0.2909,    0.3950,    0.5083,    0.5308,    0.6143,    0.6953,    0.7686,    0.8331,    0.8918,    0.9369,    0.9723,    0.9808,    0.9687,    0.9446,    0.9487,    0.3071,    0.3145,    0.3369,    0.4075,    0.4993,    0.5909,    0.8730,    0.8832,    0.9548,    1.0912,    1.1319,    1.2552,    0.9697,    0.9641,    0.9572,    0.9473,    0.9378,    0.9287,    0.9178,    0.9074,    0.8966,    0.8844,    0.8683,    0.8426,    0.8064,    0.6865,    0.7461,    0.5163,    0.5198,    0.5082,    0.4453,    0.2769,    0.2144,    0.1392,    0.0990,    0.0848,    0.1944,    0.1724,    0.1143,    0.0932,    0.0776,    0.0707,    0.0633,    0.0599,    0.0575,    0.0581,    0.0611,    0.0486,    0.0541,    0.0228,    0.0349,    0.0504,    0.0349,    0.0014,    0.0009,    0.0008,    0.0007,    0.0038,    0.0176,    0.0180,    0.0207,    0.0213,    0.0036,    0.0021,    0.0011,    0.0004,    0.0003,       NaN,       NaN,       NaN,    0.0049,    0.0011,    0.0230,    0.0000,    0.0597,    0.1069,    0.1209,    0.1105,    0.1239,    0.1378,    0.1226,    0.1688,    0.1491,    0.1634,    0.1793,    0.1454,    0.2100,    0.2290,    0.1859,    0.1202,    0.0144,    0.0321,    0.1562,    0.1871,    0.3022,    0.3170,    0.3920,    0.4188,    0.4332,    0.4598,    0.4702,    0.4808,    0.4475,    0.4065,    0.3579,    0.4274,    0.5932,    0.6015,    1.0537,    1.1501,    1.2035,    1.2207,    1.1984,    1.3284,    1.2749,    1.3549,    1.2442,    1.4055,    1.3273,    1.4104,    3.0463,    2.9617,    3.0634,    3.1021,    3.1169,    3.0020,    3.1057,    3.1820,    3.2420,    3.0071,    2.9590,    3.0652,    7.7128,    7.3079,    7.1983,    6.9514,    6.3758,    5.9366,    5.1902,    4.7517,    4.5161,    3.9186,    2.9806,    2.7375,    2.0365,    1.5497,    0.7704,    0.4314,    0.1978,    0.1364,    0.1136,    0.0471,    0.0429,    0.0313,    0.0111,    0.0092
    2,    1.0000,  227.5722,    0.2739,       NaN,  107.7476,       NaN,       NaN,  158.4330,  163.5827,  163.6723,  163.8293,  164.1029,  164.5732,  165.3648,  166.6602,  168.4872,  170.9519,  174.2721,  178.5564,  183.8814,  190.3071,  197.9049,  205.8548,  212.8059,  218.1105,  222.1140,  224.8330,  226.3589,  227.0949,  227.3721,  227.5098,  227.5598,    0.0701,    0.2658,    0.5621,    0.9298,    1.3439,    1.7827,    2.2280,    2.6596,    3.0627,    3.4274,    3.7483,    4.0210,    3.6383,    3.7708,    3.8719,    3.9429,    3.9863,    4.0018,    3.9949,    3.9660,    3.9250,    3.8733,    3.8134,    3.7370,    1.2975,    1.2852,    1.2683,    1.2378,    1.1999,    1.1576,    1.0348,    1.0249,    0.9771,    0.8433,    0.8331,    0.6667,    0.4239,    0.3590,    0.2964,    0.2852,    0.2656,    0.2235,    0.2581,    0.2610,    0.2786,    0.3153,    0.3776,    0.4471,    0.5644,    0.6203,    0.5205,    0.6670,    0.6567,    0.6522,    0.6583,    0.7195,    0.7306,    0.7428,    0.7440,    0.7367,    1.9838,    1.9057,    1.8425,    1.7686,    1.6936,    1.6183,    1.5450,    1.4730,    1.4030,    1.3342,    1.2673,    1.2080,    1.8052,    1.6692,    1.5258,    1.3882,    1.2721,    1.1715,    1.0654,    0.9673,    0.8769,    0.7921,    0.7068,    0.6363,    1.5798,    1.1386,    0.8247,    0.5873,    0.4151,    0.2917,    0.2032,       NaN,       NaN,       NaN,    0.0415,    0.0302,    0.0904,    0.0481,    0.0757,    0.0850,    0.0953,    0.0887,    0.0969,    0.1088,    0.0955,    0.1314,    0.1162,    0.1272,    0.1403,    0.1142,    0.1661,    0.1845,    0.1516,    0.1814,    0.2056,    0.2224,    0.2227,    0.1475,    0.2353,    0.2483,    0.3044,    0.3250,    0.3360,    0.3567,    0.3659,    0.3834,    0.3904,    0.4453,    0.4840,    0.4594,    0.4701,    0.4788,    0.8158,    0.8898,    0.9331,    0.9648,    0.9883,    1.0686,    1.0000,    1.0650,    1.0399,    1.0856,    1.0280,    1.1002,    2.3603,    2.3184,    2.3564,    2.3846,    2.4040,    2.3052,    2.3840,    2.4420,    2.4871,    2.3069,    2.2673,    2.3470,    5.8984,    5.5798,    5.4904,    5.2963,    4.8485,    4.5059,    3.9353,    3.5985,    3.4102,    2.9517,    2.2397,    2.0559,    1.5693,    1.5905,    1.4444,    1.5313,    1.0809,    0.7949,    0.6459,    0.2602,    0.2304,    0.1644,    0.0573,    0.0469,    0.0040,    0.0151,    0.0316,    0.0519,    0.0744,    0.0979,    0.1214,    0.1725,    0.2620,    0.3819,    0.5166,    0.6622,    0.6889,    0.7947,    0.8967,    0.9883,    1.0685,    1.1408,    1.1959,    1.2386,    1.2481,    1.2320,    1.1955,    1.1785,    0.3839,    0.3877,    0.4055,    0.4684,    0.5516,    0.6348,    0.8979,    0.9053,    0.9714,    1.1001,    1.1376,    1.2555,    0.9697,    0.9641,    0.9572,    0.9473,    0.9378,    0.9287,    0.9178,    0.9074,    0.8966,    0.8844,    0.8683,    0.8427,    0.8076,    0.6898,    0.7481,    0.5222,    0.5255,    0.5137,    0.4519,    0.2864,    0.2249,    0.1507,    0.1110,    0.0969,    0.2268,    0.2023,    0.1426,    0.1194,    0.1016,    0.0926,    0.0832,    0.0774,    0.0728,    0.0711,    0.0715,    0.0568,    0.0628,    0.0284,    0.0379,    0.0519,    0.0356,    0.0017,    0.0012,    0.0010,    0.0010,    0.0040,    0.0180,    0.0184,    0.0219,    0.0227,    0.0047,    0.0027,    0.0015,    0.0005,    0.0004,       NaN,       NaN,       NaN,    0.0049,    0.0011,    0.0230,    0.0000,    0.0596,    0.1068,    0.1207,    0.1103,    0.1237,    0.1376,    0.1224,    0.1685,    0.1488,    0.1630,    0.1788,    0.1450,    0.2094,    0.2283,    0.1853,    0.1198,    0.0143,    0.0320,    0.1555,    0.1863,    0.3007,    0.3154,    0.3899,    0.4165,    0.4307,    0.4569,    0.4671,    0.4775,    0.4444,    0.4036,    0.3552,    0.4241,    0.5885,    0.5967,    1.0451,    1.1404,    1.1932,    1.2101,    1.1878,    1.3165,    1.2632,    1.3421,    1.2321,    1.3914,    1.3133,    1.3949,    3.0103,    2.9234,    3.0201,    3.0556,    3.0685,    2.9546,    3.0560,    3.1303,    3.1880,    2.9553,    2.9062,    3.0084,    7.5597,    7.1515,    7.0367,    6.7875,    6.2132,    5.7738,    5.0423,    4.6104,    4.3688,    3.7810,    2.8687,    2.6272,    1.9347,    1.3845,    0.5975,    0.2807,    0.1130,    0.0764,    0.0643,    0.0269,    0.0248,    0.0182,    0.0066,    0.0055
    2,    1.2500,  227.5722,    0.2867,       NaN,  105.8500,       NaN,       NaN,  158.4330,  163.5827,  163.6723,  163.8293,  164.1029,  164.5732,  165.3648,  166.6602,  168.4872,  170.9519,  174.2721,  178.5564,  183.8814,  190.3071,  197.9049,  205.8548,  212.8059,  218.1105,  222.1140,  224.8330,  226.3589,  227.0949,  227.3721,  227.5098,  227.5598,    0.0700,    0.2654,    0.5612,    0.9282,    1.3414,    1.7792,    2.2233,    2.6525,    3.0513,    3.4098,    3.7232,    3.9872,    3.6015,    3.7266,    3.8200,    3.8836,    3.9198,    3.9282,    3.9151,    3.8805,    3.8358,    3.7823,    3.7235,    3.6510,    1.2683,    1.2568,    1.2410,    1.2123,    1.1764,    1.1364,    1.0193,    1.0101,    0.9644,    0.8346,    0.8256,    0.6635,    0.4227,    0.3584,    0.2962,    0.2850,    0.2654,    0.2235,    0.2580,    0.2609,    0.2784,    0.3150,    0.3769,    0.4458,    0.5619,    0.6169,    0.5181,    0.6626,    0.6524,    0.6480,    0.6538,    0.7140,    0.7247,    0.7367,    0.7377,    0.7304,    1.9670,    1.8899,    1.8274,    1.7545,    1.6804,    1.6060,    1.5336,    1.4627,    1.3939,    1.3263,    1.2608,    1.2028,    1.7996,    1.6655,    1.5238,    1.3871,    1.2716,    1.1713,    1.0651,    0.9671,    0.8768,    0.7920,    0.7065,    0.6361,    1.5788,    1.1373,    0.8236,    0.5866,    0.4147,    0.2915,    0.2031,       NaN,       NaN,       NaN,    0.0415,    0.0301,    0.0904,    0.0481,    0.0757,    0.0849,    0.0952,    0.0886,    0.0967,    0.1086,    0.0954,    0.1311,    0.1159,    0.1269,    0.1400,    0.1139,    0.1657,    0.1839,    0.1511,    0.1809,    0.2054,    0.2220,    0.2220,    0.1468,    0.2342,    0.2471,    0.3028,    0.3232,    0.3340,    0.3545,    0.3635,    0.3809,    0.3879,    0.4426,    0.4812,    0.4564,    0.4665,    0.4751,    0.8092,    0.8824,    0.9252,    0.9566,    0.9800,    1.0593,    0.9910,    1.0552,    1.0303,    1.0748,    1.0174,    1.0884,    2.3331,    2.2893,    2.3239,    2.3497,    2.3677,    2.2697,    2.3469,    2.4034,    2.4468,    2.2683,    2.2280,    2.3048,    5.7852,    5.4646,    5.3719,    5.1764,    4.7302,    4.3880,    3.8286,    3.4970,    3.3051,    2.8541,    2.1609,    1.9796,    1.5115,    1.5729,    1.4530,    1.5382,    1.0841,    0.7973,    0.6481,    0.2613,    0.2314,    0.1653,    0.0576,    0.0472,    0.0050,    0.0187,    0.0392,    0.0644,    0.0924,    0.1215,    0.1506,    0.2137,    0.3237,    0.4701,    0.6335,    0.8088,    0.8385,    0.9642,    1.0846,    1.1921,    1.2855,    1.3691,    1.4323,    1.4806,    1.4906,    1.4709,    1.4240,    1.3889,    0.4545,    0.4551,    0.4689,    0.5249,    0.6002,    0.6756,    0.9212,    0.9260,    0.9870,    1.1086,    1.1431,    1.2559,    0.9697,    0.9641,    0.9572,    0.9473,    0.9378,    0.9287,    0.9178,    0.9074,    0.8966,    0.8844,    0.8684,    0.8429,    0.8088,    0.6929,    0.7502,    0.5280,    0.5310,    0.5191,    0.4583,    0.2957,    0.2351,    0.1620,    0.1228,    0.1087,    0.2584,    0.2316,    0.1704,    0.1450,    0.1252,    0.1141,    0.1028,    0.0947,    0.0880,    0.0839,    0.0818,    0.0649,    0.0714,    0.0341,    0.0408,    0.0534,    0.0363,    0.0020,    0.0014,    0.0013,    0.0012,    0.0042,    0.0183,    0.0187,    0.0231,    0.0240,    0.0059,    0.0034,    0.0019,    0.0007,    0.0005,       NaN,       NaN,       NaN,    0.0049,    0.0011,    0.0229,    0.0000,    0.0596,    0.1067,    0.1206,    0.1102,    0.1235,    0.1373,    0.1221,    0.1681,    0.1485,    0.1626,    0.1784,    0.1446,    0.2088,    0.2276,    0.1846,    0.1194,    0.0143,    0.0318,    0.1549,    0.1854,    0.2993,    0.3139,    0.3879,    0.4142,    0.4282,    0.4541,    0.4641,    0.4743,    0.4413,    0.4007,    0.3526,    0.4209,    0.5840,    0.5920,    1.0367,    1.1309,    1.1831,    1.1997,    1.1774,    1.3049,    1.2517,    1.3297,    1.2203,    1.3775,    1.2998,    1.3798,    2.9754,    2.8862,    2.9784,    3.0108,    3.0220,    2.9090,    3.0084,    3.0807,    3.1363,    2.9057,    2.8558,    2.9541,    7.4142,    7.0034,    6.8841,    6.6331,    6.0609,    5.6219,    4.9048,    4.4795,    4.2332,    3.6551,    2.7670,    2.5275,    1.8432,    1.2406,    0.4651,    0.1837,    0.0649,    0.0430,    0.0365,    0.0154,    0.0144,    0.0107,    0.0039,    0.0033
    2,    1.5000,  227.5722,    0.2988,       NaN,  104.0537,       NaN,       NaN,  158.4330,  163.5827,  163.6723,  163.8293,  164.1029,  164.5732,  165.3648,  166.6602,  168.4872,  170.9519,  174.2721,  178.5564,  183.8814,  190.3071,  197.9049,  205.8548,  212.8059,  218.1105,  222.1140,  224.8330,  226.3589,  227.0949,  227.3721,  227.5098,  227.5598,    0.0699,    0.2650,    0.5603,    0.9266,    1.3389,    1.7757,    2.2187,    2.6455,    3.0401,    3.3926,    3.6988,    3.9544,    3.5660,    3.6841,    3.7704,    3.8270,    3.8566,    3.8585,    3.8397,    3.8001,    3.7521,    3.6968,    3.6389,    3.5699,    1.2407,    1.2299,    1.2151,    1.1880,    1.1541,    1.1161,    1.0043,    0.9959,    0.9521,    0.8262,    0.8182,    0.6602,    0.4216,    0.3578,    0.2960,    0.2849,    0.2653,    0.2234,    0.2579,    0.2607,    0.2783,    0.3146,    0.3762,    0.4446,    0.5594,    0.6135,    0.5157,    0.6583,    0.6482,    0.6438,    0.6493,    0.7085,    0.7189,    0.7307,    0.7315,    0.7243,    1.9504,    1.8743,    1.8126,    1.7405,    1.6674,    1.5939,    1.5224,    1.4526,    1.3848,    1.3185,    1.2544,    1.1977,    1.7940,    1.6618,    1.5217,    1.3860,    1.2711,    1.1711,    1.0649,    0.9669,    0.8766,    0.7918,    0.7062,    0.6358,    1.5778,    1.1360,    0.8224,    0.5859,    0.4143,    0.2914,    0.2030,       NaN,       NaN,       NaN,    0.0414,    0.0301,    0.0904,    0.0481,    0.0757,    0.0849,    0.0951,    0.0885,    0.0966,    0.1085,    0.0952,    0.1309,    0.1157,    0.1266,    0.1397,    0.1136,    0.1652,    0.1833,    0.1506,    0.1804,    0.2052,    0.2217,    0.2214,    0.1462,    0.2331,    0.2459,    0.3012,    0.3214,    0.3321,    0.3524,    0.3612,    0.3784,    0.3854,    0.4399,    0.4785,    0.4535,    0.4630,    0.4714,    0.8028,    0.8752,    0.9175,    0.9486,    0.9718,    1.0503,    0.9821,    1.0457,    1.0210,    1.0643,    1.0070,    1.0769,    2.3065,    2.2610,    2.2925,    2.3160,    2.3328,    2.2356,    2.3112,    2.3663,    2.4082,    2.2313,    2.1905,    2.2645,    5.6775,    5.3554,    5.2597,    5.0633,    4.6191,    4.2778,    3.7291,    3.4025,    3.2079,    2.7643,    2.0888,    1.9103,    1.4601,    1.5594,    1.4585,    1.5416,    1.0856,    0.7985,    0.6493,    0.2618,    0.2320,    0.1657,    0.0578,    0.0474,    0.0059,    0.0222,    0.0467,    0.0767,    0.1100,    0.1448,    0.1794,    0.2542,    0.3839,    0.5555,    0.7458,    0.9486,    0.9800,    1.1235,    1.2600,    1.3811,    1.4857,    1.5785,    1.6481,    1.7006,    1.7108,    1.6878,    1.6321,    1.5816,    0.5195,    0.5174,    0.5275,    0.5772,    0.6454,    0.7137,    0.9431,    0.9455,    1.0018,    1.1166,    1.1483,    1.2562,    0.9697,    0.9641,    0.9572,    0.9473,    0.9378,    0.9287,    0.9178,    0.9074,    0.8966,    0.8844,    0.8684,    0.8430,    0.8100,    0.6960,    0.7522,    0.5337,    0.5363,    0.5245,    0.4646,    0.3048,    0.2452,    0.1730,    0.1344,    0.1203,    0.2894,    0.2604,    0.1976,    0.1702,    0.1483,    0.1352,    0.1220,    0.1117,    0.1030,    0.0966,    0.0920,    0.0730,    0.0800,    0.0397,    0.0438,    0.0549,    0.0370,    0.0023,    0.0017,    0.0016,    0.0014,    0.0044,    0.0187,    0.0190,    0.0243,    0.0254,    0.0071,    0.0041,    0.0023,    0.0008,    0.0006,       NaN,       NaN,       NaN,    0.0050,    0.0011,    0.0229,    0.0000,    0.0595,    0.1066,    0.1205,    0.1100,    0.1233,    0.1371,    0.1219,    0.1678,    0.1481,    0.1623,    0.1780,    0.1443,    0.2082,    0.2269,    0.1840,    0.1189,    0.0142,    0.0317,    0.1542,    0.1846,    0.2979,    0.3123,    0.3859,    0.4119,    0.4258,    0.4514,    0.4611,    0.4711,    0.4383,    0.3978,    0.3500,    0.4177,    0.5795,    0.5874,    1.0284,    1.1216,    1.1733,    1.1895,    1.1673,    1.2934,    1.2405,    1.3175,    1.2088,    1.3641,    1.2865,    1.3651,    2.9414,    2.8502,    2.9381,    2.9676,    2.9772,    2.8652,    2.9625,    3.0331,    3.0866,    2.8582,    2.8075,    2.9023,    7.2756,    6.8629,    6.7398,    6.4875,    5.9178,    5.4800,    4.7765,    4.3577,    4.1079,    3.5393,    2.6739,    2.4366,    1.7604,    1.1143,    0.3632,    0.1208,    0.0375,    0.0243,    0.0208,    0.0089,    0.0084,    0.0063,    0.0023,    0.0019
    2,    1.7500,  227.5722,    0.3103,       NaN,  102.3523,       NaN,       NaN,  158.4330,  163.5827,  163.6723,  163.8293,  164.1029,  164.5732,  165.3648,  166.6602,  168.4872,  170.9519,  174.2721,  178.5564,  183.8814,  190.3071,  197.9049,  205.8548,  212.8059,  218.1105,  222.1140,  224.8330,  226.3589,  227.0949,  227.3721,  227.5098,  227.5598,    0.0698,    0.2646,    0.5594,    0.9250,    1.3365,    1.7723,    2.2141,    2.6386,    3.0290,    3.3757,    3.6749,    3.9225,    3.5316,    3.6432,    3.7228,    3.7730,    3.7965,    3.7926,    3.7686,    3.7244,    3.6735,    3.6166,    3.5593,    3.4934,    1.2145,    1.2045,    1.1905,    1.1649,    1.1328,    1.0968,    0.9900,    0.9822,    0.9402,    0.8180,    0.8110,    0.6571,    0.4205,    0.3573,    0.2958,    0.2847,    0.2652,    0.2234,    0.2578,    0.2606,    0.2781,    0.3143,    0.3755,    0.4434,    0.5570,    0.6102,    0.5134,    0.6541,    0.6441,    0.6397,    0.6450,    0.7031,    0.7133,    0.7248,    0.7255,    0.7182,    1.9341,    1.8589,    1.7979,    1.7268,    1.6545,    1.5820,    1.5113,    1.4427,    1.3759,    1.3108,    1.2481,    1.1926,    1.7885,    1.6581,    1.5197,    1.3850,    1.2706,    1.1708,    1.0647,    0.9667,    0.8764,    0.7916,    0.7059,    0.6355,    1.5767,    1.1347,    0.8213,    0.5852,    0.4139,    0.2912,    0.2029,       NaN,       NaN,       NaN,    0.0414,    0.0301,    0.0904,    0.0481,    0.0756,    0.0848,    0.0949,    0.0884,    0.0964,    0.1083,    0.0950,    0.1306,    0.1154,    0.1263,    0.1393,    0.1133,    0.1647,    0.1828,    0.1501,    0.1800,    0.2049,    0.2214,    0.2208,    0.1455,    0.2320,    0.2447,    0.2997,    0.3196,    0.3302,    0.3502,    0.3589,    0.3759,    0.3829,    0.4373,    0.4759,    0.4506,    0.4595,    0.4679,    0.7964,    0.8681,    0.9100,    0.9408,    0.9638,    1.0414,    0.9735,    1.0364,    1.0119,    1.0540,    0.9970,    1.0657,    2.2808,    2.2337,    2.2621,    2.2836,    2.2991,    2.2028,    2.2769,    2.3307,    2.3710,    2.1958,    2.1545,    2.2260,    5.5747,    5.2517,    5.1534,    4.9564,    4.5146,    4.1745,    3.6360,    3.3143,    3.1177,    2.6815,    2.0224,    1.8468,    1.4139,    1.5488,    1.4622,    1.5435,    1.0865,    0.7992,    0.6500,    0.2621,    0.2323,    0.1660,    0.0579,    0.0475,    0.0068,    0.0258,    0.0541,    0.0888,    0.1274,    0.1676,    0.2078,    0.2940,    0.4427,    0.6383,    0.8538,    1.0819,    1.1138,    1.2731,    1.4238,    1.5565,    1.6704,    1.7708,    1.8453,    1.9008,    1.9107,    1.8849,    1.8218,    1.7582,    0.5793,    0.5748,    0.5818,    0.6257,    0.6874,    0.7493,    0.9635,    0.9638,    1.0157,    1.1242,    1.1532,    1.2565,    0.9697,    0.9641,    0.9572,    0.9473,    0.9378,    0.9287,    0.9178,    0.9074,    0.8966,    0.8844,    0.8684,    0.8432,    0.8112,    0.6990,    0.7541,    0.5393,    0.5416,    0.5296,    0.4708,    0.3137,    0.2550,    0.1839,    0.1457,    0.1316,    0.3197,    0.2886,    0.2243,    0.1949,    0.1711,    0.1560,    0.1410,    0.1285,    0.1177,    0.1091,    0.1021,    0.0810,    0.0885,    0.0453,    0.0467,    0.0564,    0.0377,    0.0027,    0.0020,    0.0018,    0.0017,    0.0046,    0.0191,    0.0193,    0.0255,    0.0268,    0.0083,    0.0048,    0.0026,    0.0009,    0.0006,       NaN,       NaN,       NaN,    0.0050,    0.0012,    0.0229,    0.0000,    0.0595,    0.1065,    0.1203,    0.1099,    0.1232,    0.1369,    0.1217,    0.1675,    0.1478,    0.1619,    0.1775,    0.1439,    0.2076,    0.2262,    0.1834,    0.1185,    0.0142,    0.0316,    0.1536,    0.1838,    0.2965,    0.3108,    0.3839,    0.4097,    0.4233,    0.4486,    0.4582,    0.4680,    0.4353,    0.3950,    0.3475,    0.4146,    0.5751,    0.5829,    1.0203,    1.1125,    1.1636,    1.1795,    1.1573,    1.2822,    1.2295,    1.3056,    1.1975,    1.3509,    1.2736,    1.3508,    2.9084,    2.8153,    2.8991,    2.9259,    2.9341,    2.8230,    2.9184,    2.9873,    3.0389,    2.8126,    2.7613,    2.8528,    7.1435,    6.7294,    6.6030,    6.3498,    5.7831,    5.3468,    4.6565,    4.2439,    3.9916,    3.4323,    2.5883,    2.3534,    1.6847,    1.0027,    0.2844,    0.0798,    0.0217,    0.0138,    0.0119,    0.0051,    0.0049,    0.0037,    0.0014,    0.0012
    2,    2.0000,  227.5722,    0.3211,       NaN,  100.7379,       NaN,       NaN,  158.4330,  163.5827,  163.6723,  163.8293,  164.1029,  164.5732,  165.3648,  166.6602,  168.4872,  170.9519,  174.2721,  178.5564,  183.8814,  190.3071,  197.9049,  205.8548,  212.8059,  218.1105,  222.1140,  224.8330,  226.3589,  227.0949,  227.3721,  227.5098,  227.5598,    0.0697,    0.2643,    0.5585,    0.9235,    1.3341,    1.7689,    2.2096,    2.6318,    3.0181,    3.3591,    3.6516,    3.8916,    3.4984,    3.6038,    3.6772,    3.7214,    3.7393,    3.7300,    3.7014,    3.6531,    3.5995,    3.5411,    3.4844,    3.4212,    1.1898,    1.1803,    1.1671,    1.1430,    1.1125,    1.0784,    0.9762,    0.9691,    0.9288,    0.8101,    0.8040,    0.6540,    0.4193,    0.3567,    0.2955,    0.2845,    0.2651,    0.2233,    0.2577,    0.2605,    0.2779,    0.3140,    0.3749,    0.4421,    0.5546,    0.6069,    0.5111,    0.6499,    0.6400,    0.6357,    0.6407,    0.6978,    0.7077,    0.7190,    0.7195,    0.7123,    1.9181,    1.8438,    1.7835,    1.7132,    1.6419,    1.5702,    1.5004,    1.4328,    1.3671,    1.3032,    1.2418,    1.1875,    1.7830,    1.6544,    1.5177,    1.3839,    1.2701,    1.1706,    1.0645,    0.9665,    0.8762,    0.7915,    0.7056,    0.6353,    1.5757,    1.1335,    0.8201,    0.5845,    0.4135,    0.2911,    0.2029,       NaN,       NaN,       NaN,    0.0414,    0.0300,    0.0903,    0.0481,    0.0756,    0.0847,    0.0948,    0.0882,    0.0963,    0.1081,    0.0948,    0.1304,    0.1152,    0.1260,    0.1390,    0.1130,    0.1643,    0.1822,    0.1496,    0.1795,    0.2047,    0.2211,    0.2202,    0.1449,    0.2309,    0.2435,    0.2981,    0.3179,    0.3283,    0.3481,    0.3566,    0.3735,    0.3805,    0.4347,    0.4733,    0.4478,    0.4561,    0.4643,    0.7902,    0.8611,    0.9025,    0.9331,    0.9560,    1.0327,    0.9651,    1.0272,    1.0030,    1.0440,    0.9871,    1.0548,    2.2557,    2.2071,    2.2328,    2.2522,    2.2667,    2.1711,    2.2439,    2.2964,    2.3353,    2.1618,    2.1200,    2.1891,    5.4766,    5.1529,    5.0524,    4.8551,    4.4158,    4.0773,    3.5486,    3.2318,    3.0337,    2.6045,    1.9611,    1.7884,    1.3722,    1.5405,    1.4646,    1.5447,    1.0871,    0.7997,    0.6504,    0.2623,    0.2326,    0.1662,    0.0580,    0.0475,    0.0078,    0.0292,    0.0614,    0.1008,    0.1445,    0.1902,    0.2357,    0.3331,    0.5001,    0.7185,    0.9576,    1.2089,    1.2405,    1.4138,    1.5767,    1.7194,    1.8410,    1.9472,    2.0255,    2.0831,    2.0924,    2.0640,    1.9947,    1.9201,    0.6344,    0.6278,    0.6320,    0.6708,    0.7265,    0.7824,    0.9826,    0.9810,    1.0288,    1.1313,    1.1579,    1.2568,    0.9698,    0.9642,    0.9572,    0.9473,    0.9378,    0.9287,    0.9178,    0.9074,    0.8966,    0.8844,    0.8684,    0.8433,    0.8123,    0.7020,    0.7560,    0.5447,    0.5468,    0.5347,    0.4769,    0.3225,    0.2647,    0.1944,    0.1567,    0.1427,    0.3494,    0.3162,    0.2505,    0.2191,    0.1934,    0.1764,    0.1596,    0.1450,    0.1323,    0.1215,    0.1121,    0.0889,    0.0970,    0.0509,    0.0497,    0.0579,    0.0383,    0.0030,    0.0023,    0.0021,    0.0019,    0.0048,    0.0194,    0.0197,    0.0267,    0.0282,    0.0094,    0.0055,    0.0030,    0.0010,    0.0007,       NaN,       NaN,       NaN,    0.0050,    0.0012,    0.0229,    0.0000,    0.0594,    0.1064,    0.1202,    0.1097,    0.1230,    0.1366,    0.1215,    0.1671,    0.1475,    0.1615,    0.1771,    0.1435,    0.2070,    0.2255,    0.1828,    0.1181,    0.0141,    0.0315,    0.1529,    0.1830,    0.2951,    0.3093,    0.3819,    0.4075,    0.4209,    0.4459,    0.4553,    0.4649,    0.4324,    0.3923,    0.3450,    0.4116,    0.5708,    0.5784,    1.0124,    1.1036,    1.1540,    1.1697,    1.1476,    1.2713,    1.2187,    1.2940,    1.1865,    1.3380,    1.2610,    1.3369,    2.8762,    2.7814,    2.8613,    2.8857,    2.8924,    2.7823,    2.8760,    2.9432,    2.9930,    2.7688,    2.7169,    2.8054,    7.0173,    6.6024,    6.4730,    6.2194,    5.6559,    5.2215,    4.5438,    4.1374,    3.8831,    3.3330,    2.5090,    2.2766,    1.6152,    0.9035,    0.2231,    0.0529,    0.0127,    0.0078,    0.0068,    0.0030,    0.0029,    0.0022,    0.0008,    0.0007
