Particle       ,data/QEXT_96IR_84_VIS_nanoring_9um7um
Ncase          ,  14
dt (sols)      ,  0.020833
Qext 0.67um    , 23.019000
Alb sfc        ,  0.220000
Conrath nu     ,  0.002000
Sun Flux (W/m2),148.389262
BWN IR (cm-1)  ,     10.0000,     34.1670,     58.3330,     82.5000,    106.6670,    130.8330,    155.0000,    179.1670,    203.3330,    227.5000,    251.6670,    275.8330,    300.0000,    320.7880,    341.5750,    362.3630,    383.1500,    403.9380,    424.7250,    445.5130,    466.3010,    487.0880,    507.8760,    528.6630,    549.4510,    556.7420,    564.0330,    571.3240,    578.6150,    585.9060,    593.1970,    600.4880,    607.7790,    615.0700,    622.3610,    629.6520,    636.9430,    642.5500,    648.1570,    653.7640,    659.3700,    664.9770,    670.5840,    676.1910,    681.7980,    687.4050,    693.0110,    698.6180,    704.2250,    710.1390,    716.0530,    721.9670,    727.8810,    733.7950,    739.7090,    745.6240,    751.5380,    757.4520,    763.3660,    769.2800,    775.1940,    791.5010,    807.8070,    824.1140,    840.4210,    856.7270,    873.0340,    889.3410,    905.6470,    921.9540,    938.2610,    954.5670,    970.8740,    996.8050,   1022.7370,   1048.6680,   1074.6000,   1100.5310,   1126.4630,   1152.3940,   1178.3250,   1204.2570,   1230.1880,   1256.1200,   1282.0510,   1360.3990,   1438.7460,   1517.0940,   1595.4410,   1673.7890,   1752.1370,   1830.4840,   1908.8320,   1987.1790,   2065.5270,   2143.8740,   2222.2220
BWN VIS (cm-1) ,   2222.2200,   2294.3160,   2366.4120,   2438.5080,   2510.6030,   2582.6990,   2654.7950,   2726.8910,   2798.9870,   2871.0820,   2943.1780,   3015.2740,   3087.3700,   3165.9750,   3244.5800,   3323.1850,   3401.7900,   3480.3950,   3559.0000,   3637.6050,   3716.2100,   3794.8150,   3873.4200,   3952.0250,   4030.6300,   4142.2920,   4253.9530,   4365.6150,   4477.2770,   4588.9380,   4700.6000,   4812.2620,   4923.9230,   5035.5850,   5147.2470,   5258.9080,   5370.5700,   5560.6150,   5750.6600,   5940.7050,   6130.7500,   6320.7950,   6510.8400,   6700.8850,   6890.9300,   7080.9750,   7271.0200,   7461.0650,   7651.1100,   8055.1840,   8459.2580,   8863.3330,   9267.4070,   9671.4810,  10075.5550,  10479.6290,  10883.7030,  11287.7780,  11691.8520,  12095.9260,  12500.0000,  13541.6670,  14583.3330,  15625.0000,  16666.6670,  17708.3330,  18750.0000,  19791.6670,  20833.3330,  21875.0000,  22916.6670,  23958.3330,  25000.0000,  26388.8890,  27777.7780,  29166.6670,  30555.5570,  31944.4460,  33333.3350,  34722.2240,  36111.1130,  37500.0030,  38888.8920,  40277.7810,  41666.6700
================
wavelenght [um],    0.244068,    0.252632,    0.261818,    0.271698,    0.282353,    0.293878,    0.306383,    0.320000,    0.334884,    0.351220,    0.369231,    0.389189,    0.408511,    0.426667,    0.446512,    0.468293,    0.492308,    0.518919,    0.548571,    0.581818,    0.619355,    0.662069,    0.711111,    0.768000,    0.813143,    0.840768,    0.870336,    0.902060,    0.936184,    0.972991,    1.012810,    1.056028,    1.103099,    1.154562,    1.211061,    1.273375,    1.323436,    1.357581,    1.393534,    1.431444,    1.471474,    1.513807,    1.558648,    1.606226,    1.656801,    1.710664,    1.768147,    1.829628,    1.881560,    1.921939,    1.964090,    2.008131,    2.054193,    2.102417,    2.152960,    2.205992,    2.261704,    2.320302,    2.382017,    2.447105,    2.505432,    2.555765,    2.608162,    2.662752,    2.719677,    2.779088,    2.841153,    2.906054,    2.973989,    3.045176,    3.119855,    3.198288,    3.277268,    3.356577,    3.439819,    3.527294,    3.619334,    3.716307,    3.818620,    3.926726,    4.041130,    4.162400,    4.291175,    4.428172,    4.580751,    4.751270,    4.934974,    5.133456,    5.348572,    5.582505,    5.837838,    6.117648,    6.425631,    6.766266,    7.145039,    7.568734,    7.879690,    8.044056,    8.215425,    8.394255,    8.581043,    8.776330,    8.980716,    9.194848,    9.419442,    9.655282,    9.903235,   10.164260,   10.387231,   10.566200,   10.751445,   10.943308,   11.142136,   11.348323,   11.562291,   11.784476,   12.015368,   12.255495,   12.505409,   12.765727,   12.949392,   13.049328,   13.150818,   13.253898,   13.358608,   13.464994,   13.573088,   13.682923,   13.794549,   13.908012,   14.023357,   14.140631,   14.256763,   14.371646,   14.488386,   14.607038,   14.727660,   14.850291,   14.974981,   15.101782,   15.230738,   15.361915,   15.495384,   15.631191,   15.790367,   15.974275,   16.162517,   16.355249,   16.552633,   16.754839,   16.962047,   17.174443,   17.392227,   17.615605,   17.844795,   18.080028,   18.550914,   19.294981,   20.101230,   20.977796,   21.934298,   22.982219,   24.135264,   25.410119,   26.827165,   28.411593,   30.194923,   32.217118,   34.732292,   37.914692,   41.739101,   46.421699,   52.287582,   59.850314,   69.970927,   84.210526,  105.726686,  142.012170,  216.216216,  452.826771
Qext           ,     22.9860,     22.9860,     22.9860,     22.9860,     22.9860,     22.9860,     22.9860,     22.9860,     22.9860,     22.9860,     22.9860,     23.0190,     23.0190,     23.0190,     23.0190,     23.0190,     23.0190,     23.0190,     23.0190,     23.0190,     23.0190,     23.0190,     23.0190,     22.7600,     22.7600,     22.7600,     22.7600,     22.7600,     22.7600,     22.7600,     22.7600,     22.7600,     22.7600,     24.2510,     24.2510,     24.2510,     24.2510,     24.2510,     24.2510,     24.2510,     24.2510,     25.8400,     25.8400,     25.8400,     25.8400,     25.8400,     25.8400,     25.8400,     27.1030,     27.1030,     27.1030,     27.1030,     27.1030,     27.1030,     27.1030,     27.1030,     25.2030,     25.2030,     25.2030,     25.2030,     25.2030,     25.2030,     24.5210,     24.5210,     24.5210,     24.5210,     24.5210,     24.5210,     22.3200,     22.3200,     22.3200,     22.3200,     22.3200,     18.0450,     18.0450,     18.0450,     18.0450,     15.1230,     15.1230,     15.1230,     15.3960,     15.3960,     15.3960,     17.4790,     17.4790,     17.4790,     18.0960,     17.1460,     17.1460,     15.8040,     15.8040,     14.5250,     13.2010,     12.0520,     11.5340,     10.5890,     10.2890,     10.2890,      9.6620,      9.6620,      9.6510,      9.6510,      9.2880,      9.4660,      9.4660,      9.6830,      9.8570,      9.8570,     10.5750,     10.5750,     11.4090,     11.4090,     12.1360,     13.2500,     13.2500,     14.8910,     14.8910,     16.6260,     18.2230,     18.2230,     19.9640,     19.9640,     19.9640,     22.2230,     22.2230,     22.2230,     25.0120,     25.0120,     25.0120,     28.0150,     28.0150,     28.0150,     28.0150,     30.9210,     30.9210,     30.9210,     33.6930,     33.6930,     33.6930,     36.5680,     36.5680,     39.8650,     39.8650,     39.8650,     43.7820,     43.7820,     48.3010,     48.3010,     53.2350,     53.2350,     58.3400,     58.3400,     63.4440,     68.5190,     68.5190,     73.6880,     82.2070,     95.9210,    112.8560,    136.1850,    156.9200,    169.0600,    168.0990,    149.9270,    121.5990,     84.4850,     52.4530,     31.4320,     19.2180,     13.0090,      8.4030,      3.6890,      0.7150,      0.1920,      0.1920,      0.1920,      0.1920,      0.1920,      0.1920,      0.1920
Qscat          ,     16.8580,     16.8580,     16.8580,     16.8580,     16.8580,     16.8580,     16.8580,     16.8580,     16.8580,     16.8580,     16.8580,     21.3610,     21.3610,     21.3610,     21.3610,     21.3610,     21.3610,     21.3610,     21.3610,     21.3610,     21.3610,     21.3610,     21.3610,     21.9710,     21.9710,     21.9710,     21.9710,     21.9710,     21.9710,     21.9710,     21.9710,     21.9710,     21.9710,     23.7500,     23.7500,     23.7500,     23.7500,     23.7500,     23.7500,     23.7500,     23.7500,     25.4420,     25.4420,     25.4420,     25.4420,     25.4420,     25.4420,     25.4420,     26.7320,     26.7320,     26.7320,     26.7320,     26.7320,     26.7320,     26.7320,     26.7320,     24.8880,     24.8880,     24.8880,     24.8880,     24.8880,     24.8880,     24.1670,     24.1670,     24.1670,     24.1670,     24.1670,     24.1670,     22.0540,     22.0540,     22.0540,     22.0540,     22.0540,     17.8090,     17.8090,     17.8090,     17.8090,     14.8970,     14.8970,     14.8970,     15.1520,     15.1520,     15.1520,     17.1760,     17.1760,     17.1760,     17.7640,     16.8690,     16.8690,     15.5010,     15.5010,     14.1440,     12.9910,     12.0280,     11.1320,     10.5250,      9.9010,      9.9010,      9.5590,      9.5590,      9.2100,      9.2100,      9.0850,      9.0950,      9.0950,      9.1990,      9.5640,      9.5640,     10.0540,     10.0540,     10.6760,     10.6760,     11.6160,     12.8180,     12.8180,     14.0770,     14.0770,     15.4200,     17.0820,     17.0820,     19.1870,     19.1870,     19.1870,     21.5910,     21.5910,     21.5910,     24.0300,     24.0300,     24.0300,     26.3830,     26.3830,     26.3830,     26.3830,     28.7650,     28.7650,     28.7650,     31.4380,     31.4380,     31.4380,     34.6250,     34.6250,     38.3790,     38.3790,     38.3790,     42.5670,     42.5670,     46.9550,     46.9550,     51.3290,     51.3290,     55.5900,     55.5900,     59.7960,     64.1390,     64.1390,     68.8860,     77.4380,     91.8300,    109.2300,    131.6590,    150.1260,    159.6960,    156.9260,    139.7160,    114.3750,     81.2910,     51.8420,     31.0750,     17.5810,     10.4890,      6.8080,      3.6886,      0.7149,      0.1920,      0.1920,      0.1920,      0.1920,      0.1920,      0.1920,      0.1920
G factor       ,    0.3220,    0.3220,    0.3220,    0.3220,    0.3220,    0.3220,    0.3220,    0.3220,    0.3220,    0.3220,    0.3220,    0.0820,    0.0820,    0.0820,    0.0820,    0.0820,    0.0820,    0.0820,    0.0820,    0.0820,    0.0820,    0.0820,    0.0820,    0.0350,    0.0350,    0.0350,    0.0350,    0.0350,    0.0350,    0.0350,    0.0350,    0.0350,    0.0350,    0.0260,    0.0260,    0.0260,    0.0260,    0.0260,    0.0260,    0.0260,    0.0260,    0.0110,    0.0110,    0.0110,    0.0110,    0.0110,    0.0110,    0.0110,    0.0040,    0.0040,    0.0040,    0.0040,    0.0040,    0.0040,    0.0040,    0.0040,   -0.0070,   -0.0070,   -0.0070,   -0.0070,   -0.0070,   -0.0070,   -0.0050,   -0.0050,   -0.0050,   -0.0050,   -0.0050,   -0.0050,   -0.0120,   -0.0120,   -0.0120,   -0.0120,   -0.0120,   -0.0110,   -0.0110,   -0.0110,   -0.0110,   -0.0020,   -0.0020,   -0.0020,    0.0070,    0.0070,    0.0070,    0.0080,    0.0080,    0.0080,    0.0050,    0.0040,    0.0040,    0.0040,    0.0040,    0.0050,    0.0060,    0.0070,    0.0090,    0.0100,    0.0120,    0.0120,    0.0130,    0.0130,    0.0150,    0.0150,    0.0160,    0.0170,    0.0170,    0.0180,    0.0180,    0.0180,    0.0180,    0.0180,    0.0180,    0.0180,    0.0170,    0.0160,    0.0160,    0.0150,    0.0150,    0.0140,    0.0120,    0.0120,    0.0110,    0.0110,    0.0110,    0.0100,    0.0100,    0.0100,    0.0090,    0.0090,    0.0090,    0.0080,    0.0080,    0.0080,    0.0080,    0.0080,    0.0080,    0.0080,    0.0070,    0.0070,    0.0070,    0.0060,    0.0060,    0.0060,    0.0060,    0.0060,    0.0050,    0.0050,    0.0050,    0.0050,    0.0040,    0.0040,    0.0040,    0.0040,    0.0030,    0.0030,    0.0030,    0.0030,    0.0020,    0.0020,    0.0010,    0.0010,    0.0010,    0.0000,    0.0000,   -0.0000,   -0.0000,   -0.0010,   -0.0010,   -0.0010,   -0.0010,   -0.0020,   -0.0020,   -0.0020,   -0.0020,   -0.0020,   -0.0020,   -0.0020,   -0.0020,   -0.0020,   -0.0020,   -0.0020
================
P [mbar]       ,    0.1004,    0.1015,    0.1034,    0.1069,    0.1130,    0.1239,    0.1432,    0.1740,    0.2226,    0.3028,    0.4349,    0.6529,    1.0121,    1.6044,    2.4646,    3.4606,    4.3994,    5.2226,    5.8426,    6.2132,    6.3980,    6.4686,    6.5039,    6.5168
Temp initial[K],  163.5827,  163.6723,  163.8293,  164.1029,  164.5732,  165.3648,  166.6602,  168.4872,  170.9519,  174.2721,  178.5564,  183.8814,  190.3071,  197.9049,  205.8548,  212.8059,  218.1105,  222.1140,  224.8330,  226.3589,  227.0949,  227.3721,  227.5098,  227.5598
================
it   ,   tau    ,  Tsfc    ,   alb    ,   OLR    ,    ASR   ,  NET top ,  NET bot , T lev  01, T lev  02, T lev  03, T lev  04, T lev  05, T lev  06, T lev  07, T lev  08, T lev  09, T lev  10, T lev  11, T lev  12, T lev  13, T lev  14, T lev  15, T lev  16, T lev  17, T lev  18, T lev  19, T lev  20, T lev  21, T lev  22, T lev  23, T lev  24, T lev  25,  OLR IR01,  OLR IR02,  OLR IR03,  OLR IR04,  OLR IR05,  OLR IR06,  OLR IR07,  OLR IR08,  OLR IR09,  OLR IR10,  OLR IR11,  OLR IR12,  OLR IR13,  OLR IR14,  OLR IR15,  OLR IR16,  OLR IR17,  OLR IR18,  OLR IR19,  OLR IR20,  OLR IR21,  OLR IR22,  OLR IR23,  OLR IR24,  OLR IR25,  OLR IR26,  OLR IR27,  OLR IR28,  OLR IR29,  OLR IR30,  OLR IR31,  OLR IR32,  OLR IR33,  OLR IR34,  OLR IR35,  OLR IR36,  OLR IR37,  OLR IR38,  OLR IR39,  OLR IR40,  OLR IR41,  OLR IR42,  OLR IR43,  OLR IR44,  OLR IR45,  OLR IR46,  OLR IR47,  OLR IR48,  OLR IR49,  OLR IR50,  OLR IR51,  OLR IR52,  OLR IR53,  OLR IR54,  OLR IR55,  OLR IR56,  OLR IR57,  OLR IR58,  OLR IR59,  OLR IR60,  OLR IR61,  OLR IR62,  OLR IR63,  OLR IR64,  OLR IR65,  OLR IR66,  OLR IR67,  OLR IR68,  OLR IR69,  OLR IR70,  OLR IR71,  OLR IR72,  OLR IR73,  OLR IR74,  OLR IR75,  OLR IR76,  OLR IR77,  OLR IR78,  OLR IR79,  OLR IR80,  OLR IR81,  OLR IR82,  OLR IR83,  OLR IR84,  OLR IR85,  OLR IR86,  OLR IR87,  OLR IR88,  OLR IR89,  OLR IR90,  OLR IR91,  OLR IR92,  OLR IR93,  OLR IR94,  OLR IR95,  OLR IR96, ASR VIS01, ASR VIS02, ASR VIS03, ASR VIS04, ASR VIS05, ASR VIS06, ASR VIS07, ASR VIS08, ASR VIS09, ASR VIS10, ASR VIS11, ASR VIS12, ASR VIS13, ASR VIS14, ASR VIS15, ASR VIS16, ASR VIS17, ASR VIS18, ASR VIS19, ASR VIS20, ASR VIS21, ASR VIS22, ASR VIS23, ASR VIS24, ASR VIS25, ASR VIS26, ASR VIS27, ASR VIS28, ASR VIS29, ASR VIS30, ASR VIS31, ASR VIS32, ASR VIS33, ASR VIS34, ASR VIS35, ASR VIS36, ASR VIS37, ASR VIS38, ASR VIS39, ASR VIS40, ASR VIS41, ASR VIS42, ASR VIS43, ASR VIS44, ASR VIS45, ASR VIS46, ASR VIS47, ASR VIS48, ASR VIS49, ASR VIS50, ASR VIS51, ASR VIS52, ASR VIS53, ASR VIS54, ASR VIS55, ASR VIS56, ASR VIS57, ASR VIS58, ASR VIS59, ASR VIS60, ASR VIS61, ASR VIS62, ASR VIS63, ASR VIS64, ASR VIS65, ASR VIS66, ASR VIS67, ASR VIS68, ASR VIS69, ASR VIS70, ASR VIS71, ASR VIS72, ASR VIS73, ASR VIS74, ASR VIS75, ASR VIS76, ASR VIS77, ASR VIS78, ASR VIS79, ASR VIS80, ASR VIS81, ASR VIS82, ASR VIS83, ASR VIS84, SFC DIR01, SFC DIR02, SFC DIR03, SFC DIR04, SFC DIR05, SFC DIR06, SFC DIR07, SFC DIR08, SFC DIR09, SFC DIR10, SFC DIR11, SFC DIR12, SFC DIR13, SFC DIR14, SFC DIR15, SFC DIR16, SFC DIR17, SFC DIR18, SFC DIR19, SFC DIR20, SFC DIR21, SFC DIR22, SFC DIR23, SFC DIR24, SFC DIR25, SFC DIR26, SFC DIR27, SFC DIR28, SFC DIR29, SFC DIR30, SFC DIR31, SFC DIR32, SFC DIR33, SFC DIR34, SFC DIR35, SFC DIR36, SFC DIR37, SFC DIR38, SFC DIR39, SFC DIR40, SFC DIR41, SFC DIR42, SFC DIR43, SFC DIR44, SFC DIR45, SFC DIR46, SFC DIR47, SFC DIR48, SFC DIR49, SFC DIR50, SFC DIR51, SFC DIR52, SFC DIR53, SFC DIR54, SFC DIR55, SFC DIR56, SFC DIR57, SFC DIR58, SFC DIR59, SFC DIR60, SFC DIR61, SFC DIR62, SFC DIR63, SFC DIR64, SFC DIR65, SFC DIR66, SFC DIR67, SFC DIR68, SFC DIR69, SFC DIR70, SFC DIR71, SFC DIR72, SFC DIR73, SFC DIR74, SFC DIR75, SFC DIR76, SFC DIR77, SFC DIR78, SFC DIR79, SFC DIR80, SFC DIR81, SFC DIR82, SFC DIR83, SFC DIR84, SFC DIR85, SFC DIR86, SFC DIR87, SFC DIR88, SFC DIR89, SFC DIR90, SFC DIR91, SFC DIR92, SFC DIR93, SFC DIR94, SFC DIR95, SFC DIR96,SFC DVIS01,SFC DVIS02,SFC DVIS03,SFC DVIS04,SFC DVIS05,SFC DVIS06,SFC DVIS07,SFC DVIS08,SFC DVIS09,SFC DVIS10,SFC DVIS11,SFC DVIS12,SFC DVIS13,SFC DVIS14,SFC DVIS15,SFC DVIS16,SFC DVIS17,SFC DVIS18,SFC DVIS19,SFC DVIS20,SFC DVIS21,SFC DVIS22,SFC DVIS23,SFC DVIS24,SFC DVIS25,SFC DVIS26,SFC DVIS27,SFC DVIS28,SFC DVIS29,SFC DVIS30,SFC DVIS31,SFC DVIS32,SFC DVIS33,SFC DVIS34,SFC DVIS35,SFC DVIS36,SFC DVIS37,SFC DVIS38,SFC DVIS39,SFC DVIS40,SFC DVIS41,SFC DVIS42,SFC DVIS43,SFC DVIS44,SFC DVIS45,SFC DVIS46,SFC DVIS47,SFC DVIS48,SFC DVIS49,SFC DVIS50,SFC DVIS51,SFC DVIS52,SFC DVIS53,SFC DVIS54,SFC DVIS55,SFC DVIS56,SFC DVIS57,SFC DVIS58,SFC DVIS59,SFC DVIS60,SFC DVIS61,SFC DVIS62,SFC DVIS63,SFC DVIS64,SFC DVIS65,SFC DVIS66,SFC DVIS67,SFC DVIS68,SFC DVIS69,SFC DVIS70,SFC DVIS71,SFC DVIS72,SFC DVIS73,SFC DVIS74,SFC DVIS75,SFC DVIS76,SFC DVIS77,SFC DVIS78,SFC DVIS79,SFC DVIS80,SFC DVIS81,SFC DVIS82,SFC DVIS83,SFC DVIS84
    2,    0.0000,  227.5722,    0.2192,  139.8688,  115.8602,  -23.5218,  -14.0680,  158.4330,  163.5827,  163.6723,  163.8293,  164.1029,  164.5732,  165.3648,  166.6602,  168.4872,  170.9519,  174.2721,  178.5564,  183.8814,  190.3071,  197.9049,  205.8548,  212.8059,  218.1105,  222.1140,  224.8330,  226.3589,  227.0949,  227.3721,  227.5098,  227.5598,    0.0705,    0.2675,    0.5658,    0.9364,    1.3541,    1.7971,    2.2470,    2.6886,    3.1100,    3.5012,    3.8550,    4.1668,    3.7991,    3.9662,    4.1036,    4.2111,    4.2902,    4.3412,    4.3666,    4.3674,    4.3455,    4.3031,    4.2365,    4.1377,    1.4329,    1.4160,    1.3937,    1.3544,    1.3064,    1.2531,    1.1042,    1.0903,    1.0331,    0.8812,    0.8657,    0.6804,    0.4286,    0.3613,    0.2973,    0.2859,    0.2660,    0.2237,    0.2586,    0.2615,    0.2793,    0.3166,    0.3804,    0.4522,    0.5746,    0.6344,    0.5305,    0.6851,    0.6744,    0.6698,    0.6769,    0.7426,    0.7550,    0.7683,    0.7700,    0.7628,    2.0538,    1.9716,    1.9052,    1.8274,    1.7484,    1.6691,    1.5919,    1.5151,    1.4407,    1.3665,    1.2937,    1.2291,    1.8278,    1.6842,    1.5339,    1.3924,    1.2741,    1.1725,    1.0662,    0.9681,    0.8777,    0.7928,    0.7079,    0.6374,    1.5840,    1.1437,    0.8293,    0.5901,    0.4167,    0.2922,    0.2036,    0.1383,    0.0940,    0.0622,    0.0416,    0.0303,    0.0906,    0.0482,    0.0759,    0.0854,    0.0957,    0.0892,    0.0975,    0.1096,    0.0962,    0.1325,    0.1172,    0.1283,    0.1417,    0.1155,    0.1680,    0.1868,    0.1536,    0.1833,    0.2065,    0.2237,    0.2252,    0.1502,    0.2398,    0.2533,    0.3110,    0.3324,    0.3440,    0.3658,    0.3756,    0.3940,    0.4010,    0.4565,    0.4953,    0.4717,    0.4852,    0.4943,    0.8433,    0.9209,    0.9663,    0.9993,    1.0234,    1.1077,    1.0381,    1.1064,    1.0804,    1.1314,    1.0733,    1.1507,    2.4780,    2.4450,    2.4989,    2.5384,    2.5644,    2.4626,    2.5489,    2.6139,    2.6670,    2.4800,    2.4441,    2.5380,    6.4157,    6.1123,    6.0433,    5.8603,    5.4132,    5.0767,    4.4565,    4.0997,    3.9404,    3.4535,    2.6528,    2.4637,    1.8993,    1.7458,    1.3311,    1.2705,    0.8565,    0.6215,    0.5021,    0.2015,    0.1776,    0.1261,    0.0437,    0.0355,    0.0000,    0.0000,    0.0000,    0.0000,    0.0000,    0.0000,    0.0000,    0.0000,    0.0000,    0.0000,    0.0000,    0.0000,    0.0000,    0.0000,    0.0000,    0.0000,    0.0000,    0.0000,    0.0000,    0.0004,    0.0013,    0.0042,    0.0316,    0.1224,    0.0337,    0.0553,    0.0951,    0.1939,    0.3170,    0.4390,    0.7874,    0.8078,    0.8986,    1.0611,    1.1127,    1.2540,    0.9696,    0.9641,    0.9572,    0.9473,    0.9378,    0.9287,    0.9178,    0.9074,    0.8966,    0.8844,    0.8683,    0.8421,    0.8025,    0.6764,    0.7395,    0.4977,    0.5022,    0.4908,    0.4247,    0.2470,    0.1814,    0.1031,    0.0612,    0.0469,    0.0933,    0.0788,    0.0260,    0.0119,    0.0030,    0.0028,    0.0017,    0.0056,    0.0100,    0.0182,    0.0292,    0.0235,    0.0278,    0.0056,    0.0259,    0.0458,    0.0328,    0.0004,    0.0000,    0.0000,    0.0000,    0.0031,    0.0165,    0.0171,    0.0171,    0.0171,    0.0000,    0.0000,    0.0000,    0.0000,    0.0000,    0.0035,    0.0040,    0.0054,    0.0048,    0.0010,    0.0230,    0.0000,    0.0598,    0.1073,    0.1213,    0.1109,    0.1245,    0.1385,    0.1233,    0.1698,    0.1501,    0.1645,    0.1806,    0.1466,    0.2118,    0.2312,    0.1878,    0.1215,    0.0145,    0.0325,    0.1583,    0.1897,    0.3065,    0.3218,    0.3984,    0.4260,    0.4410,    0.4686,    0.4796,    0.4909,    0.4572,    0.4157,    0.3661,    0.4375,    0.6076,    0.6165,    1.0804,    1.1803,    1.2358,    1.2540,    1.2316,    1.3659,    1.3119,    1.3949,    1.2823,    1.4502,    1.3714,    1.4595,    3.1611,    3.0848,    3.2030,    3.2531,    3.2743,    3.1567,    3.2678,    3.3511,    3.4192,    3.1776,    3.1334,    3.2539,    8.2247,    7.8363,    7.7478,    7.5132,    6.9399,    6.5086,    5.7135,    5.2561,    5.0518,    4.4276,    3.4010,    3.1586,    2.4350,    2.2382,    1.7066,    1.6288,    1.0981,    0.7968,    0.6438,    0.2584,    0.2277,    0.1616,    0.0560,    0.0455
    2,    0.0500,  227.5722,    0.2441,  127.3048,  112.1603,  -14.6571,   -5.7307,  158.4330,  163.5827,  163.6723,  163.8293,  164.1029,  164.5732,  165.3648,  166.6602,  168.4872,  170.9519,  174.2721,  178.5564,  183.8814,  190.3071,  197.9049,  205.8548,  212.8059,  218.1105,  222.1140,  224.8330,  226.3589,  227.0949,  227.3721,  227.5098,  227.5598,    0.0705,    0.2674,    0.5656,    0.9360,    1.3535,    1.7963,    2.2461,    2.6844,    3.0848,    3.4457,    3.7613,    4.0069,    3.5544,    3.5577,    3.4753,    3.3579,    3.2759,    3.2226,    3.2263,    3.2777,    3.3635,    3.4627,    3.5177,    3.5308,    1.2416,    1.2395,    1.2220,    1.2031,    1.1763,    1.1348,    1.0249,    1.0140,    0.9718,    0.8385,    0.8310,    0.6648,    0.4232,    0.3583,    0.2960,    0.2849,    0.2653,    0.2234,    0.2579,    0.2607,    0.2782,    0.3146,    0.3760,    0.4448,    0.5601,    0.6140,    0.5161,    0.6606,    0.6507,    0.6459,    0.6538,    0.7133,    0.7238,    0.7383,    0.7393,    0.7321,    1.9783,    1.8989,    1.8405,    1.7712,    1.6945,    1.6229,    1.5478,    1.4768,    1.4065,    1.3342,    1.2652,    1.2020,    1.7900,    1.6493,    1.5028,    1.3649,    1.2489,    1.1494,    1.0444,    0.9483,    0.8596,    0.7765,    0.6926,    0.6236,    1.5483,    1.1158,    0.8080,    0.5735,    0.4038,    0.2824,    0.1968,    0.1333,    0.0906,    0.0599,    0.0401,    0.0291,    0.0895,    0.0481,    0.0745,    0.0832,    0.0933,    0.0870,    0.0950,    0.1062,    0.0933,    0.1284,    0.1136,    0.1235,    0.1364,    0.1112,    0.1618,    0.1799,    0.1475,    0.1777,    0.2040,    0.2203,    0.2191,    0.1441,    0.2298,    0.2427,    0.2979,    0.3184,    0.3296,    0.3504,    0.3590,    0.3768,    0.3842,    0.4392,    0.4783,    0.4537,    0.4638,    0.4727,    0.8079,    0.8822,    0.9257,    0.9578,    0.9818,    1.0621,    0.9948,    1.0642,    1.0404,    1.0878,    1.0320,    1.1066,    2.3827,    2.3516,    2.4025,    2.4502,    2.4756,    2.3770,    2.4603,    2.5231,    2.5743,    2.3939,    2.3592,    2.4499,    6.1930,    5.9274,    5.8606,    5.6832,    5.2496,    4.9234,    4.3221,    3.9762,    3.8218,    3.3497,    2.5732,    2.3899,    1.8425,    1.7346,    1.3227,    1.2626,    0.8513,    0.6179,    0.4993,    0.2004,    0.1767,    0.1255,    0.0435,    0.0354,    0.0000,    0.0001,    0.0002,    0.0004,    0.0006,    0.0008,    0.0010,    0.0042,    0.0252,    0.0722,    0.1220,    0.1795,    0.2485,    0.4151,    0.6631,    0.9311,    1.1229,    1.2355,    1.2368,    1.1588,    1.0277,    0.8787,    0.7850,    0.7620,    0.2367,    0.2410,    0.2733,    0.3448,    0.4394,    0.5446,    0.8440,    0.8597,    0.9354,    1.0818,    1.1254,    1.2549,    0.9696,    0.9641,    0.9572,    0.9473,    0.9378,    0.9287,    0.9178,    0.9074,    0.8966,    0.8844,    0.8683,    0.8426,    0.8064,    0.6867,    0.7462,    0.5150,    0.5186,    0.5073,    0.4423,    0.2728,    0.2100,    0.1321,    0.0917,    0.0776,    0.1706,    0.1534,    0.0934,    0.0698,    0.0587,    0.0499,    0.0466,    0.0448,    0.0452,    0.0514,    0.0580,    0.0510,    0.0658,    0.0410,    0.0574,    0.0734,    0.0581,    0.0237,    0.0221,    0.0200,    0.0181,    0.0195,    0.0319,    0.0309,    0.0527,    0.0450,    0.0213,    0.0166,    0.0129,    0.0098,    0.0068,    0.0084,    0.0074,    0.0077,    0.0062,    0.0021,    0.0223,    0.0000,    0.0582,    0.1043,    0.1181,    0.1079,    0.1211,    0.1341,    0.1193,    0.1644,    0.1453,    0.1581,    0.1735,    0.1409,    0.2034,    0.2221,    0.1798,    0.1162,    0.0139,    0.0310,    0.1514,    0.1815,    0.2930,    0.3076,    0.3808,    0.4072,    0.4216,    0.4479,    0.4571,    0.4679,    0.4357,    0.3959,    0.3487,    0.4168,    0.5791,    0.5875,    1.0321,    1.1275,    1.1805,    1.1979,    1.1764,    1.3047,    1.2532,    1.3365,    1.2285,    1.3895,    1.3140,    1.3983,    3.0287,    2.9555,    3.0688,    3.1230,    3.1434,    3.0305,    3.1371,    3.2172,    3.2825,    3.0506,    3.0082,    3.1238,    7.8960,    7.5130,    7.4283,    7.2034,    6.6539,    6.2404,    5.4782,    5.0397,    4.8440,    4.2456,    3.2613,    3.0290,    2.3353,    2.1329,    1.6263,    1.5523,    1.0466,    0.7595,    0.6136,    0.2463,    0.2171,    0.1541,    0.0534,    0.0434
    2,    0.1000,  227.5722,    0.2670,  118.6094,  108.7701,   -9.3515,   -0.9189,  158.4330,  163.5827,  163.6723,  163.8293,  164.1029,  164.5732,  165.3648,  166.6602,  168.4872,  170.9519,  174.2721,  178.5564,  183.8814,  190.3071,  197.9049,  205.8548,  212.8059,  218.1105,  222.1140,  224.8330,  226.3589,  227.0949,  227.3721,  227.5098,  227.5598,    0.0705,    0.2673,    0.5653,    0.9356,    1.3529,    1.7956,    2.2451,    2.6802,    3.0601,    3.3924,    3.6733,    3.8600,    3.3397,    3.2266,    3.0218,    2.8144,    2.6842,    2.6021,    2.5914,    2.6460,    2.7572,    2.9062,    3.0164,    3.0880,    1.0981,    1.1045,    1.0904,    1.0844,    1.0717,    1.0390,    0.9582,    0.9494,    0.9188,    0.8009,    0.7998,    0.6501,    0.4179,    0.3555,    0.2948,    0.2839,    0.2645,    0.2231,    0.2572,    0.2599,    0.2771,    0.3125,    0.3718,    0.4377,    0.5464,    0.5951,    0.5027,    0.6380,    0.6287,    0.6239,    0.6324,    0.6863,    0.6952,    0.7107,    0.7110,    0.7039,    1.9084,    1.8316,    1.7802,    1.7184,    1.6439,    1.5792,    1.5061,    1.4403,    1.3740,    1.3034,    1.2381,    1.1762,    1.7538,    1.6157,    1.4730,    1.3385,    1.2246,    1.1272,    1.0235,    0.9293,    0.8423,    0.7609,    0.6779,    0.6104,    1.5142,    1.0891,    0.7877,    0.5578,    0.3917,    0.2732,    0.1904,    0.1286,    0.0874,    0.0577,    0.0387,    0.0281,    0.0884,    0.0480,    0.0732,    0.0812,    0.0911,    0.0849,    0.0927,    0.1031,    0.0906,    0.1246,    0.1102,    0.1191,    0.1315,    0.1072,    0.1560,    0.1735,    0.1419,    0.1726,    0.2017,    0.2171,    0.2136,    0.1386,    0.2206,    0.2331,    0.2860,    0.3057,    0.3164,    0.3364,    0.3439,    0.3612,    0.3690,    0.4235,    0.4627,    0.4373,    0.4445,    0.4531,    0.7756,    0.8469,    0.8888,    0.9200,    0.9439,    1.0205,    0.9554,    1.0255,    1.0037,    1.0479,    0.9941,    1.0662,    2.2955,    2.2660,    2.3143,    2.3691,    2.3939,    2.2984,    2.3789,    2.4396,    2.4892,    2.3147,    2.2812,    2.3689,    5.9882,    5.7579,    5.6931,    5.5208,    5.0997,    4.7830,    4.1989,    3.8629,    3.7131,    3.2545,    2.5002,    2.3222,    1.7905,    1.7247,    1.3153,    1.2557,    0.8468,    0.6147,    0.4968,    0.1995,    0.1759,    0.1249,    0.0433,    0.0353,    0.0001,    0.0002,    0.0005,    0.0008,    0.0011,    0.0015,    0.0019,    0.0085,    0.0499,    0.1422,    0.2381,    0.3457,    0.4670,    0.7528,    1.1508,    1.5494,    1.8169,    1.9655,    1.9629,    1.8563,    1.6772,    1.4687,    1.3208,    1.2379,    0.3921,    0.3854,    0.4120,    0.4644,    0.5382,    0.6302,    0.8910,    0.9032,    0.9669,    1.0995,    1.1366,    1.2556,    0.9697,    0.9641,    0.9572,    0.9473,    0.9378,    0.9287,    0.9178,    0.9074,    0.8966,    0.8844,    0.8684,    0.8430,    0.8099,    0.6961,    0.7523,    0.5309,    0.5337,    0.5225,    0.4586,    0.2965,    0.2363,    0.1590,    0.1199,    0.1059,    0.2425,    0.2227,    0.1565,    0.1244,    0.1111,    0.0945,    0.0891,    0.0821,    0.0788,    0.0831,    0.0856,    0.0773,    0.1023,    0.0749,    0.0876,    0.0999,    0.0825,    0.0460,    0.0433,    0.0393,    0.0355,    0.0351,    0.0466,    0.0441,    0.0867,    0.0716,    0.0416,    0.0323,    0.0250,    0.0190,    0.0132,    0.0130,    0.0105,    0.0098,    0.0076,    0.0031,    0.0216,    0.0000,    0.0566,    0.1016,    0.1150,    0.1051,    0.1180,    0.1299,    0.1156,    0.1593,    0.1407,    0.1521,    0.1669,    0.1355,    0.1957,    0.2137,    0.1723,    0.1113,    0.0133,    0.0297,    0.1451,    0.1741,    0.2807,    0.2947,    0.3647,    0.3901,    0.4038,    0.4290,    0.4367,    0.4469,    0.4161,    0.3780,    0.3329,    0.3979,    0.5531,    0.5612,    0.9880,    1.0793,    1.1300,    1.1466,    1.1260,    1.2488,    1.1996,    1.2826,    1.1789,    1.3336,    1.2611,    1.3420,    2.9068,    2.8365,    2.9453,    3.0025,    3.0220,    2.9135,    3.0161,    3.0930,    3.1558,    2.9329,    2.8921,    3.0033,    7.5914,    7.2121,    7.1308,    6.9151,    6.3876,    5.9908,    5.2592,    4.8383,    4.6506,    4.0762,    3.1313,    2.9084,    2.2424,    2.0338,    1.5508,    1.4802,    0.9981,    0.7244,    0.5853,    0.2349,    0.2071,    0.1470,    0.0510,    0.0415
    2,    0.1500,  227.5722,    0.2880,  112.0676,  105.6548,   -5.9245,    2.0351,  158.4330,  163.5827,  163.6723,  163.8293,  164.1029,  164.5732,  165.3648,  166.6602,  168.4872,  170.9519,  174.2721,  178.5564,  183.8814,  190.3071,  197.9049,  205.8548,  212.8059,  218.1105,  222.1140,  224.8330,  226.3589,  227.0949,  227.3721,  227.5098,  227.5598,    0.0705,    0.2672,    0.5651,    0.9352,    1.3523,    1.7948,    2.2442,    2.6760,    3.0357,    3.3411,    3.5904,    3.7247,    3.1498,    2.9529,    2.6808,    2.4433,    2.3049,    2.2174,    2.1956,    2.2399,    2.3493,    2.5129,    2.6488,    2.7525,    0.9869,    0.9983,    0.9867,    0.9890,    0.9859,    0.9600,    0.9013,    0.8940,    0.8724,    0.7677,    0.7715,    0.6363,    0.4128,    0.3526,    0.2935,    0.2830,    0.2638,    0.2229,    0.2565,    0.2591,    0.2761,    0.3105,    0.3677,    0.4309,    0.5336,    0.5776,    0.4902,    0.6172,    0.6085,    0.6035,    0.6125,    0.6615,    0.6689,    0.6852,    0.6849,    0.6779,    1.8434,    1.7690,    1.7238,    1.6687,    1.5962,    1.5378,    1.4666,    1.4056,    1.3430,    1.2741,    1.2121,    1.1514,    1.7190,    1.5835,    1.4444,    1.3131,    1.2013,    1.1058,    1.0035,    0.9110,    0.8256,    0.7459,    0.6638,    0.5977,    1.4816,    1.0637,    0.7684,    0.5429,    0.3802,    0.2646,    0.1844,    0.1243,    0.0845,    0.0557,    0.0374,    0.0272,    0.0875,    0.0479,    0.0719,    0.0793,    0.0889,    0.0829,    0.0905,    0.1002,    0.0880,    0.1211,    0.1071,    0.1150,    0.1270,    0.1035,    0.1507,    0.1677,    0.1368,    0.1679,    0.1994,    0.2141,    0.2084,    0.1335,    0.2122,    0.2242,    0.2751,    0.2940,    0.3043,    0.3236,    0.3301,    0.3470,    0.3551,    0.4091,    0.4484,    0.4223,    0.4269,    0.4352,    0.7461,    0.8147,    0.8550,    0.8855,    0.9092,    0.9825,    0.9194,    0.9899,    0.9699,    1.0111,    0.9594,    1.0292,    2.2153,    2.1874,    2.2332,    2.2944,    2.3185,    2.2259,    2.3039,    2.3626,    2.4106,    2.2417,    2.2092,    2.2941,    5.7993,    5.6022,    5.5392,    5.3717,    4.9621,    4.6539,    4.0857,    3.7589,    3.6132,    3.1671,    2.4331,    2.2600,    1.7426,    1.7158,    1.3087,    1.2495,    0.8428,    0.6119,    0.4947,    0.1987,    0.1752,    0.1245,    0.0432,    0.0352,    0.0001,    0.0003,    0.0007,    0.0012,    0.0017,    0.0023,    0.0029,    0.0127,    0.0743,    0.2099,    0.3487,    0.5001,    0.6606,    1.0331,    1.5252,    1.9918,    2.2913,    2.4508,    2.4437,    2.3250,    2.1271,    1.8947,    1.7222,    1.6066,    0.5150,    0.5012,    0.5233,    0.5616,    0.6197,    0.7009,    0.9308,    0.9401,    0.9940,    1.1149,    1.1464,    1.2563,    0.9697,    0.9641,    0.9572,    0.9473,    0.9378,    0.9287,    0.9178,    0.9074,    0.8966,    0.8844,    0.8684,    0.8434,    0.8132,    0.7047,    0.7578,    0.5456,    0.5476,    0.5364,    0.4736,    0.3183,    0.2604,    0.1838,    0.1459,    0.1321,    0.3095,    0.2873,    0.2156,    0.1759,    0.1605,    0.1367,    0.1294,    0.1177,    0.1108,    0.1134,    0.1121,    0.1025,    0.1374,    0.1075,    0.1167,    0.1253,    0.1059,    0.0676,    0.0637,    0.0578,    0.0522,    0.0501,    0.0608,    0.0568,    0.1193,    0.0970,    0.0609,    0.0472,    0.0364,    0.0276,    0.0192,    0.0173,    0.0134,    0.0118,    0.0088,    0.0040,    0.0210,    0.0000,    0.0552,    0.0989,    0.1120,    0.1024,    0.1150,    0.1260,    0.1121,    0.1545,    0.1365,    0.1465,    0.1608,    0.1306,    0.1886,    0.2059,    0.1655,    0.1068,    0.0128,    0.0285,    0.1393,    0.1672,    0.2693,    0.2827,    0.3500,    0.3743,    0.3875,    0.4117,    0.4180,    0.4277,    0.3982,    0.3615,    0.3183,    0.3806,    0.5294,    0.5371,    0.9475,    1.0350,    1.0837,    1.0995,    1.0797,    1.1975,    1.1503,    1.2329,    1.1331,    1.2819,    1.2122,    1.2900,    2.7942,    2.7266,    2.8312,    2.8905,    2.9093,    2.8048,    2.9036,    2.9777,    3.0381,    2.8235,    2.7843,    2.8913,    7.3083,    6.9313,    6.8532,    6.6459,    6.1391,    5.7578,    5.0547,    4.6504,    4.4700,    3.9180,    3.0099,    2.7957,    2.1557,    1.9400,    1.4794,    1.4122,    0.9522,    0.6911,    0.5585,    0.2242,    0.1976,    0.1403,    0.0487,    0.0396
    2,    0.2000,  227.5722,    0.3073,  106.8774,  102.7849,   -3.6036,    3.8944,  158.4330,  163.5827,  163.6723,  163.8293,  164.1029,  164.5732,  165.3648,  166.6602,  168.4872,  170.9519,  174.2721,  178.5564,  183.8814,  190.3071,  197.9049,  205.8548,  212.8059,  218.1105,  222.1140,  224.8330,  226.3589,  227.0949,  227.3721,  227.5098,  227.5598,    0.0704,    0.2670,    0.5648,    0.9348,    1.3518,    1.7940,    2.2432,    2.6718,    3.0118,    3.2919,    3.5122,    3.5998,    2.9808,    2.7232,    2.4164,    2.1773,    2.0464,    1.9614,    1.9304,    1.9608,    2.0587,    2.2219,    2.3692,    2.4906,    0.8987,    0.9128,    0.9031,    0.9109,    0.9143,    0.8937,    0.8520,    0.8460,    0.8314,    0.7380,    0.7457,    0.6233,    0.4079,    0.3499,    0.2923,    0.2821,    0.2631,    0.2226,    0.2559,    0.2583,    0.2750,    0.3086,    0.3637,    0.4244,    0.5216,    0.5613,    0.4785,    0.5979,    0.5897,    0.5847,    0.5940,    0.6385,    0.6446,    0.6615,    0.6607,    0.6537,    1.7829,    1.7108,    1.6710,    1.6219,    1.5513,    1.4986,    1.4292,    1.3726,    1.3134,    1.2460,    1.1871,    1.1277,    1.6856,    1.5526,    1.4169,    1.2887,    1.1789,    1.0852,    0.9842,    0.8935,    0.8096,    0.7314,    0.6503,    0.5856,    1.4504,    1.0395,    0.7501,    0.5288,    0.3695,    0.2565,    0.1787,    0.1202,    0.0818,    0.0538,    0.0362,    0.0263,    0.0865,    0.0479,    0.0707,    0.0774,    0.0868,    0.0810,    0.0884,    0.0975,    0.0856,    0.1178,    0.1042,    0.1112,    0.1228,    0.1001,    0.1458,    0.1622,    0.1321,    0.1635,    0.1972,    0.2113,    0.2036,    0.1288,    0.2045,    0.2161,    0.2651,    0.2834,    0.2933,    0.3119,    0.3176,    0.3340,    0.3424,    0.3958,    0.4352,    0.4085,    0.4108,    0.4189,    0.7190,    0.7852,    0.8240,    0.8538,    0.8774,    0.9477,    0.8864,    0.9571,    0.9387,    0.9773,    0.9273,    0.9950,    2.1415,    2.1150,    2.1585,    2.2253,    2.2489,    2.1589,    2.2345,    2.2915,    2.3381,    2.1742,    2.1427,    2.2251,    5.6248,    5.4589,    5.3975,    5.2344,    4.8353,    4.5351,    3.9815,    3.6631,    3.5212,    3.0866,    2.3713,    2.2027,    1.6986,    1.7079,    1.3028,    1.2441,    0.8393,    0.6094,    0.4927,    0.1979,    0.1746,    0.1241,    0.0431,    0.0351,    0.0001,    0.0005,    0.0010,    0.0016,    0.0023,    0.0030,    0.0038,    0.0169,    0.0983,    0.2756,    0.4543,    0.6441,    0.8334,    1.2694,    1.8224,    2.3253,    2.6372,    2.7979,    2.7870,    2.6631,    2.4581,    2.2176,    2.0349,    1.9012,    0.6149,    0.5962,    0.6146,    0.6423,    0.6881,    0.7605,    0.9648,    0.9717,    1.0177,    1.1283,    1.1551,    1.2570,    0.9698,    0.9642,    0.9572,    0.9473,    0.9378,    0.9287,    0.9178,    0.9074,    0.8966,    0.8844,    0.8685,    0.8438,    0.8163,    0.7126,    0.7630,    0.5591,    0.5604,    0.5492,    0.4875,    0.3384,    0.2826,    0.2069,    0.1701,    0.1564,    0.3721,    0.3476,    0.2711,    0.2244,    0.2071,    0.1768,    0.1677,    0.1515,    0.1415,    0.1423,    0.1375,    0.1267,    0.1711,    0.1389,    0.1446,    0.1499,    0.1285,    0.0883,    0.0833,    0.0756,    0.0683,    0.0646,    0.0743,    0.0690,    0.1505,    0.1213,    0.0792,    0.0613,    0.0471,    0.0356,    0.0248,    0.0213,    0.0161,    0.0136,    0.0100,    0.0049,    0.0204,    0.0000,    0.0538,    0.0964,    0.1092,    0.0999,    0.1121,    0.1223,    0.1088,    0.1499,    0.1325,    0.1414,    0.1552,    0.1260,    0.1820,    0.1987,    0.1592,    0.1027,    0.0123,    0.0274,    0.1340,    0.1608,    0.2589,    0.2717,    0.3364,    0.3598,    0.3724,    0.3957,    0.4008,    0.4101,    0.3817,    0.3464,    0.3050,    0.3647,    0.5076,    0.5150,    0.9101,    0.9943,    1.0410,    1.0562,    1.0370,    1.1503,    1.1050,    1.1869,    1.0907,    1.2341,    1.1670,    1.2419,    2.6899,    2.6248,    2.7256,    2.7861,    2.8042,    2.7036,    2.7988,    2.8702,    2.9285,    2.7216,    2.6838,    2.7869,    7.0446,    6.6686,    6.5935,    6.3941,    5.9066,    5.5398,    4.8634,    4.4745,    4.3010,    3.7700,    2.8963,    2.6903,    2.0745,    1.8514,    1.4118,    1.3478,    0.9089,    0.6597,    0.5331,    0.2140,    0.1887,    0.1340,    0.0465,    0.0378
    2,    0.3000,  227.5722,    0.3417,   98.9900,   97.6827,   -0.8174,    5.7658,  158.4330,  163.5827,  163.6723,  163.8293,  164.1029,  164.5732,  165.3648,  166.6602,  168.4872,  170.9519,  174.2721,  178.5564,  183.8814,  190.3071,  197.9049,  205.8548,  212.8059,  218.1105,  222.1140,  224.8330,  226.3589,  227.0949,  227.3721,  227.5098,  227.5598,    0.0704,    0.2668,    0.5644,    0.9341,    1.3506,    1.7925,    2.2413,    2.6634,    2.9649,    3.1988,    3.3688,    3.3770,    2.6931,    2.3593,    2.0363,    1.8289,    1.7259,    1.6518,    1.6067,    1.6099,    1.6775,    1.8241,    1.9756,    2.1115,    0.7683,    0.7845,    0.7774,    0.7908,    0.8017,    0.7887,    0.7710,    0.7665,    0.7621,    0.6869,    0.7004,    0.5994,    0.3987,    0.3446,    0.2899,    0.2802,    0.2616,    0.2221,    0.2546,    0.2568,    0.2729,    0.3048,    0.3562,    0.4121,    0.4994,    0.5320,    0.4574,    0.5633,    0.5559,    0.5508,    0.5607,    0.5974,    0.6013,    0.6190,    0.6172,    0.6104,    1.6735,    1.6055,    1.5749,    1.5360,    1.4689,    1.4259,    1.3598,    1.3111,    1.2580,    1.1936,    1.1403,    1.0831,    1.6225,    1.4943,    1.3649,    1.2424,    1.1364,    1.0463,    0.9477,    0.8604,    0.7794,    0.7042,    0.6249,    0.5627,    1.3917,    0.9942,    0.7159,    0.5027,    0.3496,    0.2417,    0.1684,    0.1128,    0.0768,    0.0504,    0.0340,    0.0246,    0.0847,    0.0477,    0.0685,    0.0740,    0.0830,    0.0775,    0.0845,    0.0925,    0.0812,    0.1117,    0.0988,    0.1044,    0.1153,    0.0940,    0.1369,    0.1525,    0.1237,    0.1556,    0.1932,    0.2060,    0.1950,    0.1205,    0.1909,    0.2017,    0.2474,    0.2644,    0.2737,    0.2910,    0.2955,    0.3111,    0.3200,    0.3724,    0.4117,    0.3841,    0.3825,    0.3902,    0.6712,    0.7329,    0.7693,    0.7977,    0.8210,    0.8859,    0.8279,    0.8988,    0.8832,    0.9171,    0.8703,    0.9342,    2.0100,    1.9860,    2.0256,    2.1020,    2.1246,    2.0392,    2.1106,    2.1645,    2.2085,    2.0538,    2.0239,    2.1018,    5.3131,    5.2046,    5.1461,    4.9907,    4.6103,    4.3242,    3.7965,    3.4931,    3.3579,    2.9436,    2.2617,    2.1011,    1.6204,    1.6945,    1.2928,    1.2348,    0.8332,    0.6052,    0.4895,    0.1967,    0.1736,    0.1234,    0.0429,    0.0349,    0.0002,    0.0007,    0.0014,    0.0024,    0.0034,    0.0046,    0.0057,    0.0253,    0.1451,    0.4011,    0.6516,    0.9044,    1.1287,    1.6463,    2.2656,    2.7959,    3.1079,    3.2605,    3.2451,    3.1201,    2.9148,    2.6761,    2.4918,    2.3433,    0.7674,    0.7430,    0.7558,    0.7686,    0.7967,    0.8551,    1.0200,    1.0233,    1.0570,    1.1507,    1.1699,    1.2581,    0.9699,    0.9642,    0.9572,    0.9473,    0.9378,    0.9287,    0.9178,    0.9074,    0.8966,    0.8844,    0.8686,    0.8446,    0.8218,    0.7267,    0.7721,    0.5832,    0.5833,    0.5721,    0.5124,    0.3744,    0.3223,    0.2485,    0.2136,    0.2002,    0.4857,    0.4571,    0.3726,    0.3139,    0.2930,    0.2512,    0.2386,    0.2148,    0.1991,    0.1966,    0.1853,    0.1722,    0.2348,    0.1980,    0.1975,    0.1963,    0.1711,    0.1275,    0.1203,    0.1092,    0.0986,    0.0919,    0.0999,    0.0920,    0.2091,    0.1666,    0.1134,    0.0874,    0.0669,    0.0504,    0.0351,    0.0286,    0.0210,    0.0169,    0.0122,    0.0065,    0.0193,    0.0000,    0.0512,    0.0918,    0.1041,    0.0951,    0.1068,    0.1155,    0.1028,    0.1417,    0.1252,    0.1321,    0.1450,    0.1177,    0.1700,    0.1856,    0.1479,    0.0952,    0.0113,    0.0253,    0.1244,    0.1494,    0.2402,    0.2522,    0.3122,    0.3339,    0.3456,    0.3672,    0.3704,    0.3790,    0.3526,    0.3197,    0.2813,    0.3366,    0.4691,    0.4759,    0.8437,    0.9217,    0.9650,    0.9790,    0.9611,    1.0662,    1.0243,    1.1043,    1.0145,    1.1483,    1.0858,    1.1555,    2.5028,    2.4421,    2.5360,    2.5974,    2.6143,    2.5204,    2.6092,    2.6758,    2.7301,    2.5372,    2.5020,    2.5982,    6.5676,    6.1907,    6.1212,    5.9362,    5.4836,    5.1433,    4.5154,    4.1545,    3.9936,    3.5007,    2.6896,    2.4985,    1.9267,    1.6879,    1.2873,    1.2290,    0.8289,    0.6017,    0.4863,    0.1953,    0.1722,    0.1223,    0.0424,    0.0345
    2,    0.4000,  227.5722,    0.3713,   93.1251,   93.2954,    0.6611,    6.3160,  158.4330,  163.5827,  163.6723,  163.8293,  164.1029,  164.5732,  165.3648,  166.6602,  168.4872,  170.9519,  174.2721,  178.5564,  183.8814,  190.3071,  197.9049,  205.8548,  212.8059,  218.1105,  222.1140,  224.8330,  226.3589,  227.0949,  227.3721,  227.5098,  227.5598,    0.0703,    0.2666,    0.5639,    0.9333,    1.3495,    1.7910,    2.2394,    2.6551,    2.9195,    3.1125,    3.2406,    3.1845,    2.4574,    2.0847,    1.7800,    1.6175,    1.5418,    1.4777,    1.4232,    1.4047,    1.4439,    1.5689,    1.7154,    1.8534,    0.6776,    0.6938,    0.6882,    0.7035,    0.7176,    0.7095,    0.7070,    0.7035,    0.7057,    0.6446,    0.6618,    0.5778,    0.3900,    0.3396,    0.2876,    0.2784,    0.2602,    0.2215,    0.2533,    0.2553,    0.2709,    0.3012,    0.3490,    0.4008,    0.4795,    0.5062,    0.4387,    0.5331,    0.5264,    0.5212,    0.5313,    0.5616,    0.5637,    0.5819,    0.5794,    0.5727,    1.5775,    1.5130,    1.4898,    1.4589,    1.3950,    1.3600,    1.2969,    1.2549,    1.2072,    1.1454,    1.0971,    1.0420,    1.5641,    1.4402,    1.3166,    1.1994,    1.0970,    1.0101,    0.9139,    0.8296,    0.7513,    0.6789,    0.6014,    0.5415,    1.3376,    0.9526,    0.6847,    0.4790,    0.3318,    0.2285,    0.1592,    0.1063,    0.0723,    0.0474,    0.0320,    0.0232,    0.0831,    0.0476,    0.0665,    0.0710,    0.0796,    0.0743,    0.0810,    0.0881,    0.0772,    0.1063,    0.0940,    0.0984,    0.1088,    0.0887,    0.1292,    0.1440,    0.1165,    0.1486,    0.1894,    0.2012,    0.1875,    0.1134,    0.1791,    0.1894,    0.2322,    0.2481,    0.2568,    0.2731,    0.2767,    0.2917,    0.3008,    0.3522,    0.3913,    0.3631,    0.3584,    0.3657,    0.6302,    0.6882,    0.7224,    0.7496,    0.7727,    0.8331,    0.7779,    0.8485,    0.8353,    0.8653,    0.8212,    0.8817,    1.8968,    1.8749,    1.9111,    1.9953,    2.0170,    1.9356,    2.0035,    2.0546,    2.0963,    1.9495,    1.9212,    1.9951,    5.0435,    4.9866,    4.9307,    4.7819,    4.4175,    4.1435,    3.6379,    3.3473,    3.2180,    2.8211,    2.1677,    2.0139,    1.5533,    1.6838,    1.2848,    1.2274,    0.8284,    0.6019,    0.4870,    0.1958,    0.1728,    0.1230,    0.0427,    0.0348,    0.0002,    0.0009,    0.0019,    0.0032,    0.0046,    0.0061,    0.0076,    0.0336,    0.1905,    0.5194,    0.8323,    1.1338,    1.3718,    1.9338,    2.5816,    3.1122,    3.4105,    3.5508,    3.5346,    3.4147,    3.2163,    2.9875,    2.8106,    2.6601,    0.8788,    0.8514,    0.8601,    0.8631,    0.8791,    0.9271,    1.0628,    1.0635,    1.0882,    1.1686,    1.1820,    1.2592,    0.9700,    0.9642,    0.9572,    0.9473,    0.9378,    0.9287,    0.9178,    0.9074,    0.8966,    0.8845,    0.8687,    0.8452,    0.8267,    0.7389,    0.7800,    0.6040,    0.6032,    0.5920,    0.5342,    0.4057,    0.3567,    0.2848,    0.2517,    0.2384,    0.5861,    0.5538,    0.4631,    0.3945,    0.3704,    0.3187,    0.3031,    0.2726,    0.2520,    0.2466,    0.2294,    0.2143,    0.2939,    0.2529,    0.2467,    0.2395,    0.2109,    0.1641,    0.1548,    0.1405,    0.1267,    0.1173,    0.1235,    0.1132,    0.2631,    0.2082,    0.1446,    0.1111,    0.0847,    0.0635,    0.0443,    0.0351,    0.0253,    0.0198,    0.0140,    0.0079,    0.0183,    0.0000,    0.0488,    0.0876,    0.0993,    0.0908,    0.1019,    0.1095,    0.0975,    0.1343,    0.1187,    0.1240,    0.1361,    0.1105,    0.1596,    0.1742,    0.1381,    0.0887,    0.0105,    0.0235,    0.1161,    0.1396,    0.2241,    0.2353,    0.2913,    0.3115,    0.3224,    0.3426,    0.3443,    0.3523,    0.3276,    0.2966,    0.2609,    0.3124,    0.4360,    0.4424,    0.7863,    0.8590,    0.8994,    0.9123,    0.8954,    0.9935,    0.9546,    1.0323,    0.9481,    1.0734,    1.0150,    1.0802,    2.3397,    2.2829,    2.3708,    2.4312,    2.4470,    2.3592,    2.4423,    2.5046,    2.5555,    2.3750,    2.3420,    2.4321,    6.1476,    5.7671,    5.7024,    5.5301,    5.1087,    4.7917,    4.2069,    3.8707,    3.7209,    3.2619,    2.5062,    2.3282,    1.7956,    1.5410,    1.1753,    1.1222,    0.7569,    0.5496,    0.4442,    0.1784,    0.1573,    0.1118,    0.0388,    0.0316
    2,    0.5000,  227.5722,    0.3969,   88.4872,   89.4932,    1.4978,    6.1986,  158.4330,  163.5827,  163.6723,  163.8293,  164.1029,  164.5732,  165.3648,  166.6602,  168.4872,  170.9519,  174.2721,  178.5564,  183.8814,  190.3071,  197.9049,  205.8548,  212.8059,  218.1105,  222.1140,  224.8330,  226.3589,  227.0949,  227.3721,  227.5098,  227.5598,    0.0702,    0.2664,    0.5634,    0.9325,    1.3483,    1.7895,    2.2375,    2.6468,    2.8755,    3.0323,    3.1255,    3.0170,    2.2611,    1.8707,    1.5982,    1.4795,    1.4252,    1.3681,    1.3076,    1.2735,    1.2896,    1.3942,    1.5333,    1.6688,    0.6117,    0.6268,    0.6222,    0.6376,    0.6527,    0.6478,    0.6552,    0.6523,    0.6589,    0.6088,    0.6284,    0.5583,    0.3818,    0.3348,    0.2853,    0.2767,    0.2588,    0.2210,    0.2520,    0.2538,    0.2690,    0.2976,    0.3423,    0.3902,    0.4615,    0.4834,    0.4220,    0.5065,    0.5004,    0.4951,    0.5054,    0.5303,    0.5309,    0.5492,    0.5461,    0.5396,    1.4924,    1.4311,    1.4139,    1.3895,    1.3285,    1.3001,    1.2397,    1.2035,    1.1605,    1.1011,    1.0571,    1.0039,    1.5097,    1.3899,    1.2717,    1.1593,    1.0602,    0.9763,    0.8823,    0.8010,    0.7253,    0.6553,    0.5796,    0.5219,    1.2875,    0.9143,    0.6561,    0.4574,    0.3156,    0.2167,    0.1509,    0.1005,    0.0684,    0.0447,    0.0303,    0.0219,    0.0816,    0.0474,    0.0646,    0.0682,    0.0765,    0.0714,    0.0778,    0.0841,    0.0737,    0.1015,    0.0898,    0.0932,    0.1031,    0.0841,    0.1225,    0.1365,    0.1102,    0.1425,    0.1859,    0.1968,    0.1809,    0.1072,    0.1690,    0.1787,    0.2190,    0.2341,    0.2422,    0.2576,    0.2605,    0.2749,    0.2843,    0.3348,    0.3736,    0.3449,    0.3377,    0.3447,    0.5948,    0.6496,    0.6819,    0.7081,    0.7308,    0.7873,    0.7346,    0.8048,    0.7935,    0.8202,    0.7785,    0.8361,    1.7983,    1.7782,    1.8115,    1.9022,    1.9231,    1.8454,    1.9100,    1.9588,    1.9986,    1.8587,    1.8316,    1.9021,    4.8084,    4.7986,    4.7449,    4.6017,    4.2511,    3.9876,    3.5011,    3.2216,    3.0972,    2.7154,    2.0865,    1.9386,    1.4954,    1.6751,    1.2784,    1.2215,    0.8246,    0.5993,    0.4850,    0.1950,    0.1722,    0.1226,    0.0426,    0.0347,    0.0003,    0.0011,    0.0024,    0.0040,    0.0057,    0.0076,    0.0095,    0.0418,    0.2345,    0.6310,    0.9985,    1.3375,    1.5756,    2.1606,    2.8189,    3.3380,    3.6172,    3.7447,    3.7303,    3.6190,    3.4304,    3.2135,    3.0461,    2.8985,    0.9638,    0.9349,    0.9403,    0.9365,    0.9437,    0.9837,    1.0971,    1.0957,    1.1135,    1.1832,    1.1921,    1.2601,    0.9700,    0.9642,    0.9572,    0.9473,    0.9378,    0.9287,    0.9178,    0.9074,    0.8966,    0.8845,    0.8688,    0.8458,    0.8310,    0.7495,    0.7868,    0.6222,    0.6205,    0.6093,    0.5534,    0.4331,    0.3868,    0.3170,    0.2853,    0.2721,    0.6755,    0.6400,    0.5444,    0.4674,    0.4404,    0.3804,    0.3619,    0.3258,    0.3009,    0.2927,    0.2704,    0.2533,    0.3489,    0.3040,    0.2925,    0.2799,    0.2480,    0.1982,    0.1869,    0.1696,    0.1529,    0.1409,    0.1454,    0.1329,    0.3131,    0.2465,    0.1733,    0.1326,    0.1008,    0.0753,    0.0525,    0.0408,    0.0292,    0.0224,    0.0157,    0.0092,    0.0174,    0.0000,    0.0467,    0.0838,    0.0950,    0.0869,    0.0975,    0.1041,    0.0926,    0.1276,    0.1128,    0.1168,    0.1282,    0.1041,    0.1503,    0.1641,    0.1295,    0.0830,    0.0098,    0.0220,    0.1088,    0.1309,    0.2100,    0.2205,    0.2730,    0.2919,    0.3022,    0.3211,    0.3217,    0.3291,    0.3059,    0.2766,    0.2432,    0.2914,    0.4073,    0.4132,    0.7362,    0.8043,    0.8421,    0.8541,    0.8381,    0.9300,    0.8937,    0.9689,    0.8897,    1.0076,    0.9528,    1.0138,    2.1961,    2.1427,    2.2254,    2.2837,    2.2985,    2.2161,    2.2941,    2.3527,    2.4005,    2.2309,    2.1999,    2.2845,    5.7747,    5.3887,    5.3283,    5.1674,    4.7736,    4.4775,    3.9312,    3.6171,    3.4773,    3.0484,    2.3423,    2.1761,    1.6784,    1.4085,    1.0744,    1.0259,    0.6920,    0.5025,    0.4062,    0.1632,    0.1439,    0.1023,    0.0355,    0.0289
    2,    0.7500,  227.5722,    0.4478,   79.9696,   81.9338,    2.4585,    4.6750,  158.4330,  163.5827,  163.6723,  163.8293,  164.1029,  164.5732,  165.3648,  166.6602,  168.4872,  170.9519,  174.2721,  178.5564,  183.8814,  190.3071,  197.9049,  205.8548,  212.8059,  218.1105,  222.1140,  224.8330,  226.3589,  227.0949,  227.3721,  227.5098,  227.5598,    0.0701,    0.2658,    0.5622,    0.9305,    1.3455,    1.7857,    2.2328,    2.6264,    2.7711,    2.8552,    2.8849,    2.6820,    1.8896,    1.4997,    1.3221,    1.2867,    1.2620,    1.2133,    1.1465,    1.0920,    1.0713,    1.1377,    1.2588,    1.3826,    0.5075,    0.5192,    0.5155,    0.5281,    0.5413,    0.5408,    0.5602,    0.5579,    0.5700,    0.5392,    0.5615,    0.5166,    0.3635,    0.3237,    0.2799,    0.2725,    0.2555,    0.2197,    0.2490,    0.2503,    0.2642,    0.2894,    0.3270,    0.3668,    0.4233,    0.4362,    0.3871,    0.4521,    0.4470,    0.4417,    0.4517,    0.4665,    0.4645,    0.4825,    0.4784,    0.4722,    1.3176,    1.2629,    1.2559,    1.2430,    1.1879,    1.1715,    1.1170,    1.0920,    1.0585,    1.0045,    0.9690,    0.9201,    1.3893,    1.2785,    1.1719,    1.0701,    0.9782,    0.9010,    0.8124,    0.7374,    0.6673,    0.6031,    0.5314,    0.4785,    1.1773,    0.8308,    0.5940,    0.4111,    0.2813,    0.1917,    0.1336,    0.0884,    0.0601,    0.0392,    0.0266,    0.0192,    0.0782,    0.0471,    0.0606,    0.0623,    0.0698,    0.0653,    0.0710,    0.0758,    0.0664,    0.0914,    0.0808,    0.0827,    0.0914,    0.0746,    0.1087,    0.1213,    0.0976,    0.1299,    0.1782,    0.1872,    0.1673,    0.0947,    0.1487,    0.1573,    0.1927,    0.2059,    0.2131,    0.2267,    0.2286,    0.2418,    0.2516,    0.2997,    0.3377,    0.3084,    0.2966,    0.3031,    0.5244,    0.5727,    0.6013,    0.6254,    0.6474,    0.6961,    0.6485,    0.7171,    0.7095,    0.7298,    0.6929,    0.7447,    1.6008,    1.5842,    1.6119,    1.7155,    1.7348,    1.6642,    1.7225,    1.7665,    1.8024,    1.6762,    1.6518,    1.7154,    4.3364,    4.4286,    4.3791,    4.2471,    3.9238,    3.6807,    3.2319,    2.9740,    2.8595,    2.5072,    1.9268,    1.7904,    1.3813,    1.6600,    1.2673,    1.2113,    0.8180,    0.5948,    0.4816,    0.1938,    0.1713,    0.1220,    0.0424,    0.0346,    0.0004,    0.0017,    0.0036,    0.0059,    0.0086,    0.0114,    0.0142,    0.0623,    0.3390,    0.8845,    1.3608,    1.7599,    1.9656,    2.5629,    3.2161,    3.6846,    3.9116,    4.0116,    4.0068,    3.9221,    3.7633,    3.5758,    3.4314,    3.2955,    1.1076,    1.0779,    1.0779,    1.0640,    1.0576,    1.0834,    1.1584,    1.1534,    1.1600,    1.2101,    1.2112,    1.2620,    0.9702,    0.9643,    0.9572,    0.9473,    0.9378,    0.9287,    0.9178,    0.9074,    0.8966,    0.8845,    0.8690,    0.8471,    0.8398,    0.7709,    0.8007,    0.6591,    0.6557,    0.6445,    0.5926,    0.4887,    0.4479,    0.3829,    0.3543,    0.3414,    0.8615,    0.8192,    0.7155,    0.6227,    0.5894,    0.5132,    0.4885,    0.4414,    0.4082,    0.3939,    0.3609,    0.3395,    0.4711,    0.4175,    0.3946,    0.3699,    0.3307,    0.2743,    0.2584,    0.2344,    0.2111,    0.1933,    0.1939,    0.1765,    0.4232,    0.3302,    0.2353,    0.1789,    0.1350,    0.1001,    0.0697,    0.0528,    0.0373,    0.0278,    0.0192,    0.0118,    0.0154,    0.0000,    0.0420,    0.0755,    0.0858,    0.0784,    0.0880,    0.0926,    0.0824,    0.1135,    0.1003,    0.1021,    0.1121,    0.0910,    0.1314,    0.1433,    0.1121,    0.0714,    0.0084,    0.0187,    0.0940,    0.1133,    0.1815,    0.1905,    0.2359,    0.2523,    0.2612,    0.2775,    0.2762,    0.2824,    0.2622,    0.2363,    0.2074,    0.2490,    0.3496,    0.3546,    0.6348,    0.6935,    0.7260,    0.7361,    0.7220,    0.8014,    0.7704,    0.8390,    0.7699,    0.8726,    0.8251,    0.8780,    1.9019,    1.8554,    1.9273,    1.9777,    1.9905,    1.9192,    1.9868,    2.0375,    2.0789,    1.9320,    1.9052,    1.9785,    5.0012,    4.5968,    4.5453,    4.4082,    4.0724,    3.8200,    3.3540,    3.0862,    2.9671,    2.6014,    1.9990,    1.8573,    1.4327,    1.1302,    0.8622,    0.8234,    0.5556,    0.4035,    0.3263,    0.1311,    0.1157,    0.0822,    0.0285,    0.0232
    2,    1.0000,  227.5722,    0.4854,   73.9257,   76.3602,    2.9312,    2.6122,  158.4330,  163.5827,  163.6723,  163.8293,  164.1029,  164.5732,  165.3648,  166.6602,  168.4872,  170.9519,  174.2721,  178.5564,  183.8814,  190.3071,  197.9049,  205.8548,  212.8059,  218.1105,  222.1140,  224.8330,  226.3589,  227.0949,  227.3721,  227.5098,  227.5598,    0.0700,    0.2652,    0.5610,    0.9286,    1.3427,    1.7820,    2.2281,    2.6063,    2.6739,    2.7059,    2.6965,    2.4332,    1.6293,    1.2646,    1.1737,    1.1864,    1.1725,    1.1265,    1.0584,    0.9969,    0.9591,    1.0025,    1.1097,    1.2221,    0.4479,    0.4565,    0.4531,    0.4621,    0.4717,    0.4728,    0.4954,    0.4932,    0.5071,    0.4883,    0.5109,    0.4826,    0.3475,    0.3137,    0.2749,    0.2685,    0.2524,    0.2185,    0.2461,    0.2469,    0.2598,    0.2819,    0.3136,    0.3469,    0.3924,    0.3994,    0.3594,    0.4101,    0.4057,    0.4004,    0.4098,    0.4177,    0.4140,    0.4313,    0.4266,    0.4208,    1.1825,    1.1328,    1.1322,    1.1258,    1.0756,    1.0667,    1.0170,    1.0001,    0.9737,    0.9240,    0.8949,    0.8496,    1.2869,    1.1838,    1.0869,    0.9937,    0.9082,    0.8365,    0.7528,    0.6832,    0.6180,    0.5585,    0.4906,    0.4418,    1.0845,    0.7612,    0.5427,    0.3732,    0.2536,    0.1719,    0.1197,    0.0788,    0.0536,    0.0348,    0.0237,    0.0171,    0.0754,    0.0467,    0.0573,    0.0575,    0.0644,    0.0603,    0.0654,    0.0693,    0.0606,    0.0834,    0.0738,    0.0746,    0.0825,    0.0674,    0.0982,    0.1097,    0.0881,    0.1201,    0.1716,    0.1793,    0.1568,    0.0854,    0.1336,    0.1413,    0.1730,    0.1849,    0.1914,    0.2035,    0.2050,    0.2173,    0.2273,    0.2733,    0.3103,    0.2810,    0.2663,    0.2723,    0.4721,    0.5155,    0.5414,    0.5638,    0.5851,    0.6282,    0.5844,    0.6513,    0.6463,    0.6621,    0.6287,    0.6762,    1.4528,    1.4388,    1.4624,    1.5759,    1.5939,    1.5287,    1.5823,    1.6227,    1.6557,    1.5399,    1.5174,    1.5758,    3.9836,    4.1610,    4.1146,    3.9907,    3.6870,    3.4587,    3.0371,    2.7950,    2.6875,    2.3566,    1.8112,    1.6832,    1.2988,    1.6511,    1.2607,    1.2054,    0.8143,    0.5923,    0.4797,    0.1931,    0.1708,    0.1217,    0.0424,    0.0346,    0.0006,    0.0023,    0.0048,    0.0079,    0.0114,    0.0151,    0.0189,    0.0824,    0.4362,    1.1069,    1.6623,    2.0911,    2.2441,    2.8282,    3.4598,    3.8683,    4.0507,    4.1322,    4.1368,    4.0766,    3.9480,    3.7870,    3.6602,    3.5352,    1.1961,    1.1675,    1.1639,    1.1453,    1.1315,    1.1479,    1.1990,    1.1917,    1.1914,    1.2284,    1.2246,    1.2635,    0.9704,    0.9643,    0.9572,    0.9473,    0.9379,    0.9287,    0.9178,    0.9075,    0.8966,    0.8845,    0.8692,    0.8482,    0.8467,    0.7871,    0.8111,    0.6871,    0.6824,    0.6712,    0.6227,    0.5313,    0.4944,    0.4341,    0.4076,    0.3949,    1.0079,    0.9602,    0.8521,    0.7485,    0.7101,    0.6221,    0.5925,    0.5376,    0.4982,    0.4789,    0.4376,    0.4125,    0.5753,    0.5143,    0.4820,    0.4471,    0.4016,    0.3396,    0.3195,    0.2899,    0.2607,    0.2380,    0.2350,    0.2134,    0.5159,    0.3999,    0.2867,    0.2167,    0.1626,    0.1199,    0.0835,    0.0622,    0.0437,    0.0320,    0.0220,    0.0138,    0.0139,    0.0000,    0.0382,    0.0687,    0.0781,    0.0714,    0.0802,    0.0834,    0.0742,    0.1022,    0.0904,    0.0907,    0.0995,    0.0808,    0.1166,    0.1272,    0.0987,    0.0624,    0.0072,    0.0162,    0.0825,    0.0998,    0.1597,    0.1676,    0.2076,    0.2220,    0.2298,    0.2442,    0.2416,    0.2470,    0.2290,    0.2056,    0.1802,    0.2168,    0.3058,    0.3102,    0.5571,    0.6086,    0.6371,    0.6458,    0.6330,    0.7030,    0.6760,    0.7382,    0.6769,    0.7680,    0.7261,    0.7726,    1.6737,    1.6326,    1.6962,    1.7369,    1.7480,    1.6855,    1.7449,    1.7894,    1.8258,    1.6968,    1.6733,    1.7377,    4.3924,    3.9675,    3.9231,    3.8049,    3.5151,    3.2973,    2.8952,    2.6642,    2.5615,    2.2459,    1.7259,    1.6037,    1.2372,    0.9116,    0.6955,    0.6643,    0.4483,    0.3256,    0.2634,    0.1058,    0.0934,    0.0664,    0.0231,    0.0188
    2,    1.2500,  227.5722,    0.5139,   69.2826,   72.1310,    3.3475,    0.5434,  158.4330,  163.5827,  163.6723,  163.8293,  164.1029,  164.5732,  165.3648,  166.6602,  168.4872,  170.9519,  174.2721,  178.5564,  183.8814,  190.3071,  197.9049,  205.8548,  212.8059,  218.1105,  222.1140,  224.8330,  226.3589,  227.0949,  227.3721,  227.5098,  227.5598,    0.0698,    0.2647,    0.5599,    0.9266,    1.3398,    1.7782,    2.2235,    2.5865,    2.5834,    2.5791,    2.5465,    2.2437,    1.4377,    1.1045,    1.0842,    1.1224,    1.1122,    1.0675,    0.9993,    0.9354,    0.8900,    0.9198,    1.0168,    1.1197,    0.4096,    0.4159,    0.4125,    0.4183,    0.4244,    0.4260,    0.4484,    0.4460,    0.4600,    0.4493,    0.4710,    0.4542,    0.3335,    0.3046,    0.2703,    0.2647,    0.2494,    0.2173,    0.2433,    0.2437,    0.2556,    0.2750,    0.3017,    0.3297,    0.3669,    0.3697,    0.3367,    0.3767,    0.3727,    0.3675,    0.3762,    0.3791,    0.3744,    0.3909,    0.3858,    0.3803,    1.0754,    1.0296,    1.0329,    1.0303,    0.9839,    0.9798,    0.9340,    0.9229,    0.9021,    0.8561,    0.8317,    0.7894,    1.1988,    1.1024,    1.0137,    0.9278,    0.8477,    0.7807,    0.7014,    0.6365,    0.5754,    0.5201,    0.4557,    0.4103,    1.0053,    0.7023,    0.4995,    0.3417,    0.2309,    0.1557,    0.1084,    0.0711,    0.0484,    0.0313,    0.0214,    0.0154,    0.0729,    0.0464,    0.0545,    0.0535,    0.0599,    0.0561,    0.0609,    0.0640,    0.0559,    0.0769,    0.0681,    0.0682,    0.0755,    0.0617,    0.0899,    0.1006,    0.0807,    0.1123,    0.1658,    0.1725,    0.1483,    0.0782,    0.1218,    0.1290,    0.1578,    0.1686,    0.1745,    0.1856,    0.1869,    0.1985,    0.2085,    0.2527,    0.2887,    0.2596,    0.2430,    0.2487,    0.4318,    0.4715,    0.4952,    0.5163,    0.5370,    0.5758,    0.5350,    0.6004,    0.5972,    0.6098,    0.5791,    0.6231,    1.3383,    1.3263,    1.3468,    1.4685,    1.4856,    1.4246,    1.4745,    1.5121,    1.5429,    1.4350,    1.4140,    1.4684,    3.7122,    3.9628,    3.9187,    3.8008,    3.5116,    3.2943,    2.8928,    2.6623,    2.5600,    2.2450,    1.7256,    1.6037,    1.2376,    1.6457,    1.2569,    1.2019,    0.8121,    0.5909,    0.4788,    0.1928,    0.1705,    0.1216,    0.0424,    0.0346,    0.0007,    0.0028,    0.0059,    0.0098,    0.0142,    0.0189,    0.0236,    0.1022,    0.5267,    1.3036,    1.9166,    2.3581,    2.4535,    3.0172,    3.6213,    3.9723,    4.1224,    4.1929,    4.2040,    4.1619,    4.0590,    3.9209,    3.8070,    3.6904,    1.2543,    1.2274,    1.2215,    1.2007,    1.1829,    1.1928,    1.2275,    1.2186,    1.2139,    1.2416,    1.2346,    1.2648,    0.9706,    0.9644,    0.9572,    0.9473,    0.9379,    0.9287,    0.9178,    0.9075,    0.8966,    0.8846,    0.8694,    0.8492,    0.8522,    0.7996,    0.8192,    0.7091,    0.7035,    0.6922,    0.6467,    0.5650,    0.5311,    0.4749,    0.4502,    0.4377,    1.1262,    1.0741,    0.9636,    0.8524,    0.8097,    0.7132,    0.6793,    0.6189,    0.5750,    0.5513,    0.5034,    0.4751,    0.6652,    0.5977,    0.5576,    0.5140,    0.4631,    0.3962,    0.3723,    0.3378,    0.3035,    0.2765,    0.2703,    0.2452,    0.5950,    0.4590,    0.3298,    0.2482,    0.1852,    0.1359,    0.0947,    0.0698,    0.0488,    0.0353,    0.0242,    0.0155,    0.0125,    0.0000,    0.0350,    0.0630,    0.0717,    0.0655,    0.0736,    0.0758,    0.0675,    0.0930,    0.0821,    0.0814,    0.0894,    0.0725,    0.1047,    0.1142,    0.0879,    0.0552,    0.0063,    0.0142,    0.0734,    0.0890,    0.1424,    0.1494,    0.1851,    0.1979,    0.2049,    0.2177,    0.2143,    0.2190,    0.2028,    0.1814,    0.1586,    0.1914,    0.2711,    0.2750,    0.4953,    0.5411,    0.5664,    0.5740,    0.5623,    0.6246,    0.6009,    0.6573,    0.6022,    0.6839,    0.6466,    0.6879,    1.4904,    1.4536,    1.5105,    1.5413,    1.5511,    1.4957,    1.5484,    1.5880,    1.6202,    1.5057,    1.4849,    1.5420,    3.8979,    3.4534,    3.4148,    3.3119,    3.0598,    2.8703,    2.5203,    2.3193,    2.2299,    1.9553,    1.5027,    1.3964,    1.0773,    0.7382,    0.5633,    0.5381,    0.3631,    0.2638,    0.2134,    0.0858,    0.0757,    0.0538,    0.0187,    0.0152
    2,    1.5000,  227.5722,    0.5360,   65.5478,   68.8500,    3.8037,   -1.3756,  158.4330,  163.5827,  163.6723,  163.8293,  164.1029,  164.5732,  165.3648,  166.6602,  168.4872,  170.9519,  174.2721,  178.5564,  183.8814,  190.3071,  197.9049,  205.8548,  212.8059,  218.1105,  222.1140,  224.8330,  226.3589,  227.0949,  227.3721,  227.5098,  227.5598,    0.0697,    0.2641,    0.5587,    0.9247,    1.3370,    1.7745,    2.2188,    2.5669,    2.4988,    2.4706,    2.4254,    2.0961,    1.2916,    0.9899,    1.0249,    1.0761,    1.0674,    1.0235,    0.9556,    0.8907,    0.8417,    0.8634,    0.9526,    1.0479,    0.3826,    0.3874,    0.3838,    0.3873,    0.3904,    0.3918,    0.4127,    0.4100,    0.4233,    0.4182,    0.4388,    0.4301,    0.3211,    0.2964,    0.2659,    0.2611,    0.2465,    0.2161,    0.2406,    0.2407,    0.2516,    0.2685,    0.2911,    0.3147,    0.3453,    0.3453,    0.3178,    0.3494,    0.3457,    0.3406,    0.3486,    0.3480,    0.3426,    0.3582,    0.3530,    0.3477,    0.9885,    0.9460,    0.9518,    0.9510,    0.9079,    0.9065,    0.8640,    0.8574,    0.8409,    0.7980,    0.7772,    0.7376,    1.1223,    1.0316,    0.9499,    0.8702,    0.7949,    0.7319,    0.6567,    0.5959,    0.5384,    0.4867,    0.4255,    0.3831,    0.9369,    0.6519,    0.4627,    0.3151,    0.2118,    0.1423,    0.0991,    0.0647,    0.0440,    0.0284,    0.0195,    0.0140,    0.0707,    0.0461,    0.0521,    0.0502,    0.0562,    0.0527,    0.0570,    0.0596,    0.0520,    0.0716,    0.0634,    0.0631,    0.0699,    0.0571,    0.0833,    0.0932,    0.0749,    0.1059,    0.1607,    0.1665,    0.1413,    0.0724,    0.1125,    0.1191,    0.1457,    0.1556,    0.1611,    0.1713,    0.1726,    0.1836,    0.1936,    0.2362,    0.2712,    0.2424,    0.2247,    0.2300,    0.3999,    0.4366,    0.4587,    0.4787,    0.4988,    0.5342,    0.4959,    0.5600,    0.5581,    0.5683,    0.5398,    0.5810,    1.2475,    1.2370,    1.2551,    1.3841,    1.4004,    1.3427,    1.3898,    1.4252,    1.4542,    1.3526,    1.3328,    1.3840,    3.4990,    3.8133,    3.7709,    3.6575,    3.3793,    3.1702,    2.7840,    2.5622,    2.4639,    2.1608,    1.6609,    1.5438,    1.1914,    1.6425,    1.2546,    1.1999,    0.8109,    0.5901,    0.4783,    0.1926,    0.1705,    0.1216,    0.0424,    0.0346,    0.0009,    0.0034,    0.0071,    0.0118,    0.0170,    0.0226,    0.0283,    0.1217,    0.6114,    1.4788,    2.1335,    2.5780,    2.6171,    3.1591,    3.7329,    4.0342,    4.1627,    4.2267,    4.2420,    4.2121,    4.1290,    4.0097,    3.9056,    3.7954,    1.2943,    1.2692,    1.2617,    1.2402,    1.2203,    1.2253,    1.2486,    1.2384,    1.2308,    1.2516,    1.2422,    1.2659,    0.9708,    0.9645,    0.9572,    0.9473,    0.9379,    0.9287,    0.9178,    0.9075,    0.8966,    0.8846,    0.8696,    0.8500,    0.8566,    0.8097,    0.8257,    0.7268,    0.7204,    0.7091,    0.6661,    0.5923,    0.5609,    0.5083,    0.4851,    0.4726,    1.2238,    1.1681,    1.0566,    0.9398,    0.8936,    0.7906,    0.7531,    0.6885,    0.6412,    0.6138,    0.5605,    0.5294,    0.7436,    0.6705,    0.6238,    0.5726,    0.5169,    0.4458,    0.4185,    0.3796,    0.3408,    0.3101,    0.3009,    0.2727,    0.6634,    0.5097,    0.3667,    0.2749,    0.2042,    0.1493,    0.1039,    0.0761,    0.0530,    0.0381,    0.0260,    0.0168,    0.0114,    0.0000,    0.0323,    0.0582,    0.0662,    0.0605,    0.0680,    0.0694,    0.0618,    0.0852,    0.0753,    0.0738,    0.0810,    0.0658,    0.0949,    0.1035,    0.0791,    0.0493,    0.0055,    0.0125,    0.0659,    0.0801,    0.1282,    0.1345,    0.1666,    0.1782,    0.1845,    0.1960,    0.1921,    0.1962,    0.1814,    0.1616,    0.1410,    0.1706,    0.2429,    0.2464,    0.4447,    0.4858,    0.5085,    0.5152,    0.5044,    0.5605,    0.5394,    0.5905,    0.5406,    0.6145,    0.5810,    0.6180,    1.3391,    1.3058,    1.3572,    1.3785,    1.3872,    1.3377,    1.3849,    1.4202,    1.4491,    1.3467,    1.3281,    1.3791,    3.4862,    3.0245,    2.9908,    2.9007,    2.6799,    2.5139,    2.2075,    2.0314,    1.9532,    1.7127,    1.3163,    1.2232,    0.9438,    0.5996,    0.4576,    0.4371,    0.2950,    0.2143,    0.1734,    0.0697,    0.0615,    0.0438,    0.0152,    0.0124
    2,    1.7500,  227.5722,    0.5535,   62.4522,   66.2605,    4.3122,   -3.1049,  158.4330,  163.5827,  163.6723,  163.8293,  164.1029,  164.5732,  165.3648,  166.6602,  168.4872,  170.9519,  174.2721,  178.5564,  183.8814,  190.3071,  197.9049,  205.8548,  212.8059,  218.1105,  222.1140,  224.8330,  226.3589,  227.0949,  227.3721,  227.5098,  227.5598,    0.0695,    0.2636,    0.5575,    0.9227,    1.3342,    1.7708,    2.2142,    2.5477,    2.4195,    2.3771,    2.3265,    1.9791,    1.1772,    0.9050,    0.9823,    1.0400,    1.0323,    0.9891,    0.9213,    0.8560,    0.8050,    0.8215,    0.9047,    0.9938,    0.3622,    0.3659,    0.3622,    0.3639,    0.3647,    0.3658,    0.3846,    0.3817,    0.3939,    0.3929,    0.4120,    0.4093,    0.3100,    0.2889,    0.2617,    0.2577,    0.2438,    0.2150,    0.2381,    0.2378,    0.2479,    0.2626,    0.2815,    0.3014,    0.3269,    0.3249,    0.3017,    0.3267,    0.3233,    0.3183,    0.3255,    0.3223,    0.3164,    0.3314,    0.3260,    0.3210,    0.9169,    0.8771,    0.8843,    0.8844,    0.8440,    0.8441,    0.8044,    0.8011,    0.7881,    0.7479,    0.7298,    0.6924,    1.0552,    0.9697,    0.8940,    0.8195,    0.7484,    0.6890,    0.6174,    0.5602,    0.5058,    0.4573,    0.3990,    0.3592,    0.8772,    0.6081,    0.4309,    0.2922,    0.1955,    0.1310,    0.0911,    0.0594,    0.0404,    0.0260,    0.0178,    0.0128,    0.0688,    0.0458,    0.0501,    0.0474,    0.0530,    0.0497,    0.0538,    0.0559,    0.0488,    0.0672,    0.0594,    0.0589,    0.0652,    0.0533,    0.0778,    0.0871,    0.0701,    0.1005,    0.1562,    0.1613,    0.1354,    0.0677,    0.1049,    0.1111,    0.1358,    0.1451,    0.1502,    0.1598,    0.1611,    0.1716,    0.1815,    0.2227,    0.2567,    0.2284,    0.2099,    0.2150,    0.3741,    0.4085,    0.4291,    0.4483,    0.4678,    0.5005,    0.4642,    0.5274,    0.5264,    0.5348,    0.5080,    0.5470,    1.1742,    1.1648,    1.1811,    1.3167,    1.3323,    1.2773,    1.3221,    1.3558,    1.3834,    1.2867,    1.2679,    1.3166,    3.3286,    3.6990,    3.6579,    3.5480,    3.2781,    3.0754,    2.7008,    2.4857,    2.3904,    2.0964,    1.6115,    1.4979,    1.1561,    1.6407,    1.2533,    1.1988,    0.8103,    0.5897,    0.4781,    0.1926,    0.1705,    0.1216,    0.0424,    0.0347,    0.0010,    0.0039,    0.0083,    0.0137,    0.0198,    0.0263,    0.0329,    0.1410,    0.6907,    1.6355,    2.3201,    2.7620,    2.7486,    3.2699,    3.8122,    4.0728,    4.1873,    4.2476,    4.2654,    4.2435,    4.1749,    4.0707,    3.9739,    3.8685,    1.3225,    1.2992,    1.2905,    1.2692,    1.2483,    1.2497,    1.2647,    1.2535,    1.2437,    1.2593,    1.2482,    1.2668,    0.9709,    0.9645,    0.9572,    0.9473,    0.9379,    0.9287,    0.9178,    0.9075,    0.8967,    0.8846,    0.8698,    0.8507,    0.8603,    0.8179,    0.8310,    0.7413,    0.7343,    0.7229,    0.6822,    0.6148,    0.5854,    0.5362,    0.5141,    0.5017,    1.3058,    1.2470,    1.1352,    1.0143,    0.9651,    0.8571,    0.8165,    0.7488,    0.6989,    0.6683,    0.6105,    0.5771,    0.8126,    0.7345,    0.6821,    0.6244,    0.5644,    0.4896,    0.4591,    0.4165,    0.3736,    0.3397,    0.3278,    0.2968,    0.7231,    0.5537,    0.3984,    0.2977,    0.2204,    0.1605,    0.1118,    0.0813,    0.0565,    0.0404,    0.0276,    0.0180,    0.0105,    0.0000,    0.0299,    0.0539,    0.0615,    0.0562,    0.0631,    0.0640,    0.0570,    0.0785,    0.0694,    0.0674,    0.0740,    0.0601,    0.0867,    0.0945,    0.0718,    0.0444,    0.0049,    0.0111,    0.0596,    0.0727,    0.1163,    0.1220,    0.1512,    0.1617,    0.1674,    0.1779,    0.1735,    0.1772,    0.1636,    0.1451,    0.1264,    0.1533,    0.2194,    0.2225,    0.4023,    0.4396,    0.4600,    0.4659,    0.4559,    0.5068,    0.4879,    0.5341,    0.4886,    0.5560,    0.5256,    0.5591,    1.2115,    1.1813,    1.2280,    1.2403,    1.2480,    1.2036,    1.2460,    1.2778,    1.3038,    1.2116,    1.1949,    1.2409,    3.1367,    2.6610,    2.6313,    2.5521,    2.3578,    2.2118,    1.9422,    1.7874,    1.7186,    1.5070,    1.1583,    1.0764,    0.8306,    0.4882,    0.3725,    0.3559,    0.2402,    0.1745,    0.1412,    0.0568,    0.0501,    0.0357,    0.0124,    0.0101
    2,    2.0000,  227.5722,    0.5674,   59.8313,   64.1889,    4.8640,   -4.6439,  158.4330,  163.5827,  163.6723,  163.8293,  164.1029,  164.5732,  165.3648,  166.6602,  168.4872,  170.9519,  174.2721,  178.5564,  183.8814,  190.3071,  197.9049,  205.8548,  212.8059,  218.1105,  222.1140,  224.8330,  226.3589,  227.0949,  227.3721,  227.5098,  227.5598,    0.0694,    0.2630,    0.5564,    0.9208,    1.3314,    1.7671,    2.2095,    2.5288,    2.3451,    2.2962,    2.2445,    1.8850,    1.0856,    0.8402,    0.9499,    1.0108,    1.0037,    0.9611,    0.8936,    0.8279,    0.7758,    0.7886,    0.8670,    0.9509,    0.3461,    0.3490,    0.3451,    0.3456,    0.3445,    0.3453,    0.3619,    0.3587,    0.3698,    0.3717,    0.3894,    0.3912,    0.3000,    0.2820,    0.2579,    0.2545,    0.2412,    0.2139,    0.2356,    0.2350,    0.2443,    0.2571,    0.2728,    0.2896,    0.3110,    0.3075,    0.2879,    0.3075,    0.3043,    0.2994,    0.3059,    0.3008,    0.2946,    0.3089,    0.3035,    0.2987,    0.8571,    0.8194,    0.8276,    0.8276,    0.7895,    0.7902,    0.7529,    0.7522,    0.7421,    0.7042,    0.6882,    0.6528,    0.9960,    0.9149,    0.8446,    0.7746,    0.7072,    0.6508,    0.5827,    0.5286,    0.4770,    0.4312,    0.3757,    0.3382,    0.8247,    0.5699,    0.4032,    0.2725,    0.1816,    0.1213,    0.0844,    0.0548,    0.0373,    0.0240,    0.0165,    0.0118,    0.0670,    0.0455,    0.0483,    0.0449,    0.0502,    0.0472,    0.0510,    0.0528,    0.0461,    0.0634,    0.0561,    0.0554,    0.0613,    0.0501,    0.0732,    0.0820,    0.0661,    0.0960,    0.1520,    0.1567,    0.1303,    0.0638,    0.0986,    0.1045,    0.1277,    0.1364,    0.1412,    0.1502,    0.1517,    0.1618,    0.1716,    0.2114,    0.2445,    0.2167,    0.1977,    0.2027,    0.3529,    0.3854,    0.4049,    0.4233,    0.4423,    0.4728,    0.4383,    0.5006,    0.5003,    0.5073,    0.4819,    0.5192,    1.1141,    1.1055,    1.1204,    1.2622,    1.2772,    1.2244,    1.2673,    1.2996,    1.3261,    1.2334,    1.2153,    1.2621,    3.1907,    3.6107,    3.5707,    3.4634,    3.2000,    3.0022,    2.6365,    2.4266,    2.3337,    2.0467,    1.5734,    1.4625,    1.1289,    1.6396,    1.2526,    1.1982,    0.8100,    0.5896,    0.4780,    0.1926,    0.1705,    0.1217,    0.0424,    0.0347,    0.0012,    0.0045,    0.0094,    0.0156,    0.0226,    0.0300,    0.0375,    0.1599,    0.7651,    1.7766,    2.4817,    2.9180,    2.8568,    3.3589,    3.8696,    4.0981,    4.2036,    4.2617,    4.2811,    4.2643,    4.2060,    4.1136,    4.0224,    3.9207,    1.3429,    1.3213,    1.3117,    1.2908,    1.2698,    1.2684,    1.2772,    1.2652,    1.2540,    1.2654,    1.2531,    1.2676,    0.9711,    0.9646,    0.9572,    0.9473,    0.9379,    0.9287,    0.9178,    0.9075,    0.8967,    0.8847,    0.8700,    0.8513,    0.8634,    0.8246,    0.8354,    0.7534,    0.7458,    0.7345,    0.6958,    0.6338,    0.6060,    0.5597,    0.5386,    0.5263,    1.3756,    1.3142,    1.2026,    1.0787,    1.0268,    0.9149,    0.8716,    0.8016,    0.7496,    0.7161,    0.6547,    0.6191,    0.8738,    0.7913,    0.7339,    0.6704,    0.6067,    0.5285,    0.4952,    0.4493,    0.4027,    0.3659,    0.3515,    0.3181,    0.7757,    0.5922,    0.4261,    0.3174,    0.2342,    0.1701,    0.1184,    0.0857,    0.0595,    0.0423,    0.0289,    0.0189,    0.0097,    0.0000,    0.0279,    0.0503,    0.0573,    0.0524,    0.0589,    0.0593,    0.0528,    0.0727,    0.0643,    0.0620,    0.0680,    0.0552,    0.0796,    0.0868,    0.0655,    0.0402,    0.0043,    0.0099,    0.0543,    0.0663,    0.1062,    0.1114,    0.1381,    0.1477,    0.1529,    0.1624,    0.1577,    0.1610,    0.1485,    0.1312,    0.1140,    0.1386,    0.1994,    0.2021,    0.3662,    0.4001,    0.4187,    0.4239,    0.4145,    0.4610,    0.4440,    0.4858,    0.4440,    0.5058,    0.4781,    0.5086,    1.1021,    1.0744,    1.1172,    1.1212,    1.1281,    1.0880,    1.1264,    1.1551,    1.1786,    1.0953,    1.0802,    1.1217,    2.8355,    2.3491,    2.3229,    2.2530,    2.0815,    1.9527,    1.7147,    1.5780,    1.5173,    1.3305,    1.0226,    0.9504,    0.7333,    0.3981,    0.3038,    0.2903,    0.1959,    0.1424,    0.1152,    0.0463,    0.0409,    0.0291,    0.0101,    0.0082
