Particle       ,data/QEXT_96IR_84_VIS_SiO2_Rod_7um_1um
Ncase          ,  14
dt (sols)      ,  0.020833
Qext 0.67um    ,  4.352000
Alb sfc        ,  0.220000
Conrath nu     ,  0.002000
Sun Flux (W/m2),148.389262
BWN IR (cm-1)  ,     10.0000,     34.1670,     58.3330,     82.5000,    106.6670,    130.8330,    155.0000,    179.1670,    203.3330,    227.5000,    251.6670,    275.8330,    300.0000,    320.7880,    341.5750,    362.3630,    383.1500,    403.9380,    424.7250,    445.5130,    466.3010,    487.0880,    507.8760,    528.6630,    549.4510,    556.7420,    564.0330,    571.3240,    578.6150,    585.9060,    593.1970,    600.4880,    607.7790,    615.0700,    622.3610,    629.6520,    636.9430,    642.5500,    648.1570,    653.7640,    659.3700,    664.9770,    670.5840,    676.1910,    681.7980,    687.4050,    693.0110,    698.6180,    704.2250,    710.1390,    716.0530,    721.9670,    727.8810,    733.7950,    739.7090,    745.6240,    751.5380,    757.4520,    763.3660,    769.2800,    775.1940,    791.5010,    807.8070,    824.1140,    840.4210,    856.7270,    873.0340,    889.3410,    905.6470,    921.9540,    938.2610,    954.5670,    970.8740,    996.8050,   1022.7370,   1048.6680,   1074.6000,   1100.5310,   1126.4630,   1152.3940,   1178.3250,   1204.2570,   1230.1880,   1256.1200,   1282.0510,   1360.3990,   1438.7460,   1517.0940,   1595.4410,   1673.7890,   1752.1370,   1830.4840,   1908.8320,   1987.1790,   2065.5270,   2143.8740,   2222.2220
BWN VIS (cm-1) ,   2222.2200,   2294.3160,   2366.4120,   2438.5080,   2510.6030,   2582.6990,   2654.7950,   2726.8910,   2798.9870,   2871.0820,   2943.1780,   3015.2740,   3087.3700,   3165.9750,   3244.5800,   3323.1850,   3401.7900,   3480.3950,   3559.0000,   3637.6050,   3716.2100,   3794.8150,   3873.4200,   3952.0250,   4030.6300,   4142.2920,   4253.9530,   4365.6150,   4477.2770,   4588.9380,   4700.6000,   4812.2620,   4923.9230,   5035.5850,   5147.2470,   5258.9080,   5370.5700,   5560.6150,   5750.6600,   5940.7050,   6130.7500,   6320.7950,   6510.8400,   6700.8850,   6890.9300,   7080.9750,   7271.0200,   7461.0650,   7651.1100,   8055.1840,   8459.2580,   8863.3330,   9267.4070,   9671.4810,  10075.5550,  10479.6290,  10883.7030,  11287.7780,  11691.8520,  12095.9260,  12500.0000,  13541.6670,  14583.3330,  15625.0000,  16666.6670,  17708.3330,  18750.0000,  19791.6670,  20833.3330,  21875.0000,  22916.6670,  23958.3330,  25000.0000,  26388.8890,  27777.7780,  29166.6670,  30555.5570,  31944.4460,  33333.3350,  34722.2240,  36111.1130,  37500.0030,  38888.8920,  40277.7810,  41666.6700
================
wavelenght [um],    0.244068,    0.252632,    0.261818,    0.271698,    0.282353,    0.293878,    0.306383,    0.320000,    0.334884,    0.351220,    0.369231,    0.389189,    0.408511,    0.426667,    0.446512,    0.468293,    0.492308,    0.518919,    0.548571,    0.581818,    0.619355,    0.662069,    0.711111,    0.768000,    0.813143,    0.840768,    0.870336,    0.902060,    0.936184,    0.972991,    1.012810,    1.056028,    1.103099,    1.154562,    1.211061,    1.273375,    1.323436,    1.357581,    1.393534,    1.431444,    1.471474,    1.513807,    1.558648,    1.606226,    1.656801,    1.710664,    1.768147,    1.829628,    1.881560,    1.921939,    1.964090,    2.008131,    2.054193,    2.102417,    2.152960,    2.205992,    2.261704,    2.320302,    2.382017,    2.447105,    2.505432,    2.555765,    2.608162,    2.662752,    2.719677,    2.779088,    2.841153,    2.906054,    2.973989,    3.045176,    3.119855,    3.198288,    3.277268,    3.356577,    3.439819,    3.527294,    3.619334,    3.716307,    3.818620,    3.926726,    4.041130,    4.162400,    4.291175,    4.428172,    4.580751,    4.751270,    4.934974,    5.133456,    5.348572,    5.582505,    5.837838,    6.117648,    6.425631,    6.766266,    7.145039,    7.568734,    7.879690,    8.044056,    8.215425,    8.394255,    8.581043,    8.776330,    8.980716,    9.194848,    9.419442,    9.655282,    9.903235,   10.164260,   10.387231,   10.566200,   10.751445,   10.943308,   11.142136,   11.348323,   11.562291,   11.784476,   12.015368,   12.255495,   12.505409,   12.765727,   12.949392,   13.049328,   13.150818,   13.253898,   13.358608,   13.464994,   13.573088,   13.682923,   13.794549,   13.908012,   14.023357,   14.140631,   14.256763,   14.371646,   14.488386,   14.607038,   14.727660,   14.850291,   14.974981,   15.101782,   15.230738,   15.361915,   15.495384,   15.631191,   15.790367,   15.974275,   16.162517,   16.355249,   16.552633,   16.754839,   16.962047,   17.174443,   17.392227,   17.615605,   17.844795,   18.080028,   18.550914,   19.294981,   20.101230,   20.977796,   21.934298,   22.982219,   24.135264,   25.410119,   26.827165,   28.411593,   30.194923,   32.217118,   34.732292,   37.914692,   41.739101,   46.421699,   52.287582,   59.850314,   69.970927,   84.210526,  105.726686,  142.012170,  216.216216,  452.826771
Qext           ,      6.7810,      6.7810,      6.7810,      6.7810,      6.7810,      6.7810,      6.7810,      6.7810,      6.7810,      6.7810,      6.7810,      4.3520,      4.3520,      4.3520,      4.3520,      4.3520,      4.3520,      4.3520,      4.3520,      4.3520,      4.3520,      4.3520,      4.3520,      9.2440,      9.2440,      9.2440,      9.2440,      9.2440,      9.2440,      9.2440,      9.2440,      9.2440,      9.2440,      6.7540,      6.7540,      6.7540,      6.7540,      6.7540,      6.7540,      6.7540,      6.7540,      4.7200,      4.7200,      4.7200,      4.7200,      4.7200,      4.7200,      4.7200,      3.9680,      3.9680,      3.9680,      3.9680,      3.9680,      3.9680,      3.9680,      3.9680,      2.7400,      2.7400,      2.7400,      2.7400,      2.7400,      2.7400,      1.9710,      1.9710,      1.9710,      1.9710,      1.9710,      1.9710,      1.6000,      1.6000,      1.6000,      1.6000,      1.6000,      1.4070,      1.4070,      1.4070,      1.4070,      1.1280,      1.1280,      1.1280,      1.1280,      0.9350,      0.9350,      0.9350,      0.6950,      0.6950,      0.5260,      0.5260,      0.4150,      0.2930,      0.2930,      0.1790,      0.1290,      0.0570,      0.0040,      0.2490,      0.1880,      0.1880,      0.2690,      0.2690,      1.7180,      1.7180,      4.0770,      4.0770,      5.8000,      5.9340,      5.9340,      4.7190,      3.0460,      3.0460,      1.6920,      1.6920,      0.9570,      0.9570,      0.7350,      0.7610,      0.7610,      0.8120,      0.8120,      0.7840,      0.6750,      0.6750,      0.6750,      0.6750,      0.5310,      0.5310,      0.5310,      0.3970,      0.3970,      0.3970,      0.3000,      0.3000,      0.3000,      0.2420,      0.2420,      0.2420,      0.2110,      0.2110,      0.2110,      0.1930,      0.1930,      0.1930,      0.1760,      0.1760,      0.1760,      0.1610,      0.1610,      0.1520,      0.1520,      0.1590,      0.1930,      0.1930,      0.2630,      0.2630,      0.3740,      0.5240,      0.6170,      1.0380,      1.6150,      2.1050,      2.3790,      2.4060,      2.1480,      1.6310,      0.9720,      0.3480,      0.0320,      0.0160,      0.0050,      0.0510,      0.2980,      0.4560,      0.4220,      0.3600,      0.3600,      0.3600,      0.3600,      0.3600,      0.3600,      0.3600
Qscat          ,      6.7360,      6.7360,      6.7360,      6.7360,      6.7360,      6.7360,      6.7360,      6.7360,      6.7360,      6.7360,      6.7360,      4.3050,      4.3050,      4.3050,      4.3050,      4.3050,      4.3050,      4.3050,      4.3050,      4.3050,      4.3050,      4.3050,      4.3050,      9.2080,      9.2080,      9.2080,      9.2080,      9.2080,      9.2080,      9.2080,      9.2080,      9.2080,      9.2080,      6.7180,      6.7180,      6.7180,      6.7180,      6.7180,      6.7180,      6.7180,      6.7180,      4.7000,      4.7000,      4.7000,      4.7000,      4.7000,      4.7000,      4.7000,      3.9240,      3.9240,      3.9240,      3.9240,      3.9240,      3.9240,      3.9240,      3.9240,      2.7290,      2.7290,      2.7290,      2.7290,      2.7290,      2.7290,      1.9708,      1.9708,      1.9708,      1.9708,      1.9708,      1.9708,      1.5998,      1.5998,      1.5998,      1.5998,      1.5998,      1.3950,      1.3950,      1.3950,      1.3950,      1.1279,      1.1279,      1.1279,      1.1279,      0.9000,      0.9000,      0.9000,      0.6870,      0.6870,      0.5259,      0.5259,      0.4040,      0.2300,      0.2300,      0.1790,      0.0640,      0.0480,      0.0040,      0.0150,      0.0300,      0.0300,      0.1890,      0.1890,      0.7510,      0.7510,      1.5590,      1.5590,      2.1530,      2.2460,      2.2460,      1.8980,      1.3610,      1.3610,      0.8620,      0.8620,      0.5090,      0.5090,      0.3080,      0.2140,      0.2140,      0.1770,      0.1770,      0.1590,      0.1440,      0.1440,      0.1440,      0.1440,      0.1260,      0.1260,      0.1260,      0.1050,      0.1050,      0.1050,      0.0840,      0.0840,      0.0840,      0.0650,      0.0650,      0.0650,      0.0490,      0.0490,      0.0490,      0.0360,      0.0360,      0.0360,      0.0250,      0.0250,      0.0250,      0.0160,      0.0160,      0.0100,      0.0100,      0.0060,      0.0030,      0.0030,      0.0030,      0.0030,      0.0050,      0.0080,      0.0110,      0.0240,      0.0460,      0.0680,      0.0850,      0.0960,      0.0980,      0.0900,      0.0730,      0.0520,      0.0320,      0.0160,      0.0050,      0.0000,      0.0010,      0.0040,      0.0060,      0.0060,      0.0060,      0.0060,      0.0060,      0.0060,      0.0060,      0.0060
G factor       ,    0.5060,    0.5060,    0.5060,    0.5060,    0.5060,    0.5060,    0.5060,    0.5060,    0.5060,    0.5060,    0.5060,    0.6670,    0.6670,    0.6670,    0.6670,    0.6670,    0.6670,    0.6670,    0.6670,    0.6670,    0.6670,    0.6670,    0.6670,    0.8560,    0.8560,    0.8560,    0.8560,    0.8560,    0.8560,    0.8560,    0.8560,    0.8560,    0.8560,    0.8290,    0.8290,    0.8290,    0.8290,    0.8290,    0.8290,    0.8290,    0.8290,    0.7000,    0.7000,    0.7000,    0.7000,    0.7000,    0.7000,    0.7000,    0.6810,    0.6810,    0.6810,    0.6810,    0.6810,    0.6810,    0.6810,    0.6810,    0.6920,    0.6920,    0.6920,    0.6920,    0.6920,    0.6920,    0.5840,    0.5840,    0.5840,    0.5840,    0.5840,    0.5840,    0.4290,    0.4290,    0.4290,    0.4290,    0.4290,    0.3110,    0.3110,    0.3110,    0.3110,    0.2370,    0.2370,    0.2370,    0.2370,    0.1870,    0.1870,    0.1870,    0.1530,    0.1530,    0.1270,    0.1270,    0.1080,    0.0930,    0.0930,    0.0820,    0.0710,    0.0710,    0.0520,    0.0670,    0.0260,    0.0260,    0.0500,    0.0500,    0.0550,    0.0550,    0.0530,    0.0530,    0.0500,    0.0450,    0.0450,    0.0390,    0.0330,    0.0330,    0.0250,    0.0250,    0.0170,    0.0170,    0.0120,    0.0140,    0.0140,    0.0210,    0.0210,    0.0260,    0.0260,    0.0260,    0.0260,    0.0260,    0.0240,    0.0240,    0.0240,    0.0190,    0.0190,    0.0190,    0.0130,    0.0130,    0.0130,    0.0070,    0.0070,    0.0070,    0.0020,    0.0020,    0.0020,   -0.0010,   -0.0010,   -0.0010,   -0.0020,   -0.0020,   -0.0020,    0.0020,    0.0020,    0.0090,    0.0090,    0.0230,    0.0420,    0.0420,    0.0470,    0.0470,    0.0180,    0.0010,   -0.0010,   -0.0030,   -0.0010,    0.0020,    0.0040,    0.0060,    0.0070,    0.0090,    0.0100,    0.0100,    0.0100,    0.0080,    0.0010,   -0.0200,   -0.0150,    0.0040,    0.0110,    0.0130,    0.0130,    0.0130,    0.0130,    0.0130,    0.0130,    0.0130
================
P [mbar]       ,    0.1004,    0.1015,    0.1034,    0.1069,    0.1130,    0.1239,    0.1432,    0.1740,    0.2226,    0.3028,    0.4349,    0.6529,    1.0121,    1.6044,    2.4646,    3.4606,    4.3994,    5.2226,    5.8426,    6.2132,    6.3980,    6.4686,    6.5039,    6.5168
Temp initial[K],  163.5827,  163.6723,  163.8293,  164.1029,  164.5732,  165.3648,  166.6602,  168.4872,  170.9519,  174.2721,  178.5564,  183.8814,  190.3071,  197.9049,  205.8548,  212.8059,  218.1105,  222.1140,  224.8330,  226.3589,  227.0949,  227.3721,  227.5098,  227.5598
================
it   ,   tau    ,  Tsfc    ,   alb    ,   OLR    ,    ASR   ,  NET top ,  NET bot , T lev  01, T lev  02, T lev  03, T lev  04, T lev  05, T lev  06, T lev  07, T lev  08, T lev  09, T lev  10, T lev  11, T lev  12, T lev  13, T lev  14, T lev  15, T lev  16, T lev  17, T lev  18, T lev  19, T lev  20, T lev  21, T lev  22, T lev  23, T lev  24, T lev  25,  OLR IR01,  OLR IR02,  OLR IR03,  OLR IR04,  OLR IR05,  OLR IR06,  OLR IR07,  OLR IR08,  OLR IR09,  OLR IR10,  OLR IR11,  OLR IR12,  OLR IR13,  OLR IR14,  OLR IR15,  OLR IR16,  OLR IR17,  OLR IR18,  OLR IR19,  OLR IR20,  OLR IR21,  OLR IR22,  OLR IR23,  OLR IR24,  OLR IR25,  OLR IR26,  OLR IR27,  OLR IR28,  OLR IR29,  OLR IR30,  OLR IR31,  OLR IR32,  OLR IR33,  OLR IR34,  OLR IR35,  OLR IR36,  OLR IR37,  OLR IR38,  OLR IR39,  OLR IR40,  OLR IR41,  OLR IR42,  OLR IR43,  OLR IR44,  OLR IR45,  OLR IR46,  OLR IR47,  OLR IR48,  OLR IR49,  OLR IR50,  OLR IR51,  OLR IR52,  OLR IR53,  OLR IR54,  OLR IR55,  OLR IR56,  OLR IR57,  OLR IR58,  OLR IR59,  OLR IR60,  OLR IR61,  OLR IR62,  OLR IR63,  OLR IR64,  OLR IR65,  OLR IR66,  OLR IR67,  OLR IR68,  OLR IR69,  OLR IR70,  OLR IR71,  OLR IR72,  OLR IR73,  OLR IR74,  OLR IR75,  OLR IR76,  OLR IR77,  OLR IR78,  OLR IR79,  OLR IR80,  OLR IR81,  OLR IR82,  OLR IR83,  OLR IR84,  OLR IR85,  OLR IR86,  OLR IR87,  OLR IR88,  OLR IR89,  OLR IR90,  OLR IR91,  OLR IR92,  OLR IR93,  OLR IR94,  OLR IR95,  OLR IR96, ASR VIS01, ASR VIS02, ASR VIS03, ASR VIS04, ASR VIS05, ASR VIS06, ASR VIS07, ASR VIS08, ASR VIS09, ASR VIS10, ASR VIS11, ASR VIS12, ASR VIS13, ASR VIS14, ASR VIS15, ASR VIS16, ASR VIS17, ASR VIS18, ASR VIS19, ASR VIS20, ASR VIS21, ASR VIS22, ASR VIS23, ASR VIS24, ASR VIS25, ASR VIS26, ASR VIS27, ASR VIS28, ASR VIS29, ASR VIS30, ASR VIS31, ASR VIS32, ASR VIS33, ASR VIS34, ASR VIS35, ASR VIS36, ASR VIS37, ASR VIS38, ASR VIS39, ASR VIS40, ASR VIS41, ASR VIS42, ASR VIS43, ASR VIS44, ASR VIS45, ASR VIS46, ASR VIS47, ASR VIS48, ASR VIS49, ASR VIS50, ASR VIS51, ASR VIS52, ASR VIS53, ASR VIS54, ASR VIS55, ASR VIS56, ASR VIS57, ASR VIS58, ASR VIS59, ASR VIS60, ASR VIS61, ASR VIS62, ASR VIS63, ASR VIS64, ASR VIS65, ASR VIS66, ASR VIS67, ASR VIS68, ASR VIS69, ASR VIS70, ASR VIS71, ASR VIS72, ASR VIS73, ASR VIS74, ASR VIS75, ASR VIS76, ASR VIS77, ASR VIS78, ASR VIS79, ASR VIS80, ASR VIS81, ASR VIS82, ASR VIS83, ASR VIS84, SFC DIR01, SFC DIR02, SFC DIR03, SFC DIR04, SFC DIR05, SFC DIR06, SFC DIR07, SFC DIR08, SFC DIR09, SFC DIR10, SFC DIR11, SFC DIR12, SFC DIR13, SFC DIR14, SFC DIR15, SFC DIR16, SFC DIR17, SFC DIR18, SFC DIR19, SFC DIR20, SFC DIR21, SFC DIR22, SFC DIR23, SFC DIR24, SFC DIR25, SFC DIR26, SFC DIR27, SFC DIR28, SFC DIR29, SFC DIR30, SFC DIR31, SFC DIR32, SFC DIR33, SFC DIR34, SFC DIR35, SFC DIR36, SFC DIR37, SFC DIR38, SFC DIR39, SFC DIR40, SFC DIR41, SFC DIR42, SFC DIR43, SFC DIR44, SFC DIR45, SFC DIR46, SFC DIR47, SFC DIR48, SFC DIR49, SFC DIR50, SFC DIR51, SFC DIR52, SFC DIR53, SFC DIR54, SFC DIR55, SFC DIR56, SFC DIR57, SFC DIR58, SFC DIR59, SFC DIR60, SFC DIR61, SFC DIR62, SFC DIR63, SFC DIR64, SFC DIR65, SFC DIR66, SFC DIR67, SFC DIR68, SFC DIR69, SFC DIR70, SFC DIR71, SFC DIR72, SFC DIR73, SFC DIR74, SFC DIR75, SFC DIR76, SFC DIR77, SFC DIR78, SFC DIR79, SFC DIR80, SFC DIR81, SFC DIR82, SFC DIR83, SFC DIR84, SFC DIR85, SFC DIR86, SFC DIR87, SFC DIR88, SFC DIR89, SFC DIR90, SFC DIR91, SFC DIR92, SFC DIR93, SFC DIR94, SFC DIR95, SFC DIR96,SFC DVIS01,SFC DVIS02,SFC DVIS03,SFC DVIS04,SFC DVIS05,SFC DVIS06,SFC DVIS07,SFC DVIS08,SFC DVIS09,SFC DVIS10,SFC DVIS11,SFC DVIS12,SFC DVIS13,SFC DVIS14,SFC DVIS15,SFC DVIS16,SFC DVIS17,SFC DVIS18,SFC DVIS19,SFC DVIS20,SFC DVIS21,SFC DVIS22,SFC DVIS23,SFC DVIS24,SFC DVIS25,SFC DVIS26,SFC DVIS27,SFC DVIS28,SFC DVIS29,SFC DVIS30,SFC DVIS31,SFC DVIS32,SFC DVIS33,SFC DVIS34,SFC DVIS35,SFC DVIS36,SFC DVIS37,SFC DVIS38,SFC DVIS39,SFC DVIS40,SFC DVIS41,SFC DVIS42,SFC DVIS43,SFC DVIS44,SFC DVIS45,SFC DVIS46,SFC DVIS47,SFC DVIS48,SFC DVIS49,SFC DVIS50,SFC DVIS51,SFC DVIS52,SFC DVIS53,SFC DVIS54,SFC DVIS55,SFC DVIS56,SFC DVIS57,SFC DVIS58,SFC DVIS59,SFC DVIS60,SFC DVIS61,SFC DVIS62,SFC DVIS63,SFC DVIS64,SFC DVIS65,SFC DVIS66,SFC DVIS67,SFC DVIS68,SFC DVIS69,SFC DVIS70,SFC DVIS71,SFC DVIS72,SFC DVIS73,SFC DVIS74,SFC DVIS75,SFC DVIS76,SFC DVIS77,SFC DVIS78,SFC DVIS79,SFC DVIS80,SFC DVIS81,SFC DVIS82,SFC DVIS83,SFC DVIS84
    2,    0.0000,  227.5722,    0.2192,  139.8688,  115.8602,  -23.5218,  -14.0680,  158.4330,  163.5827,  163.6723,  163.8293,  164.1029,  164.5732,  165.3648,  166.6602,  168.4872,  170.9519,  174.2721,  178.5564,  183.8814,  190.3071,  197.9049,  205.8548,  212.8059,  218.1105,  222.1140,  224.8330,  226.3589,  227.0949,  227.3721,  227.5098,  227.5598,    0.0705,    0.2675,    0.5658,    0.9364,    1.3541,    1.7971,    2.2470,    2.6886,    3.1100,    3.5012,    3.8550,    4.1668,    3.7991,    3.9662,    4.1036,    4.2111,    4.2902,    4.3412,    4.3666,    4.3674,    4.3455,    4.3031,    4.2365,    4.1377,    1.4329,    1.4160,    1.3937,    1.3544,    1.3064,    1.2531,    1.1042,    1.0903,    1.0331,    0.8812,    0.8657,    0.6804,    0.4286,    0.3613,    0.2973,    0.2859,    0.2660,    0.2237,    0.2586,    0.2615,    0.2793,    0.3166,    0.3804,    0.4522,    0.5746,    0.6344,    0.5305,    0.6851,    0.6744,    0.6698,    0.6769,    0.7426,    0.7550,    0.7683,    0.7700,    0.7628,    2.0538,    1.9716,    1.9052,    1.8274,    1.7484,    1.6691,    1.5919,    1.5151,    1.4407,    1.3665,    1.2937,    1.2291,    1.8278,    1.6842,    1.5339,    1.3924,    1.2741,    1.1725,    1.0662,    0.9681,    0.8777,    0.7928,    0.7079,    0.6374,    1.5840,    1.1437,    0.8293,    0.5901,    0.4167,    0.2922,    0.2036,    0.1383,    0.0940,    0.0622,    0.0416,    0.0303,    0.0906,    0.0482,    0.0759,    0.0854,    0.0957,    0.0892,    0.0975,    0.1096,    0.0962,    0.1325,    0.1172,    0.1283,    0.1417,    0.1155,    0.1680,    0.1868,    0.1536,    0.1833,    0.2065,    0.2237,    0.2252,    0.1502,    0.2398,    0.2533,    0.3110,    0.3324,    0.3440,    0.3658,    0.3756,    0.3940,    0.4010,    0.4565,    0.4953,    0.4717,    0.4852,    0.4943,    0.8433,    0.9209,    0.9663,    0.9993,    1.0234,    1.1077,    1.0381,    1.1064,    1.0804,    1.1314,    1.0733,    1.1507,    2.4780,    2.4450,    2.4989,    2.5384,    2.5644,    2.4626,    2.5489,    2.6139,    2.6670,    2.4800,    2.4441,    2.5380,    6.4157,    6.1123,    6.0433,    5.8603,    5.4132,    5.0767,    4.4565,    4.0997,    3.9404,    3.4535,    2.6528,    2.4637,    1.8993,    1.7458,    1.3311,    1.2705,    0.8565,    0.6215,    0.5021,    0.2015,    0.1776,    0.1261,    0.0437,    0.0355,    0.0000,    0.0000,    0.0000,    0.0000,    0.0000,    0.0000,    0.0000,    0.0000,    0.0000,    0.0000,    0.0000,    0.0000,    0.0000,    0.0000,    0.0000,    0.0000,    0.0000,    0.0000,    0.0000,    0.0004,    0.0013,    0.0042,    0.0316,    0.1224,    0.0337,    0.0553,    0.0951,    0.1939,    0.3170,    0.4390,    0.7874,    0.8078,    0.8986,    1.0611,    1.1127,    1.2540,    0.9696,    0.9641,    0.9572,    0.9473,    0.9378,    0.9287,    0.9178,    0.9074,    0.8966,    0.8844,    0.8683,    0.8421,    0.8025,    0.6764,    0.7395,    0.4977,    0.5022,    0.4908,    0.4247,    0.2470,    0.1814,    0.1031,    0.0612,    0.0469,    0.0933,    0.0788,    0.0260,    0.0119,    0.0030,    0.0028,    0.0017,    0.0056,    0.0100,    0.0182,    0.0292,    0.0235,    0.0278,    0.0056,    0.0259,    0.0458,    0.0328,    0.0004,    0.0000,    0.0000,    0.0000,    0.0031,    0.0165,    0.0171,    0.0171,    0.0171,    0.0000,    0.0000,    0.0000,    0.0000,    0.0000,    0.0035,    0.0040,    0.0054,    0.0048,    0.0010,    0.0230,    0.0000,    0.0598,    0.1073,    0.1213,    0.1109,    0.1245,    0.1385,    0.1233,    0.1698,    0.1501,    0.1645,    0.1806,    0.1466,    0.2118,    0.2312,    0.1878,    0.1215,    0.0145,    0.0325,    0.1583,    0.1897,    0.3065,    0.3218,    0.3984,    0.4260,    0.4410,    0.4686,    0.4796,    0.4909,    0.4572,    0.4157,    0.3661,    0.4375,    0.6076,    0.6165,    1.0804,    1.1803,    1.2358,    1.2540,    1.2316,    1.3659,    1.3119,    1.3949,    1.2823,    1.4502,    1.3714,    1.4595,    3.1611,    3.0848,    3.2030,    3.2531,    3.2743,    3.1567,    3.2678,    3.3511,    3.4192,    3.1776,    3.1334,    3.2539,    8.2247,    7.8363,    7.7478,    7.5132,    6.9399,    6.5086,    5.7135,    5.2561,    5.0518,    4.4276,    3.4010,    3.1586,    2.4350,    2.2382,    1.7066,    1.6288,    1.0981,    0.7968,    0.6438,    0.2584,    0.2277,    0.1616,    0.0560,    0.0455
    2,    0.0500,  227.5722,    0.2306,  138.7114,  114.1779,  -24.0466,  -13.6172,  158.4330,  163.5827,  163.6723,  163.8293,  164.1029,  164.5732,  165.3648,  166.6602,  168.4872,  170.9519,  174.2721,  178.5564,  183.8814,  190.3071,  197.9049,  205.8548,  212.8059,  218.1105,  222.1140,  224.8330,  226.3589,  227.0949,  227.3721,  227.5098,  227.5598,    0.0705,    0.2673,    0.5653,    0.9355,    1.3526,    1.7951,    2.2444,    2.6848,    3.1049,    3.4973,    3.8542,    4.1666,    3.7984,    3.9647,    4.0956,    4.1896,    4.2535,    4.2916,    4.3095,    4.3096,    4.2931,    4.2623,    4.2100,    4.1221,    1.4282,    1.4127,    1.3914,    1.3522,    1.3049,    1.2517,    1.1033,    1.0895,    1.0323,    0.8806,    0.8652,    0.6802,    0.4286,    0.3613,    0.2973,    0.2858,    0.2660,    0.2237,    0.2585,    0.2614,    0.2793,    0.3166,    0.3802,    0.4519,    0.5739,    0.6334,    0.5296,    0.6834,    0.6728,    0.6676,    0.6746,    0.7397,    0.7511,    0.7641,    0.7657,    0.7585,    2.0403,    1.9579,    1.8917,    1.8148,    1.7363,    1.6573,    1.5767,    1.5006,    1.4166,    1.3437,    1.2559,    1.1929,    1.7461,    1.5902,    1.4478,    1.3158,    1.2235,    1.1251,    1.0474,    0.9509,    0.8751,    0.7905,    0.7065,    0.6362,    1.5797,    1.1437,    0.8288,    0.5892,    0.4159,    0.2913,    0.2030,    0.1377,    0.0935,    0.0619,    0.0413,    0.0300,    0.0903,    0.0481,    0.0756,    0.0847,    0.0950,    0.0885,    0.0967,    0.1085,    0.0953,    0.1312,    0.1161,    0.1272,    0.1404,    0.1144,    0.1665,    0.1851,    0.1523,    0.1821,    0.2060,    0.2230,    0.2240,    0.1489,    0.2378,    0.2511,    0.3083,    0.3295,    0.3410,    0.3626,    0.3710,    0.3892,    0.3963,    0.4517,    0.4906,    0.4667,    0.4792,    0.4883,    0.8312,    0.9077,    0.9524,    0.9852,    1.0092,    1.0922,    1.0233,    1.0936,    1.0683,    1.1182,    1.0607,    1.1373,    2.4491,    2.4166,    2.4696,    2.5038,    2.5296,    2.4290,    2.5142,    2.5783,    2.6306,    2.4462,    2.4108,    2.5034,    6.3281,    6.0254,    5.9573,    5.7768,    5.3359,    5.0042,    4.3927,    4.0409,    3.8838,    3.4038,    2.6145,    2.4280,    1.8717,    1.6898,    1.2884,    1.2298,    0.8292,    0.6017,    0.4862,    0.1951,    0.1720,    0.1221,    0.0423,    0.0344,    0.0005,    0.0020,    0.0042,    0.0069,    0.0099,    0.0130,    0.0162,    0.0225,    0.0279,    0.0204,    0.0038,    0.0002,    0.0007,    0.0015,    0.0251,    0.0731,    0.1240,    0.1635,    0.1825,    0.1795,    0.1582,    0.1230,    0.1062,    0.1648,    0.0461,    0.0640,    0.1010,    0.1992,    0.3204,    0.4419,    0.7888,    0.8090,    0.8995,    1.0617,    1.1131,    1.2541,    0.9696,    0.9641,    0.9572,    0.9473,    0.9378,    0.9287,    0.9178,    0.9074,    0.8966,    0.8844,    0.8683,    0.8422,    0.8028,    0.6772,    0.7402,    0.4996,    0.5040,    0.4933,    0.4276,    0.2513,    0.1875,    0.1099,    0.0683,    0.0541,    0.1158,    0.1011,    0.0479,    0.0313,    0.0215,    0.0193,    0.0214,    0.0242,    0.0410,    0.0473,    0.0783,    0.0701,    0.1342,    0.1283,    0.1358,    0.1417,    0.0951,    0.0584,    0.0223,    0.0201,    0.0028,    0.0056,    0.0182,    0.0185,    0.0220,    0.0171,    0.0005,    0.0009,    0.0008,    0.0009,    0.0006,    0.0041,    0.0045,    0.0057,    0.0051,    0.0012,    0.0228,    0.0000,    0.0594,    0.1064,    0.1203,    0.1100,    0.1234,    0.1372,    0.1221,    0.1682,    0.1486,    0.1630,    0.1789,    0.1453,    0.2098,    0.2291,    0.1863,    0.1205,    0.0144,    0.0322,    0.1569,    0.1881,    0.3038,    0.3189,    0.3948,    0.4222,    0.4370,    0.4644,    0.4729,    0.4841,    0.4508,    0.4099,    0.3611,    0.4315,    0.5991,    0.6079,    1.0641,    1.1625,    1.2172,    1.2351,    1.2131,    1.3453,    1.2921,    1.3768,    1.2657,    1.4314,    1.3536,    1.4405,    3.1201,    3.0448,    3.1614,    3.2046,    3.2256,    3.1097,    3.2191,    3.3012,    3.3682,    3.1303,    3.0867,    3.2053,    8.1019,    7.7118,    7.6246,    7.3936,    6.8294,    6.4047,    5.6222,    5.1719,    4.9708,    4.3564,    3.3462,    3.1076,    2.3956,    2.1628,    1.6491,    1.5740,    1.0613,    0.7702,    0.6223,    0.2498,    0.2201,    0.1563,    0.0542,    0.0441
    2,    0.1000,  227.5722,    0.2413,  137.6140,  112.5784,  -24.5488,  -13.1858,  158.4330,  163.5827,  163.6723,  163.8293,  164.1029,  164.5732,  165.3648,  166.6602,  168.4872,  170.9519,  174.2721,  178.5564,  183.8814,  190.3071,  197.9049,  205.8548,  212.8059,  218.1105,  222.1140,  224.8330,  226.3589,  227.0949,  227.3721,  227.5098,  227.5598,    0.0704,    0.2670,    0.5647,    0.9346,    1.3512,    1.7931,    2.2418,    2.6809,    3.0999,    3.4934,    3.8534,    4.1663,    3.7977,    3.9632,    4.0876,    4.1685,    4.2177,    4.2436,    4.2545,    4.2537,    4.2424,    4.2224,    4.1839,    4.1067,    1.4235,    1.4094,    1.3891,    1.3500,    1.3034,    1.2503,    1.1024,    1.0886,    1.0316,    0.8800,    0.8647,    0.6799,    0.4285,    0.3612,    0.2973,    0.2858,    0.2660,    0.2237,    0.2585,    0.2614,    0.2793,    0.3165,    0.3801,    0.4515,    0.5732,    0.6325,    0.5287,    0.6817,    0.6711,    0.6654,    0.6722,    0.7368,    0.7472,    0.7599,    0.7615,    0.7543,    2.0270,    1.9445,    1.8785,    1.8024,    1.7243,    1.6457,    1.5619,    1.4864,    1.3934,    1.3216,    1.2203,    1.1589,    1.6715,    1.5059,    1.3706,    1.2469,    1.1766,    1.0813,    1.0293,    0.9343,    0.8726,    0.7882,    0.7051,    0.6349,    1.5755,    1.1436,    0.8283,    0.5884,    0.4151,    0.2904,    0.2023,    0.1371,    0.0930,    0.0616,    0.0410,    0.0298,    0.0901,    0.0481,    0.0752,    0.0840,    0.0942,    0.0877,    0.0959,    0.1076,    0.0945,    0.1300,    0.1150,    0.1260,    0.1392,    0.1134,    0.1650,    0.1835,    0.1511,    0.1810,    0.2055,    0.2223,    0.2227,    0.1477,    0.2357,    0.2490,    0.3057,    0.3267,    0.3381,    0.3595,    0.3665,    0.3845,    0.3917,    0.4470,    0.4859,    0.4618,    0.4735,    0.4825,    0.8195,    0.8950,    0.9391,    0.9715,    0.9955,    1.0772,    1.0091,    1.0812,    1.0565,    1.1054,    1.0486,    1.1244,    2.4211,    2.3892,    2.4413,    2.4706,    2.4961,    2.3968,    2.4808,    2.5441,    2.5957,    2.4137,    2.3788,    2.4702,    6.2442,    5.9420,    5.8749,    5.6970,    5.2622,    4.9351,    4.3321,    3.9852,    3.8303,    3.3569,    2.5785,    2.3947,    1.8461,    1.6385,    1.2495,    1.1927,    0.8043,    0.5838,    0.4717,    0.1894,    0.1669,    0.1186,    0.0411,    0.0334,    0.0011,    0.0040,    0.0084,    0.0138,    0.0197,    0.0260,    0.0322,    0.0447,    0.0555,    0.0407,    0.0076,    0.0005,    0.0014,    0.0029,    0.0501,    0.1447,    0.2439,    0.3200,    0.3563,    0.3503,    0.3086,    0.2380,    0.1793,    0.2067,    0.0585,    0.0726,    0.1068,    0.2045,    0.3238,    0.4448,    0.7902,    0.8102,    0.9005,    1.0622,    1.1135,    1.2541,    0.9696,    0.9641,    0.9572,    0.9473,    0.9378,    0.9287,    0.9178,    0.9074,    0.8966,    0.8844,    0.8683,    0.8422,    0.8031,    0.6780,    0.7409,    0.5015,    0.5059,    0.4958,    0.4306,    0.2556,    0.1935,    0.1166,    0.0753,    0.0611,    0.1381,    0.1232,    0.0695,    0.0504,    0.0398,    0.0355,    0.0407,    0.0425,    0.0710,    0.0756,    0.1247,    0.1142,    0.2320,    0.2387,    0.2347,    0.2282,    0.1530,    0.1123,    0.0439,    0.0396,    0.0055,    0.0081,    0.0198,    0.0200,    0.0268,    0.0172,    0.0010,    0.0017,    0.0016,    0.0018,    0.0013,    0.0047,    0.0050,    0.0061,    0.0053,    0.0014,    0.0227,    0.0000,    0.0589,    0.1055,    0.1193,    0.1091,    0.1224,    0.1358,    0.1209,    0.1665,    0.1472,    0.1615,    0.1773,    0.1440,    0.2079,    0.2270,    0.1847,    0.1195,    0.0143,    0.0320,    0.1556,    0.1865,    0.3011,    0.3161,    0.3913,    0.4184,    0.4332,    0.4602,    0.4665,    0.4774,    0.4447,    0.4043,    0.3562,    0.4256,    0.5909,    0.5995,    1.0484,    1.1454,    1.1992,    1.2169,    1.1952,    1.3255,    1.2730,    1.3593,    1.2496,    1.4132,    1.3363,    1.4222,    3.0803,    3.0059,    3.1210,    3.1579,    3.1786,    3.0644,    3.1722,    3.2531,    3.3192,    3.0847,    3.0418,    3.1587,    7.9840,    7.5920,    7.5063,    7.2789,    6.7234,    6.3055,    5.5351,    5.0919,    4.8939,    4.2891,    3.2945,    3.0596,    2.3587,    2.0936,    1.5965,    1.5240,    1.0276,    0.7459,    0.6027,    0.2420,    0.2133,    0.1515,    0.0525,    0.0427
    2,    0.1500,  227.5722,    0.2517,  136.5706,  111.0432,  -25.0404,  -12.7843,  158.4330,  163.5827,  163.6723,  163.8293,  164.1029,  164.5732,  165.3648,  166.6602,  168.4872,  170.9519,  174.2721,  178.5564,  183.8814,  190.3071,  197.9049,  205.8548,  212.8059,  218.1105,  222.1140,  224.8330,  226.3589,  227.0949,  227.3721,  227.5098,  227.5598,    0.0704,    0.2668,    0.5642,    0.9337,    1.3498,    1.7911,    2.2392,    2.6770,    3.0949,    3.4895,    3.8527,    4.1661,    3.7970,    3.9618,    4.0797,    4.1477,    4.1829,    4.1971,    4.2014,    4.1998,    4.1933,    4.1835,    4.1583,    4.0913,    1.4189,    1.4062,    1.3868,    1.3479,    1.3019,    1.2489,    1.1016,    1.0878,    1.0309,    0.8795,    0.8642,    0.6797,    0.4284,    0.3612,    0.2972,    0.2858,    0.2660,    0.2237,    0.2585,    0.2614,    0.2792,    0.3164,    0.3799,    0.4512,    0.5725,    0.6315,    0.5278,    0.6800,    0.6695,    0.6632,    0.6699,    0.7339,    0.7433,    0.7559,    0.7573,    0.7501,    2.0139,    1.9312,    1.8654,    1.7902,    1.7125,    1.6342,    1.5473,    1.4725,    1.3710,    1.3003,    1.1868,    1.1268,    1.6031,    1.4301,    1.3010,    1.1846,    1.1329,    1.0405,    1.0117,    0.9182,    0.8701,    0.7859,    0.7038,    0.6336,    1.5713,    1.1436,    0.8277,    0.5875,    0.4143,    0.2894,    0.2017,    0.1365,    0.0925,    0.0612,    0.0408,    0.0296,    0.0898,    0.0481,    0.0749,    0.0833,    0.0934,    0.0870,    0.0951,    0.1066,    0.0936,    0.1288,    0.1140,    0.1249,    0.1379,    0.1124,    0.1636,    0.1819,    0.1499,    0.1799,    0.2050,    0.2217,    0.2215,    0.1465,    0.2338,    0.2469,    0.3031,    0.3239,    0.3353,    0.3565,    0.3622,    0.3801,    0.3874,    0.4425,    0.4814,    0.4571,    0.4679,    0.4768,    0.8083,    0.8827,    0.9262,    0.9583,    0.9823,    1.0627,    0.9954,    1.0691,    1.0451,    1.0930,    1.0368,    1.1118,    2.3940,    2.3626,    2.4139,    2.4386,    2.4639,    2.3657,    2.4486,    2.5111,    2.5621,    2.3824,    2.3479,    2.4382,    6.1633,    5.8617,    5.7956,    5.6201,    5.1912,    4.8685,    4.2738,    3.9316,    3.7788,    3.3119,    2.5440,    2.3626,    1.8214,    1.5910,    1.2133,    1.1584,    0.7812,    0.5671,    0.4583,    0.1840,    0.1623,    0.1153,    0.0400,    0.0325,    0.0016,    0.0060,    0.0125,    0.0206,    0.0295,    0.0388,    0.0481,    0.0668,    0.0828,    0.0608,    0.0114,    0.0007,    0.0021,    0.0044,    0.0748,    0.2150,    0.3599,    0.4698,    0.5219,    0.5131,    0.4528,    0.3494,    0.2509,    0.2480,    0.0707,    0.0811,    0.1126,    0.2098,    0.3272,    0.4478,    0.7916,    0.8114,    0.9014,    1.0628,    1.1138,    1.2541,    0.9696,    0.9641,    0.9572,    0.9473,    0.9378,    0.9287,    0.9178,    0.9074,    0.8966,    0.8844,    0.8683,    0.8422,    0.8034,    0.6788,    0.7415,    0.5035,    0.5077,    0.4982,    0.4335,    0.2598,    0.1995,    0.1232,    0.0823,    0.0681,    0.1601,    0.1449,    0.0908,    0.0693,    0.0578,    0.0515,    0.0597,    0.0605,    0.1000,    0.1029,    0.1687,    0.1560,    0.3221,    0.3385,    0.3241,    0.3066,    0.2069,    0.1625,    0.0648,    0.0585,    0.0082,    0.0105,    0.0215,    0.0215,    0.0316,    0.0172,    0.0016,    0.0025,    0.0024,    0.0027,    0.0019,    0.0052,    0.0055,    0.0064,    0.0056,    0.0016,    0.0225,    0.0000,    0.0584,    0.1046,    0.1183,    0.1082,    0.1214,    0.1345,    0.1197,    0.1650,    0.1458,    0.1601,    0.1757,    0.1427,    0.2061,    0.2250,    0.1832,    0.1185,    0.0142,    0.0317,    0.1544,    0.1850,    0.2984,    0.3133,    0.3878,    0.4147,    0.4293,    0.4562,    0.4602,    0.4710,    0.4387,    0.3989,    0.3515,    0.4199,    0.5829,    0.5914,    1.0333,    1.1288,    1.1819,    1.1993,    1.1779,    1.3063,    1.2546,    1.3422,    1.2339,    1.3954,    1.3196,    1.4043,    3.0416,    2.9682,    3.0819,    3.1128,    3.1332,    3.0206,    3.1269,    3.2067,    3.2718,    3.0406,    2.9983,    3.1136,    7.8700,    7.4764,    7.3920,    7.1681,    6.6211,    6.2096,    5.4510,    5.0145,    4.8196,    4.2241,    3.2447,    3.0134,    2.3231,    2.0293,    1.5476,    1.4774,    0.9964,    0.7233,    0.5845,    0.2347,    0.2069,    0.1470,    0.0510,    0.0415
    2,    0.2000,  227.5722,    0.2616,  135.5759,  109.5679,  -25.5210,  -12.4101,  158.4330,  163.5827,  163.6723,  163.8293,  164.1029,  164.5732,  165.3648,  166.6602,  168.4872,  170.9519,  174.2721,  178.5564,  183.8814,  190.3071,  197.9049,  205.8548,  212.8059,  218.1105,  222.1140,  224.8330,  226.3589,  227.0949,  227.3721,  227.5098,  227.5598,    0.0703,    0.2666,    0.5637,    0.9328,    1.3484,    1.7892,    2.2366,    2.6732,    3.0899,    3.4857,    3.8519,    4.1659,    3.7963,    3.9603,    4.0718,    4.1273,    4.1489,    4.1522,    4.1502,    4.1478,    4.1456,    4.1454,    4.1330,    4.0761,    1.4144,    1.4029,    1.3846,    1.3457,    1.3004,    1.2475,    1.1007,    1.0870,    1.0301,    0.8789,    0.8637,    0.6794,    0.4283,    0.3611,    0.2972,    0.2858,    0.2660,    0.2237,    0.2585,    0.2614,    0.2792,    0.3164,    0.3798,    0.4508,    0.5718,    0.6305,    0.5269,    0.6783,    0.6679,    0.6611,    0.6676,    0.7310,    0.7395,    0.7518,    0.7532,    0.7459,    2.0009,    1.9181,    1.8525,    1.7782,    1.7009,    1.6229,    1.5330,    1.4588,    1.3494,    1.2797,    1.1551,    1.0965,    1.5401,    1.3615,    1.2381,    1.1281,    1.0923,    1.0025,    0.9947,    0.9026,    0.8675,    0.7837,    0.7024,    0.6324,    1.5671,    1.1435,    0.8272,    0.5866,    0.4135,    0.2885,    0.2010,    0.1359,    0.0920,    0.0609,    0.0405,    0.0294,    0.0896,    0.0481,    0.0745,    0.0826,    0.0927,    0.0863,    0.0943,    0.1056,    0.0928,    0.1277,    0.1129,    0.1238,    0.1367,    0.1114,    0.1621,    0.1803,    0.1487,    0.1789,    0.2046,    0.2210,    0.2204,    0.1453,    0.2318,    0.2449,    0.3006,    0.3213,    0.3325,    0.3536,    0.3579,    0.3757,    0.3831,    0.4381,    0.4771,    0.4525,    0.4625,    0.4713,    0.7974,    0.8708,    0.9138,    0.9456,    0.9696,    1.0487,    0.9821,    1.0575,    1.0340,    1.0809,    1.0254,    1.0997,    2.3677,    2.3368,    2.3873,    2.4077,    2.4327,    2.3358,    2.4176,    2.4793,    2.5296,    2.3523,    2.3182,    2.4073,    6.0853,    5.7843,    5.7191,    5.5459,    5.1228,    4.8044,    4.2175,    3.8799,    3.7292,    3.2684,    2.5107,    2.3318,    1.7977,    1.5468,    1.1797,    1.1264,    0.7597,    0.5516,    0.4459,    0.1791,    0.1579,    0.1122,    0.0389,    0.0317,    0.0021,    0.0079,    0.0166,    0.0273,    0.0392,    0.0516,    0.0639,    0.0887,    0.1099,    0.0808,    0.0153,    0.0010,    0.0028,    0.0059,    0.0995,    0.2839,    0.4721,    0.6133,    0.6796,    0.6683,    0.5910,    0.4572,    0.3211,    0.2889,    0.0828,    0.0896,    0.1183,    0.2150,    0.3306,    0.4507,    0.7930,    0.8127,    0.9024,    1.0634,    1.1142,    1.2541,    0.9696,    0.9641,    0.9572,    0.9473,    0.9378,    0.9287,    0.9178,    0.9074,    0.8966,    0.8844,    0.8683,    0.8423,    0.8037,    0.6795,    0.7422,    0.5054,    0.5095,    0.5007,    0.4364,    0.2640,    0.2053,    0.1298,    0.0891,    0.0749,    0.1817,    0.1662,    0.1117,    0.0879,    0.0756,    0.0673,    0.0783,    0.0781,    0.1282,    0.1294,    0.2104,    0.1955,    0.4052,    0.4288,    0.4051,    0.3778,    0.2573,    0.2094,    0.0852,    0.0769,    0.0110,    0.0130,    0.0231,    0.0230,    0.0364,    0.0173,    0.0021,    0.0034,    0.0032,    0.0036,    0.0025,    0.0058,    0.0060,    0.0067,    0.0059,    0.0018,    0.0223,    0.0000,    0.0580,    0.1038,    0.1174,    0.1073,    0.1204,    0.1333,    0.1186,    0.1634,    0.1444,    0.1587,    0.1742,    0.1414,    0.2043,    0.2230,    0.1817,    0.1176,    0.0141,    0.0315,    0.1531,    0.1835,    0.2958,    0.3106,    0.3844,    0.4111,    0.4256,    0.4522,    0.4540,    0.4647,    0.4328,    0.3936,    0.3468,    0.4143,    0.5752,    0.5836,    1.0186,    1.1128,    1.1651,    1.1823,    1.1612,    1.2878,    1.2368,    1.3257,    1.2187,    1.3782,    1.3033,    1.3870,    3.0041,    2.9316,    3.0439,    3.0692,    3.0893,    2.9783,    3.0831,    3.1618,    3.2259,    2.9980,    2.9563,    3.0700,    7.7598,    7.3646,    7.2815,    7.0610,    6.5223,    6.1169,    5.3697,    4.9398,    4.7479,    4.1612,    3.1965,    2.9687,    2.2887,    1.9692,    1.5019,    1.4340,    0.9672,    0.7022,    0.5676,    0.2279,    0.2010,    0.1428,    0.0495,    0.0403
    2,    0.3000,  227.5722,    0.2804,  133.7151,  106.7817,  -26.4463,  -11.7350,  158.4330,  163.5827,  163.6723,  163.8293,  164.1029,  164.5732,  165.3648,  166.6602,  168.4872,  170.9519,  174.2721,  178.5564,  183.8814,  190.3071,  197.9049,  205.8548,  212.8059,  218.1105,  222.1140,  224.8330,  226.3589,  227.0949,  227.3721,  227.5098,  227.5598,    0.0702,    0.2661,    0.5627,    0.9310,    1.3456,    1.7853,    2.2314,    2.6656,    3.0801,    3.4781,    3.8504,    4.1654,    3.7949,    3.9574,    4.0562,    4.0874,    4.0835,    4.0665,    4.0530,    4.0489,    4.0546,    4.0720,    4.0836,    4.0461,    1.4053,    1.3965,    1.3801,    1.3414,    1.2974,    1.2448,    1.0990,    1.0853,    1.0286,    0.8778,    0.8627,    0.6789,    0.4281,    0.3610,    0.2972,    0.2858,    0.2660,    0.2237,    0.2585,    0.2613,    0.2791,    0.3162,    0.3795,    0.4501,    0.5704,    0.6286,    0.5251,    0.6750,    0.6646,    0.6568,    0.6630,    0.7253,    0.7321,    0.7439,    0.7451,    0.7378,    1.9756,    1.8925,    1.8273,    1.7547,    1.6782,    1.6008,    1.5052,    1.4323,    1.3082,    1.2405,    1.0968,    1.0407,    1.4282,    1.2424,    1.1288,    1.0294,    1.0188,    0.9338,    0.9622,    0.8729,    0.8626,    0.7792,    0.6996,    0.6299,    1.5588,    1.1434,    0.8262,    0.5849,    0.4119,    0.2867,    0.1998,    0.1348,    0.0911,    0.0603,    0.0400,    0.0291,    0.0891,    0.0480,    0.0738,    0.0813,    0.0912,    0.0850,    0.0928,    0.1038,    0.0912,    0.1254,    0.1110,    0.1217,    0.1344,    0.1095,    0.1594,    0.1772,    0.1464,    0.1768,    0.2036,    0.2198,    0.2181,    0.1430,    0.2281,    0.2409,    0.2957,    0.3161,    0.3271,    0.3479,    0.3499,    0.3674,    0.3750,    0.4296,    0.4687,    0.4437,    0.4522,    0.4609,    0.7768,    0.8483,    0.8902,    0.9215,    0.9453,    1.0222,    0.9569,    1.0352,    1.0129,    1.0580,    1.0037,    1.0765,    2.3176,    2.2876,    2.3366,    2.3491,    2.3736,    2.2789,    2.3587,    2.4189,    2.4680,    2.2950,    2.2618,    2.3487,    5.9372,    5.6377,    5.5741,    5.4054,    4.9931,    4.6829,    4.1109,    3.7819,    3.6351,    3.1861,    2.4475,    2.2732,    1.7526,    1.4669,    1.1190,    1.0686,    0.7209,    0.5235,    0.4233,    0.1701,    0.1500,    0.1066,    0.0370,    0.0301,    0.0031,    0.0118,    0.0248,    0.0407,    0.0583,    0.0767,    0.0951,    0.1318,    0.1632,    0.1204,    0.0229,    0.0015,    0.0042,    0.0088,    0.1482,    0.4176,    0.6858,    0.8824,    0.9732,    0.9575,    0.8508,    0.6628,    0.4571,    0.3692,    0.1066,    0.1064,    0.1297,    0.2253,    0.3373,    0.4565,    0.7958,    0.8151,    0.9043,    1.0645,    1.1150,    1.2542,    0.9696,    0.9641,    0.9572,    0.9473,    0.9378,    0.9287,    0.9178,    0.9074,    0.8966,    0.8844,    0.8683,    0.8423,    0.8043,    0.6811,    0.7435,    0.5092,    0.5131,    0.5054,    0.4421,    0.2723,    0.2168,    0.1426,    0.1026,    0.0884,    0.2241,    0.2081,    0.1527,    0.1243,    0.1105,    0.0982,    0.1147,    0.1125,    0.1821,    0.1801,    0.2876,    0.2687,    0.5532,    0.5855,    0.5456,    0.5017,    0.3483,    0.2942,    0.1240,    0.1119,    0.0163,    0.0178,    0.0264,    0.0259,    0.0460,    0.0174,    0.0031,    0.0051,    0.0047,    0.0054,    0.0038,    0.0069,    0.0069,    0.0073,    0.0064,    0.0021,    0.0220,    0.0000,    0.0571,    0.1021,    0.1155,    0.1056,    0.1185,    0.1308,    0.1164,    0.1604,    0.1417,    0.1559,    0.1712,    0.1390,    0.2007,    0.2192,    0.1788,    0.1157,    0.0139,    0.0310,    0.1507,    0.1806,    0.2908,    0.3053,    0.3779,    0.4041,    0.4184,    0.4445,    0.4424,    0.4528,    0.4217,    0.3835,    0.3380,    0.4037,    0.5604,    0.5685,    0.9907,    1.0823,    1.1332,    1.1499,    1.1294,    1.2525,    1.2030,    1.2939,    1.1896,    1.3452,    1.2721,    1.3538,    2.9322,    2.8615,    2.9710,    2.9862,    3.0057,    2.8977,    2.9997,    3.0763,    3.1387,    2.9170,    2.8764,    2.9870,    7.5501,    7.1518,    7.0711,    6.8571,    6.3340,    5.9405,    5.2149,    4.7975,    4.6113,    4.0416,    3.1047,    2.8836,    2.2232,    1.8604,    1.4191,    1.3552,    0.9142,    0.6639,    0.5368,    0.2156,    0.1902,    0.1352,    0.0469,    0.0382
    2,    0.4000,  227.5722,    0.2978,  132.0025,  104.1934,  -27.3219,  -11.1448,  158.4330,  163.5827,  163.6723,  163.8293,  164.1029,  164.5732,  165.3648,  166.6602,  168.4872,  170.9519,  174.2721,  178.5564,  183.8814,  190.3071,  197.9049,  205.8548,  212.8059,  218.1105,  222.1140,  224.8330,  226.3589,  227.0949,  227.3721,  227.5098,  227.5598,    0.0701,    0.2657,    0.5617,    0.9292,    1.3429,    1.7814,    2.2263,    2.6582,    3.0703,    3.4705,    3.8488,    4.1649,    3.7935,    3.9545,    4.0409,    4.0488,    4.0213,    3.9861,    3.9623,    3.9566,    3.9688,    4.0019,    4.0356,    4.0166,    1.3964,    1.3901,    1.3756,    1.3372,    1.2944,    1.2420,    1.0972,    1.0837,    1.0272,    0.8767,    0.8616,    0.6784,    0.4279,    0.3609,    0.2971,    0.2857,    0.2659,    0.2236,    0.2584,    0.2613,    0.2791,    0.3161,    0.3792,    0.4494,    0.5690,    0.6267,    0.5234,    0.6717,    0.6614,    0.6526,    0.6586,    0.7197,    0.7248,    0.7362,    0.7371,    0.7299,    1.9509,    1.8676,    1.8028,    1.7318,    1.6561,    1.5794,    1.4786,    1.4068,    1.2696,    1.2037,    1.0444,    0.9906,    1.3320,    1.1429,    1.0373,    0.9465,    0.9543,    0.8735,    0.9316,    0.8449,    0.8577,    0.7747,    0.6969,    0.6274,    1.5505,    1.1433,    0.8252,    0.5833,    0.4104,    0.2849,    0.1985,    0.1336,    0.0902,    0.0597,    0.0395,    0.0287,    0.0886,    0.0480,    0.0732,    0.0801,    0.0898,    0.0837,    0.0914,    0.1020,    0.0896,    0.1233,    0.1091,    0.1196,    0.1321,    0.1077,    0.1567,    0.1743,    0.1442,    0.1748,    0.2027,    0.2185,    0.2159,    0.1408,    0.2245,    0.2371,    0.2911,    0.3111,    0.3220,    0.3424,    0.3424,    0.3596,    0.3674,    0.4217,    0.4608,    0.4354,    0.4426,    0.4511,    0.7575,    0.8272,    0.8681,    0.8989,    0.9227,    0.9973,    0.9334,    1.0143,    0.9930,    1.0363,    0.9832,    1.0546,    2.2703,    2.2413,    2.2888,    2.2943,    2.3185,    2.2258,    2.3038,    2.3625,    2.4105,    2.2416,    2.2091,    2.2940,    5.7989,    5.5009,    5.4389,    5.2744,    4.8721,    4.5695,    4.0115,    3.6905,    3.5473,    3.1093,    2.3886,    2.2186,    1.7106,    1.3968,    1.0656,    1.0178,    0.6868,    0.4988,    0.4035,    0.1621,    0.1431,    0.1017,    0.0353,    0.0288,    0.0041,    0.0156,    0.0328,    0.0538,    0.0771,    0.1015,    0.1258,    0.1742,    0.2155,    0.1595,    0.0304,    0.0019,    0.0056,    0.0117,    0.1962,    0.5462,    0.8859,    1.1292,    1.2399,    1.2206,    1.0897,    0.8556,    0.5877,    0.4475,    0.1299,    0.1229,    0.1410,    0.2356,    0.3439,    0.4622,    0.7985,    0.8175,    0.9062,    1.0656,    1.1157,    1.2542,    0.9696,    0.9641,    0.9572,    0.9473,    0.9378,    0.9287,    0.9178,    0.9074,    0.8966,    0.8844,    0.8683,    0.8424,    0.8049,    0.6826,    0.7448,    0.5129,    0.5166,    0.5101,    0.4477,    0.2804,    0.2281,    0.1552,    0.1157,    0.1016,    0.2652,    0.2487,    0.1925,    0.1598,    0.1443,    0.1283,    0.1497,    0.1457,    0.2329,    0.2279,    0.3572,    0.3349,    0.6805,    0.7159,    0.6626,    0.6054,    0.4282,    0.3686,    0.1606,    0.1450,    0.0217,    0.0226,    0.0296,    0.0288,    0.0555,    0.0175,    0.0042,    0.0068,    0.0063,    0.0071,    0.0050,    0.0080,    0.0078,    0.0079,    0.0069,    0.0025,    0.0216,    0.0000,    0.0562,    0.1005,    0.1137,    0.1039,    0.1167,    0.1285,    0.1143,    0.1575,    0.1392,    0.1533,    0.1683,    0.1366,    0.1973,    0.2154,    0.1760,    0.1139,    0.0137,    0.0305,    0.1483,    0.1778,    0.2860,    0.3002,    0.3716,    0.3974,    0.4114,    0.4371,    0.4313,    0.4414,    0.4112,    0.3739,    0.3296,    0.3936,    0.5464,    0.5543,    0.9646,    1.0538,    1.1033,    1.1196,    1.0996,    1.2195,    1.1712,    1.2639,    1.1620,    1.3140,    1.2426,    1.3224,    2.8642,    2.7951,    2.9021,    2.9083,    2.9273,    2.8222,    2.9215,    2.9960,    3.0569,    2.8409,    2.8014,    2.9091,    7.3533,    6.9522,    6.8739,    6.6659,    6.1575,    5.7750,    5.0697,    4.6641,    4.4831,    3.9294,    3.0186,    2.8037,    2.1617,    1.7641,    1.3459,    1.2854,    0.8673,    0.6300,    0.5095,    0.2047,    0.1807,    0.1284,    0.0446,    0.0363
    2,    0.5000,  227.5722,    0.3141,  130.4155,  101.7809,  -28.1474,  -10.6273,  158.4330,  163.5827,  163.6723,  163.8293,  164.1029,  164.5732,  165.3648,  166.6602,  168.4872,  170.9519,  174.2721,  178.5564,  183.8814,  190.3071,  197.9049,  205.8548,  212.8059,  218.1105,  222.1140,  224.8330,  226.3589,  227.0949,  227.3721,  227.5098,  227.5598,    0.0700,    0.2652,    0.5607,    0.9274,    1.3402,    1.7776,    2.2212,    2.6508,    3.0607,    3.4630,    3.8473,    4.1644,    3.7921,    3.9516,    4.0257,    4.0113,    3.9621,    3.9104,    3.8775,    3.8701,    3.8880,    3.9349,    3.9890,    3.9877,    1.3877,    1.3838,    1.3712,    1.3329,    1.2915,    1.2393,    1.0955,    1.0820,    1.0257,    0.8756,    0.8606,    0.6779,    0.4277,    0.3608,    0.2971,    0.2857,    0.2659,    0.2236,    0.2584,    0.2613,    0.2790,    0.3160,    0.3789,    0.4487,    0.5676,    0.6248,    0.5216,    0.6685,    0.6583,    0.6485,    0.6542,    0.7143,    0.7176,    0.7286,    0.7294,    0.7222,    1.9269,    1.8434,    1.7790,    1.7096,    1.6346,    1.5586,    1.4529,    1.3823,    1.2334,    1.1692,    0.9971,    0.9453,    1.2484,    1.0585,    0.9597,    0.8760,    0.8972,    0.8203,    0.9028,    0.8186,    0.8528,    0.7703,    0.6941,    0.6249,    1.5423,    1.1432,    0.8241,    0.5816,    0.4088,    0.2831,    0.1972,    0.1325,    0.0892,    0.0591,    0.0390,    0.0283,    0.0882,    0.0480,    0.0725,    0.0789,    0.0884,    0.0824,    0.0900,    0.1004,    0.0881,    0.1212,    0.1072,    0.1176,    0.1299,    0.1059,    0.1541,    0.1715,    0.1420,    0.1728,    0.2018,    0.2173,    0.2137,    0.1387,    0.2210,    0.2335,    0.2866,    0.3063,    0.3170,    0.3371,    0.3353,    0.3523,    0.3602,    0.4142,    0.4533,    0.4276,    0.4335,    0.4419,    0.7394,    0.8075,    0.8474,    0.8777,    0.9014,    0.9740,    0.9113,    0.9945,    0.9742,    1.0159,    0.9639,    1.0340,    2.2258,    2.1976,    2.2437,    2.2431,    2.2668,    2.1761,    2.2523,    2.3098,    2.3567,    2.1915,    2.1598,    2.2428,    5.6695,    5.3731,    5.3126,    5.1519,    4.7590,    4.4635,    3.9185,    3.6051,    3.4653,    3.0375,    2.3335,    2.1675,    1.6713,    1.3345,    1.0183,    0.9727,    0.6565,    0.4769,    0.3858,    0.1551,    0.1369,    0.0974,    0.0338,    0.0276,    0.0051,    0.0194,    0.0406,    0.0667,    0.0957,    0.1259,    0.1561,    0.2158,    0.2669,    0.1982,    0.0380,    0.0024,    0.0070,    0.0146,    0.2436,    0.6699,    1.0733,    1.3558,    1.4823,    1.4600,    1.3096,    1.0365,    0.7130,    0.5239,    0.1528,    0.1392,    0.1522,    0.2457,    0.3506,    0.4679,    0.8013,    0.8199,    0.9080,    1.0667,    1.1164,    1.2543,    0.9696,    0.9641,    0.9572,    0.9473,    0.9378,    0.9287,    0.9178,    0.9074,    0.8966,    0.8844,    0.8683,    0.8425,    0.8054,    0.6841,    0.7460,    0.5166,    0.5201,    0.5147,    0.4532,    0.2883,    0.2391,    0.1674,    0.1285,    0.1145,    0.3052,    0.2881,    0.2312,    0.1943,    0.1773,    0.1576,    0.1836,    0.1777,    0.2808,    0.2729,    0.4203,    0.3948,    0.7906,    0.8252,    0.7607,    0.6927,    0.4987,    0.4342,    0.1952,    0.1762,    0.0269,    0.0273,    0.0329,    0.0316,    0.0649,    0.0176,    0.0052,    0.0084,    0.0078,    0.0089,    0.0062,    0.0091,    0.0087,    0.0084,    0.0073,    0.0029,    0.0213,    0.0000,    0.0554,    0.0990,    0.1119,    0.1023,    0.1149,    0.1262,    0.1123,    0.1547,    0.1367,    0.1508,    0.1655,    0.1344,    0.1941,    0.2119,    0.1733,    0.1122,    0.0135,    0.0301,    0.1461,    0.1751,    0.2813,    0.2954,    0.3656,    0.3910,    0.4047,    0.4300,    0.4209,    0.4307,    0.4012,    0.3649,    0.3216,    0.3841,    0.5331,    0.5409,    0.9400,    1.0269,    1.0752,    1.0910,    1.0716,    1.1884,    1.1414,    1.2355,    1.1358,    1.2844,    1.2146,    1.2926,    2.7997,    2.7322,    2.8368,    2.8351,    2.8536,    2.7511,    2.8479,    2.9206,    2.9799,    2.7694,    2.7309,    2.8358,    7.1681,    6.7645,    6.6884,    6.4861,    5.9914,    5.6193,    4.9332,    4.5386,    4.3626,    3.8239,    2.9376,    2.7286,    2.1039,    1.6783,    1.2805,    1.2232,    0.8255,    0.5997,    0.4851,    0.1950,    0.1721,    0.1224,    0.0425,    0.0346
    2,    0.7500,  227.5722,    0.3504,  126.8920,   96.4019,  -30.0027,   -9.5929,  158.4330,  163.5827,  163.6723,  163.8293,  164.1029,  164.5732,  165.3648,  166.6602,  168.4872,  170.9519,  174.2721,  178.5564,  183.8814,  190.3071,  197.9049,  205.8548,  212.8059,  218.1105,  222.1140,  224.8330,  226.3589,  227.0949,  227.3721,  227.5098,  227.5598,    0.0697,    0.2641,    0.5582,    0.9231,    1.3335,    1.7682,    2.2088,    2.6327,    3.0373,    3.4445,    3.8435,    4.1632,    3.7886,    3.9443,    3.9887,    3.9227,    3.8257,    3.7398,    3.6881,    3.6767,    3.7049,    3.7800,    3.8783,    3.9174,    1.3663,    1.3683,    1.3603,    1.3225,    1.2842,    1.2325,    1.0913,    1.0780,    1.0221,    0.8728,    0.8581,    0.6767,    0.4272,    0.3606,    0.2970,    0.2856,    0.2658,    0.2236,    0.2583,    0.2612,    0.2788,    0.3156,    0.3782,    0.4470,    0.5643,    0.6201,    0.5173,    0.6606,    0.6505,    0.6385,    0.6435,    0.7010,    0.7005,    0.7105,    0.7108,    0.7036,    1.8696,    1.7858,    1.7224,    1.6566,    1.5833,    1.5090,    1.3928,    1.3248,    1.1520,    1.0917,    0.8968,    0.8493,    1.0814,    0.8959,    0.8101,    0.7391,    0.7803,    0.7112,    0.8377,    0.7589,    0.8409,    0.7595,    0.6874,    0.6188,    1.5221,    1.1430,    0.8216,    0.5774,    0.4050,    0.2787,    0.1942,    0.1298,    0.0871,    0.0577,    0.0378,    0.0274,    0.0871,    0.0479,    0.0710,    0.0760,    0.0852,    0.0794,    0.0867,    0.0964,    0.0846,    0.1164,    0.1030,    0.1130,    0.1248,    0.1018,    0.1481,    0.1648,    0.1370,    0.1682,    0.1996,    0.2144,    0.2087,    0.1337,    0.2130,    0.2250,    0.2761,    0.2951,    0.3054,    0.3248,    0.3192,    0.3357,    0.3439,    0.3970,    0.4361,    0.4098,    0.4129,    0.4210,    0.6988,    0.7631,    0.8009,    0.8300,    0.8535,    0.9216,    0.8616,    0.9496,    0.9314,    0.9696,    0.9200,    0.9872,    2.1246,    2.0983,    2.1414,    2.1281,    2.1509,    2.0645,    2.1369,    2.1914,    2.2359,    2.0793,    2.0491,    2.1278,    5.3790,    5.0871,    5.0299,    4.8779,    4.5061,    4.2264,    3.7105,    3.4139,    3.2817,    2.8768,    2.2102,    2.0532,    1.5833,    1.2056,    0.9202,    0.8792,    0.5936,    0.4314,    0.3491,    0.1404,    0.1240,    0.0883,    0.0307,    0.0250,    0.0076,    0.0285,    0.0598,    0.0982,    0.1408,    0.1853,    0.2297,    0.3165,    0.3908,    0.2926,    0.0569,    0.0036,    0.0105,    0.0219,    0.3592,    0.9588,    1.4918,    1.8446,    1.9969,    1.9696,    1.7862,    1.4416,    1.0047,    0.7071,    0.2078,    0.1789,    0.1797,    0.2706,    0.3669,    0.4819,    0.8081,    0.8258,    0.9126,    1.0694,    1.1183,    1.2544,    0.9696,    0.9641,    0.9572,    0.9473,    0.9378,    0.9287,    0.9178,    0.9074,    0.8966,    0.8844,    0.8683,    0.8426,    0.8068,    0.6877,    0.7491,    0.5256,    0.5286,    0.5259,    0.4665,    0.3076,    0.2654,    0.1968,    0.1593,    0.1453,    0.4005,    0.3819,    0.3231,    0.2766,    0.2560,    0.2277,    0.2634,    0.2533,    0.3892,    0.3750,    0.5542,    0.5218,    1.0077,    1.0306,    0.9454,    0.8581,    0.6418,    0.5675,    0.2735,    0.2469,    0.0398,    0.0389,    0.0409,    0.0388,    0.0880,    0.0178,    0.0077,    0.0126,    0.0116,    0.0131,    0.0091,    0.0118,    0.0109,    0.0099,    0.0085,    0.0037,    0.0206,    0.0000,    0.0534,    0.0953,    0.1078,    0.0986,    0.1106,    0.1209,    0.1076,    0.1482,    0.1310,    0.1448,    0.1590,    0.1291,    0.1864,    0.2035,    0.1670,    0.1081,    0.0130,    0.0290,    0.1407,    0.1687,    0.2705,    0.2839,    0.3515,    0.3759,    0.3891,    0.4134,    0.3970,    0.4063,    0.3784,    0.3441,    0.3034,    0.3622,    0.5029,    0.5102,    0.8845,    0.9663,    1.0117,    1.0266,    1.0082,    1.1182,    1.0740,    1.1704,    1.0760,    1.2168,    1.1506,    1.2245,    2.6522,    2.5882,    2.6873,    2.6693,    2.6868,    2.5902,    2.6814,    2.7499,    2.8057,    2.6075,    2.5713,    2.6701,    6.7493,    6.3405,    6.2692,    6.0797,    5.6162,    5.2676,    4.6246,    4.2548,    4.0901,    3.5853,    2.7545,    2.5588,    1.9732,    1.4985,    1.1436,    1.0927,    0.7377,    0.5361,    0.4338,    0.1744,    0.1541,    0.1096,    0.0381,    0.0311
    2,    1.0000,  227.5722,    0.3815,  123.8612,   91.7819,  -31.5918,   -8.8486,  158.4330,  163.5827,  163.6723,  163.8293,  164.1029,  164.5732,  165.3648,  166.6602,  168.4872,  170.9519,  174.2721,  178.5564,  183.8814,  190.3071,  197.9049,  205.8548,  212.8059,  218.1105,  222.1140,  224.8330,  226.3589,  227.0949,  227.3721,  227.5098,  227.5598,    0.0694,    0.2631,    0.5558,    0.9188,    1.3270,    1.7591,    2.1967,    2.6151,    3.0145,    3.4263,    3.8397,    4.1620,    3.7851,    3.9371,    3.9529,    3.8404,    3.7041,    3.5917,    3.5259,    3.5107,    3.5454,    3.6410,    3.7753,    3.8502,    1.3457,    1.3532,    1.3496,    1.3123,    1.2770,    1.2259,    1.0870,    1.0739,    1.0185,    0.8701,    0.8557,    0.6754,    0.4268,    0.3603,    0.2968,    0.2855,    0.2658,    0.2236,    0.2582,    0.2611,    0.2786,    0.3153,    0.3775,    0.4453,    0.5610,    0.6155,    0.5132,    0.6530,    0.6431,    0.6288,    0.6332,    0.6883,    0.6843,    0.6933,    0.6933,    0.6860,    1.8160,    1.7320,    1.6695,    1.6070,    1.5354,    1.4628,    1.3379,    1.2723,    1.0816,    1.0246,    0.8164,    0.7723,    0.9567,    0.7797,    0.7032,    0.6409,    0.6905,    0.6275,    0.7810,    0.7070,    0.8293,    0.7490,    0.6808,    0.6128,    1.5022,    1.1427,    0.8191,    0.5733,    0.4013,    0.2745,    0.1912,    0.1273,    0.0850,    0.0563,    0.0367,    0.0266,    0.0860,    0.0478,    0.0696,    0.0734,    0.0822,    0.0767,    0.0836,    0.0928,    0.0814,    0.1120,    0.0991,    0.1088,    0.1202,    0.0980,    0.1426,    0.1588,    0.1324,    0.1639,    0.1976,    0.2117,    0.2040,    0.1291,    0.2056,    0.2173,    0.2666,    0.2849,    0.2949,    0.3136,    0.3052,    0.3212,    0.3296,    0.3820,    0.4210,    0.3941,    0.3949,    0.4028,    0.6635,    0.7246,    0.7605,    0.7887,    0.8119,    0.8760,    0.8186,    0.9102,    0.8938,    0.9289,    0.8815,    0.9461,    2.0358,    2.0112,    2.0517,    2.0287,    2.0506,    1.9680,    2.0370,    2.0890,    2.1314,    1.9821,    1.9533,    2.0284,    5.1277,    4.8410,    4.7867,    4.6421,    4.2884,    4.0223,    3.5315,    3.2493,    3.1237,    2.7383,    2.1040,    1.9547,    1.5075,    1.1043,    0.8430,    0.8057,    0.5441,    0.3955,    0.3202,    0.1288,    0.1138,    0.0811,    0.0282,    0.0230,    0.0099,    0.0372,    0.0782,    0.1284,    0.1842,    0.2424,    0.3005,    0.4128,    0.5089,    0.3841,    0.0756,    0.0049,    0.0140,    0.0291,    0.4709,    1.2209,    1.8477,    2.2406,    2.4043,    2.3744,    2.1749,    1.7878,    1.2682,    0.8794,    0.2602,    0.2171,    0.2064,    0.2949,    0.3829,    0.4957,    0.8148,    0.8316,    0.9172,    1.0720,    1.1201,    1.2545,    0.9696,    0.9641,    0.9572,    0.9473,    0.9378,    0.9287,    0.9178,    0.9074,    0.8966,    0.8844,    0.8683,    0.8428,    0.8082,    0.6913,    0.7521,    0.5343,    0.5369,    0.5365,    0.4791,    0.3259,    0.2901,    0.2244,    0.1882,    0.1743,    0.4893,    0.4691,    0.4086,    0.3535,    0.3295,    0.2933,    0.3369,    0.3229,    0.4838,    0.4640,    0.6608,    0.6231,    1.1644,    1.1697,    1.0709,    0.9715,    0.7494,    0.6678,    0.3419,    0.3086,    0.0524,    0.0502,    0.0487,    0.0458,    0.1107,    0.0181,    0.0103,    0.0167,    0.0154,    0.0173,    0.0120,    0.0143,    0.0129,    0.0112,    0.0096,    0.0046,    0.0198,    0.0000,    0.0516,    0.0920,    0.1040,    0.0951,    0.1067,    0.1160,    0.1033,    0.1423,    0.1257,    0.1394,    0.1530,    0.1243,    0.1794,    0.1959,    0.1613,    0.1044,    0.0126,    0.0281,    0.1359,    0.1629,    0.2605,    0.2735,    0.3386,    0.3621,    0.3748,    0.3982,    0.3759,    0.3847,    0.3583,    0.3257,    0.2872,    0.3429,    0.4761,    0.4831,    0.8361,    0.9133,    0.9563,    0.9703,    0.9529,    1.0569,    1.0151,    1.1126,    1.0228,    1.1567,    1.0938,    1.1641,    2.5212,    2.4604,    2.5546,    2.5242,    2.5407,    2.4495,    2.5357,    2.6004,    2.6532,    2.4658,    2.4316,    2.5250,    6.3826,    5.9699,    5.9029,    5.7246,    5.2883,    4.9601,    4.3548,    4.0068,    3.8518,    3.3766,    2.5944,    2.4101,    1.8588,    1.3548,    1.0342,    0.9883,    0.6674,    0.4851,    0.3927,    0.1580,    0.1396,    0.0994,    0.0346,    0.0282
    2,    1.2500,  227.5722,    0.4086,  121.2040,   87.7597,  -32.9565,   -8.3229,  158.4330,  163.5827,  163.6723,  163.8293,  164.1029,  164.5732,  165.3648,  166.6602,  168.4872,  170.9519,  174.2721,  178.5564,  183.8814,  190.3071,  197.9049,  205.8548,  212.8059,  218.1105,  222.1140,  224.8330,  226.3589,  227.0949,  227.3721,  227.5098,  227.5598,    0.0692,    0.2620,    0.5535,    0.9147,    1.3207,    1.7502,    2.1849,    2.5981,    2.9924,    3.4086,    3.8360,    4.1608,    3.7816,    3.9299,    3.9182,    3.7640,    3.5949,    3.4623,    3.3859,    3.3672,    3.4055,    3.5158,    3.6793,    3.7857,    1.3258,    1.3384,    1.3391,    1.3023,    1.2699,    1.2193,    1.0829,    1.0699,    1.0149,    0.8674,    0.8532,    0.6742,    0.4263,    0.3601,    0.2967,    0.2854,    0.2657,    0.2235,    0.2582,    0.2610,    0.2785,    0.3150,    0.3767,    0.4437,    0.5577,    0.6110,    0.5091,    0.6455,    0.6358,    0.6195,    0.6234,    0.6761,    0.6689,    0.6771,    0.6767,    0.6695,    1.7656,    1.6817,    1.6200,    1.5606,    1.4906,    1.4196,    1.2877,    1.2242,    1.0202,    0.9660,    0.7506,    0.7092,    0.8605,    0.6933,    0.6238,    0.5677,    0.6198,    0.5616,    0.7312,    0.6614,    0.8180,    0.7388,    0.6742,    0.6068,    1.4827,    1.1424,    0.8165,    0.5692,    0.3976,    0.2703,    0.1883,    0.1248,    0.0830,    0.0550,    0.0356,    0.0258,    0.0850,    0.0477,    0.0683,    0.0709,    0.0794,    0.0742,    0.0808,    0.0895,    0.0785,    0.1080,    0.0956,    0.1049,    0.1159,    0.0945,    0.1376,    0.1532,    0.1281,    0.1599,    0.1956,    0.2091,    0.1997,    0.1249,    0.1989,    0.2102,    0.2579,    0.2756,    0.2853,    0.3034,    0.2929,    0.3084,    0.3170,    0.3686,    0.4074,    0.3802,    0.3791,    0.3867,    0.6326,    0.6908,    0.7251,    0.7524,    0.7754,    0.8361,    0.7808,    0.8753,    0.8605,    0.8929,    0.8474,    0.9096,    1.9571,    1.9340,    1.9722,    1.9416,    1.9628,    1.8836,    1.9496,    1.9993,    2.0399,    1.8971,    1.8695,    1.9414,    4.9078,    4.6267,    4.5749,    4.4368,    4.0988,    3.8446,    3.3755,    3.1059,    2.9860,    2.6178,    2.0115,    1.8688,    1.4415,    1.0223,    0.7805,    0.7461,    0.5039,    0.3664,    0.2967,    0.1194,    0.1056,    0.0752,    0.0262,    0.0214,    0.0121,    0.0456,    0.0959,    0.1574,    0.2259,    0.2973,    0.3686,    0.5049,    0.6213,    0.4727,    0.0943,    0.0061,    0.0175,    0.0363,    0.5788,    1.4588,    2.1511,    2.5625,    2.7280,    2.6972,    2.4929,    2.0842,    1.5063,    1.0417,    0.3099,    0.2540,    0.2325,    0.3186,    0.3986,    0.5093,    0.8214,    0.8374,    0.9217,    1.0747,    1.1218,    1.2547,    0.9696,    0.9641,    0.9572,    0.9473,    0.9378,    0.9287,    0.9178,    0.9074,    0.8966,    0.8844,    0.8684,    0.8430,    0.8095,    0.6948,    0.7550,    0.5426,    0.5448,    0.5467,    0.4912,    0.3434,    0.3135,    0.2504,    0.2154,    0.2016,    0.5722,    0.5503,    0.4883,    0.4255,    0.3983,    0.3550,    0.4048,    0.3870,    0.5667,    0.5420,    0.7468,    0.7049,    1.2800,    1.2671,    1.1590,    1.0517,    0.8318,    0.7448,    0.4018,    0.3627,    0.0647,    0.0612,    0.0564,    0.0527,    0.1330,    0.0183,    0.0128,    0.0207,    0.0191,    0.0213,    0.0148,    0.0168,    0.0149,    0.0125,    0.0106,    0.0053,    0.0192,    0.0000,    0.0498,    0.0888,    0.1005,    0.0919,    0.1031,    0.1116,    0.0993,    0.1368,    0.1209,    0.1344,    0.1476,    0.1198,    0.1730,    0.1889,    0.1559,    0.1009,    0.0122,    0.0271,    0.1314,    0.1575,    0.2514,    0.2639,    0.3267,    0.3494,    0.3617,    0.3843,    0.3570,    0.3654,    0.3402,    0.3092,    0.2726,    0.3255,    0.4522,    0.4588,    0.7933,    0.8666,    0.9073,    0.9206,    0.9040,    1.0027,    0.9631,    1.0607,    0.9751,    1.1028,    1.0428,    1.1098,    2.4038,    2.3457,    2.4356,    2.3956,    2.4113,    2.3247,    2.4065,    2.4679,    2.5181,    2.3402,    2.3077,    2.3964,    6.0576,    5.6421,    5.5788,    5.4104,    4.9982,    4.6881,    4.1161,    3.7873,    3.6409,    3.1919,    2.4526,    2.2786,    1.7574,    1.2363,    0.9438,    0.9022,    0.6093,    0.4430,    0.3587,    0.1443,    0.1276,    0.0908,    0.0316,    0.0258
    2,    1.5000,  227.5722,    0.4325,  118.8406,   84.2182,  -34.1345,   -7.9654,  158.4330,  163.5827,  163.6723,  163.8293,  164.1029,  164.5732,  165.3648,  166.6602,  168.4872,  170.9519,  174.2721,  178.5564,  183.8814,  190.3071,  197.9049,  205.8548,  212.8059,  218.1105,  222.1140,  224.8330,  226.3589,  227.0949,  227.3721,  227.5098,  227.5598,    0.0689,    0.2610,    0.5512,    0.9107,    1.3145,    1.7415,    2.1734,    2.5815,    2.9710,    3.3911,    3.8322,    4.1596,    3.7781,    3.9227,    3.8847,    3.6927,    3.4966,    3.3485,    3.2641,    3.2422,    3.2822,    3.4027,    3.5897,    3.7239,    1.3067,    1.3241,    1.3287,    1.2924,    1.2629,    1.2128,    1.0787,    1.0660,    1.0114,    0.8647,    0.8508,    0.6729,    0.4259,    0.3598,    0.2966,    0.2853,    0.2656,    0.2235,    0.2581,    0.2609,    0.2783,    0.3146,    0.3760,    0.4420,    0.5545,    0.6066,    0.5051,    0.6383,    0.6287,    0.6106,    0.6139,    0.6645,    0.6543,    0.6617,    0.6610,    0.6538,    1.7183,    1.6345,    1.5736,    1.5170,    1.4484,    1.3792,    1.2415,    1.1800,    0.9662,    0.9145,    0.6958,    0.6568,    0.7844,    0.6270,    0.5629,    0.5114,    0.5629,    0.5088,    0.6872,    0.6210,    0.8070,    0.7288,    0.6678,    0.6010,    1.4637,    1.1422,    0.8140,    0.5651,    0.3940,    0.2663,    0.1855,    0.1224,    0.0811,    0.0538,    0.0346,    0.0251,    0.0841,    0.0476,    0.0670,    0.0686,    0.0769,    0.0718,    0.0782,    0.0865,    0.0758,    0.1044,    0.0923,    0.1013,    0.1120,    0.0913,    0.1330,    0.1481,    0.1242,    0.1562,    0.1936,    0.2066,    0.1956,    0.1210,    0.1928,    0.2037,    0.2499,    0.2671,    0.2764,    0.2939,    0.2820,    0.2970,    0.3058,    0.3566,    0.3951,    0.3677,    0.3650,    0.3725,    0.6052,    0.6609,    0.6938,    0.7202,    0.7429,    0.8006,    0.7472,    0.8441,    0.8306,    0.8608,    0.8169,    0.8771,    1.8869,    1.8650,    1.9011,    1.8646,    1.8852,    1.8088,    1.8722,    1.9200,    1.9590,    1.8219,    1.7953,    1.8644,    4.7131,    4.4383,    4.3886,    4.2562,    3.9320,    3.6882,    3.2383,    2.9798,    2.8648,    2.5116,    1.9300,    1.7932,    1.3833,    0.9542,    0.7286,    0.6966,    0.4706,    0.3422,    0.2772,    0.1116,    0.0987,    0.0703,    0.0245,    0.0200,    0.0143,    0.0537,    0.1129,    0.1854,    0.2660,    0.3501,    0.4341,    0.5928,    0.7284,    0.5586,    0.1128,    0.0073,    0.0210,    0.0435,    0.6830,    1.6750,    2.4100,    2.8249,    2.9865,    2.9558,    2.7540,    2.3384,    1.7218,    1.1944,    0.3571,    0.2895,    0.2579,    0.3417,    0.4140,    0.5225,    0.8279,    0.8431,    0.9261,    1.0773,    1.1236,    1.2548,    0.9696,    0.9641,    0.9572,    0.9473,    0.9378,    0.9287,    0.9178,    0.9074,    0.8966,    0.8844,    0.8684,    0.8431,    0.8108,    0.6982,    0.7578,    0.5508,    0.5525,    0.5564,    0.5028,    0.3601,    0.3355,    0.2750,    0.2411,    0.2274,    0.6496,    0.6260,    0.5625,    0.4929,    0.4628,    0.4129,    0.4675,    0.4464,    0.6398,    0.6108,    0.8169,    0.7715,    1.3671,    1.3373,    1.2226,    1.1100,    0.8959,    0.8047,    0.4547,    0.4105,    0.0767,    0.0720,    0.0640,    0.0594,    0.1547,    0.0186,    0.0153,    0.0247,    0.0227,    0.0252,    0.0175,    0.0192,    0.0168,    0.0137,    0.0115,    0.0061,    0.0185,    0.0000,    0.0482,    0.0860,    0.0972,    0.0889,    0.0998,    0.1075,    0.0957,    0.1318,    0.1165,    0.1299,    0.1425,    0.1157,    0.1671,    0.1825,    0.1510,    0.0977,    0.0118,    0.0263,    0.1272,    0.1525,    0.2430,    0.2551,    0.3158,    0.3377,    0.3496,    0.3714,    0.3400,    0.3479,    0.3239,    0.2943,    0.2595,    0.3098,    0.4307,    0.4369,    0.7550,    0.8248,    0.8636,    0.8762,    0.8603,    0.9543,    0.9167,    1.0138,    0.9319,    1.0541,    0.9968,    1.0608,    2.2975,    2.2420,    2.3280,    2.2804,    2.2953,    2.2129,    2.2908,    2.3492,    2.3970,    2.2276,    2.1967,    2.2812,    5.7663,    5.3492,    5.2892,    5.1296,    4.7388,    4.4450,    3.9027,    3.5911,    3.4524,    3.0267,    2.3258,    2.1609,    1.6668,    1.1362,    0.8675,    0.8293,    0.5602,    0.4074,    0.3299,    0.1328,    0.1174,    0.0836,    0.0291,    0.0238
    2,    1.7500,  227.5722,    0.4537,  116.7148,   81.0700,  -35.1566,   -7.7388,  158.4330,  163.5827,  163.6723,  163.8293,  164.1029,  164.5732,  165.3648,  166.6602,  168.4872,  170.9519,  174.2721,  178.5564,  183.8814,  190.3071,  197.9049,  205.8548,  212.8059,  218.1105,  222.1140,  224.8330,  226.3589,  227.0949,  227.3721,  227.5098,  227.5598,    0.0687,    0.2600,    0.5490,    0.9068,    1.3085,    1.7330,    2.1622,    2.5654,    2.9503,    3.3740,    3.8284,    4.1584,    3.7746,    3.9155,    3.8522,    3.6261,    3.4076,    3.2478,    3.1574,    3.1327,    3.1730,    3.3003,    3.5059,    3.6646,    1.2882,    1.3101,    1.3186,    1.2827,    1.2560,    1.2064,    1.0747,    1.0621,    1.0079,    0.8620,    0.8483,    0.6717,    0.4254,    0.3596,    0.2965,    0.2852,    0.2655,    0.2235,    0.2580,    0.2608,    0.2781,    0.3143,    0.3753,    0.4404,    0.5513,    0.6023,    0.5012,    0.6313,    0.6219,    0.6020,    0.6048,    0.6533,    0.6405,    0.6472,    0.6461,    0.6389,    1.6738,    1.5902,    1.5300,    1.4761,    1.4088,    1.3412,    1.1990,    1.1393,    0.9184,    0.8688,    0.6496,    0.6126,    0.7229,    0.5748,    0.5150,    0.4671,    0.5164,    0.4656,    0.6480,    0.5852,    0.7963,    0.7191,    0.6615,    0.5952,    1.4449,    1.1419,    0.8116,    0.5612,    0.3905,    0.2624,    0.1827,    0.1201,    0.0793,    0.0526,    0.0337,    0.0244,    0.0832,    0.0475,    0.0659,    0.0665,    0.0745,    0.0696,    0.0758,    0.0837,    0.0734,    0.1010,    0.0893,    0.0980,    0.1083,    0.0883,    0.1287,    0.1434,    0.1205,    0.1527,    0.1918,    0.2042,    0.1918,    0.1174,    0.1871,    0.1978,    0.2425,    0.2592,    0.2682,    0.2853,    0.2721,    0.2869,    0.2957,    0.3458,    0.3841,    0.3564,    0.3524,    0.3597,    0.5807,    0.6341,    0.6657,    0.6914,    0.7139,    0.7689,    0.7172,    0.8160,    0.8037,    0.8318,    0.7895,    0.8478,    1.8236,    1.8029,    1.8372,    1.7958,    1.8158,    1.7421,    1.8031,    1.8492,    1.8867,    1.7547,    1.7291,    1.7956,    4.5393,    4.2710,    4.2232,    4.0959,    3.7840,    3.5494,    3.1165,    2.8678,    2.7572,    2.4174,    1.8577,    1.7261,    1.3316,    0.8969,    0.6849,    0.6549,    0.4424,    0.3218,    0.2607,    0.1050,    0.0928,    0.0662,    0.0230,    0.0188,    0.0163,    0.0615,    0.1292,    0.2122,    0.3045,    0.4009,    0.4972,    0.6769,    0.8304,    0.6418,    0.1313,    0.0085,    0.0245,    0.0507,    0.7838,    1.8714,    2.6314,    3.0395,    3.1937,    3.1639,    2.9690,    2.5568,    1.9168,    1.3383,    0.4020,    0.3238,    0.2827,    0.3641,    0.4291,    0.5356,    0.8343,    0.8487,    0.9305,    1.0798,    1.1253,    1.2549,    0.9696,    0.9641,    0.9572,    0.9473,    0.9378,    0.9287,    0.9178,    0.9074,    0.8966,    0.8844,    0.8684,    0.8433,    0.8121,    0.7016,    0.7605,    0.5586,    0.5599,    0.5657,    0.5138,    0.3761,    0.3562,    0.2981,    0.2653,    0.2516,    0.7219,    0.6967,    0.6318,    0.5561,    0.5233,    0.4673,    0.5256,    0.5014,    0.7044,    0.6716,    0.8745,    0.8263,    1.4339,    1.3892,    1.2698,    1.1536,    0.9466,    0.8521,    0.5015,    0.4528,    0.0884,    0.0825,    0.0715,    0.0661,    0.1761,    0.0188,    0.0178,    0.0286,    0.0262,    0.0290,    0.0201,    0.0214,    0.0186,    0.0148,    0.0125,    0.0067,    0.0179,    0.0000,    0.0466,    0.0833,    0.0942,    0.0861,    0.0967,    0.1037,    0.0923,    0.1271,    0.1124,    0.1256,    0.1379,    0.1120,    0.1617,    0.1765,    0.1464,    0.0947,    0.0115,    0.0255,    0.1233,    0.1479,    0.2352,    0.2469,    0.3057,    0.3269,    0.3384,    0.3595,    0.3245,    0.3321,    0.3091,    0.2807,    0.2474,    0.2955,    0.4111,    0.4170,    0.7206,    0.7872,    0.8242,    0.8362,    0.8209,    0.9107,    0.8749,    0.9711,    0.8925,    1.0097,    0.9548,    1.0161,    2.2008,    2.1475,    2.2300,    2.1762,    2.1903,    2.1117,    2.1861,    2.2419,    2.2874,    2.1259,    2.0964,    2.1770,    5.5029,    5.0849,    5.0280,    4.8764,    4.5049,    4.2257,    3.7102,    3.4140,    3.2823,    2.8777,    2.2113,    2.0546,    1.5849,    1.0502,    0.8019,    0.7667,    0.5179,    0.3767,    0.3051,    0.1228,    0.1086,    0.0774,    0.0269,    0.0220
    2,    2.0000,  227.5722,    0.4727,  114.7853,   78.2492,  -36.0479,   -7.6146,  158.4330,  163.5827,  163.6723,  163.8293,  164.1029,  164.5732,  165.3648,  166.6602,  168.4872,  170.9519,  174.2721,  178.5564,  183.8814,  190.3071,  197.9049,  205.8548,  212.8059,  218.1105,  222.1140,  224.8330,  226.3589,  227.0949,  227.3721,  227.5098,  227.5598,    0.0685,    0.2591,    0.5468,    0.9030,    1.3027,    1.7248,    2.1513,    2.5498,    2.9301,    3.3573,    3.8247,    4.1571,    3.7711,    3.9084,    3.8207,    3.5638,    3.3269,    3.1581,    3.0634,    3.0361,    3.0757,    3.2071,    3.4275,    3.6078,    1.2703,    1.2965,    1.3086,    1.2732,    1.2492,    1.2001,    1.0706,    1.0582,    1.0044,    0.8594,    0.8459,    0.6705,    0.4249,    0.3594,    0.2964,    0.2851,    0.2655,    0.2234,    0.2579,    0.2607,    0.2780,    0.3140,    0.3746,    0.4388,    0.5482,    0.5980,    0.4974,    0.6245,    0.6152,    0.5936,    0.5960,    0.6426,    0.6273,    0.6333,    0.6319,    0.6247,    1.6318,    1.5486,    1.4891,    1.4375,    1.3716,    1.3055,    1.1596,    1.1016,    0.8758,    0.8281,    0.6101,    0.5748,    0.6724,    0.5328,    0.4765,    0.4314,    0.4778,    0.4299,    0.6131,    0.5531,    0.7858,    0.7097,    0.6553,    0.5896,    1.4266,    1.1417,    0.8091,    0.5572,    0.3870,    0.2586,    0.1801,    0.1179,    0.0775,    0.0514,    0.0328,    0.0237,    0.0823,    0.0474,    0.0648,    0.0646,    0.0723,    0.0676,    0.0735,    0.0812,    0.0711,    0.0978,    0.0866,    0.0950,    0.1050,    0.0856,    0.1247,    0.1390,    0.1171,    0.1495,    0.1900,    0.2019,    0.1883,    0.1140,    0.1818,    0.1922,    0.2357,    0.2519,    0.2607,    0.2772,    0.2633,    0.2777,    0.2866,    0.3360,    0.3740,    0.3462,    0.3411,    0.3482,    0.5586,    0.6100,    0.6404,    0.6654,    0.6877,    0.7402,    0.6902,    0.7905,    0.7793,    0.8056,    0.7647,    0.8213,    1.7663,    1.7466,    1.7793,    1.7339,    1.7534,    1.6821,    1.7410,    1.7854,    1.8217,    1.6942,    1.6695,    1.7337,    4.3829,    4.1215,    4.0754,    3.9526,    3.6516,    3.4253,    3.0076,    2.7677,    2.6610,    2.3331,    1.7930,    1.6661,    1.2853,    0.8478,    0.6475,    0.6192,    0.4184,    0.3044,    0.2466,    0.0993,    0.0878,    0.0626,    0.0218,    0.0178,    0.0183,    0.0690,    0.1449,    0.2381,    0.3416,    0.4498,    0.5578,    0.7573,    0.9276,    0.7224,    0.1496,    0.0097,    0.0279,    0.0578,    0.8812,    2.0500,    2.8210,    3.2158,    3.3607,    3.3322,    3.1467,    2.7448,    2.0934,    1.4738,    0.4446,    0.3568,    0.3068,    0.3860,    0.4439,    0.5484,    0.8406,    0.8542,    0.9348,    1.0823,    1.1270,    1.2550,    0.9696,    0.9641,    0.9572,    0.9473,    0.9378,    0.9287,    0.9178,    0.9074,    0.8966,    0.8844,    0.8684,    0.8434,    0.8133,    0.7048,    0.7632,    0.5662,    0.5671,    0.5746,    0.5244,    0.3913,    0.3758,    0.3199,    0.2881,    0.2745,    0.7895,    0.7626,    0.6965,    0.6154,    0.5800,    0.5186,    0.5795,    0.5524,    0.7618,    0.7257,    0.9222,    0.8717,    1.4859,    1.4286,    1.3058,    1.1869,    0.9871,    0.8901,    0.5432,    0.4905,    0.0998,    0.0927,    0.0789,    0.0727,    0.1970,    0.0191,    0.0203,    0.0325,    0.0297,    0.0327,    0.0227,    0.0236,    0.0203,    0.0160,    0.0133,    0.0074,    0.0174,    0.0000,    0.0452,    0.0808,    0.0914,    0.0835,    0.0938,    0.1002,    0.0892,    0.1228,    0.1086,    0.1217,    0.1336,    0.1085,    0.1566,    0.1710,    0.1422,    0.0919,    0.0111,    0.0247,    0.1197,    0.1436,    0.2280,    0.2393,    0.2963,    0.3168,    0.3280,    0.3485,    0.3104,    0.3176,    0.2956,    0.2682,    0.2364,    0.2824,    0.3932,    0.3989,    0.6894,    0.7531,    0.7884,    0.7998,    0.7851,    0.8710,    0.8369,    0.9319,    0.8563,    0.9689,    0.9162,    0.9751,    2.1119,    2.0608,    2.1400,    2.0812,    2.0947,    2.0195,    2.0907,    2.1440,    2.1876,    2.0331,    2.0049,    2.0820,    5.2627,    4.8447,    4.7905,    4.6461,    4.2922,    4.0262,    3.5352,    3.2530,    3.1276,    2.7421,    2.1072,    1.9580,    1.5104,    0.9751,    0.7446,    0.7120,    0.4810,    0.3499,    0.2834,    0.1141,    0.1009,    0.0719,    0.0250,    0.0205
