Particle       ,data/QEXT_96IR_84_VIS_SiO2_Rod_9um_1um
Ncase          ,  14
dt (sols)      ,  0.020833
Qext 0.67um    ,  4.569000
Alb sfc        ,  0.220000
Conrath nu     ,  0.002000
Sun Flux (W/m2),148.389262
BWN IR (cm-1)  ,     10.0000,     34.1670,     58.3330,     82.5000,    106.6670,    130.8330,    155.0000,    179.1670,    203.3330,    227.5000,    251.6670,    275.8330,    300.0000,    320.7880,    341.5750,    362.3630,    383.1500,    403.9380,    424.7250,    445.5130,    466.3010,    487.0880,    507.8760,    528.6630,    549.4510,    556.7420,    564.0330,    571.3240,    578.6150,    585.9060,    593.1970,    600.4880,    607.7790,    615.0700,    622.3610,    629.6520,    636.9430,    642.5500,    648.1570,    653.7640,    659.3700,    664.9770,    670.5840,    676.1910,    681.7980,    687.4050,    693.0110,    698.6180,    704.2250,    710.1390,    716.0530,    721.9670,    727.8810,    733.7950,    739.7090,    745.6240,    751.5380,    757.4520,    763.3660,    769.2800,    775.1940,    791.5010,    807.8070,    824.1140,    840.4210,    856.7270,    873.0340,    889.3410,    905.6470,    921.9540,    938.2610,    954.5670,    970.8740,    996.8050,   1022.7370,   1048.6680,   1074.6000,   1100.5310,   1126.4630,   1152.3940,   1178.3250,   1204.2570,   1230.1880,   1256.1200,   1282.0510,   1360.3990,   1438.7460,   1517.0940,   1595.4410,   1673.7890,   1752.1370,   1830.4840,   1908.8320,   1987.1790,   2065.5270,   2143.8740,   2222.2220
BWN VIS (cm-1) ,   2222.2200,   2294.3160,   2366.4120,   2438.5080,   2510.6030,   2582.6990,   2654.7950,   2726.8910,   2798.9870,   2871.0820,   2943.1780,   3015.2740,   3087.3700,   3165.9750,   3244.5800,   3323.1850,   3401.7900,   3480.3950,   3559.0000,   3637.6050,   3716.2100,   3794.8150,   3873.4200,   3952.0250,   4030.6300,   4142.2920,   4253.9530,   4365.6150,   4477.2770,   4588.9380,   4700.6000,   4812.2620,   4923.9230,   5035.5850,   5147.2470,   5258.9080,   5370.5700,   5560.6150,   5750.6600,   5940.7050,   6130.7500,   6320.7950,   6510.8400,   6700.8850,   6890.9300,   7080.9750,   7271.0200,   7461.0650,   7651.1100,   8055.1840,   8459.2580,   8863.3330,   9267.4070,   9671.4810,  10075.5550,  10479.6290,  10883.7030,  11287.7780,  11691.8520,  12095.9260,  12500.0000,  13541.6670,  14583.3330,  15625.0000,  16666.6670,  17708.3330,  18750.0000,  19791.6670,  20833.3330,  21875.0000,  22916.6670,  23958.3330,  25000.0000,  26388.8890,  27777.7780,  29166.6670,  30555.5570,  31944.4460,  33333.3350,  34722.2240,  36111.1130,  37500.0030,  38888.8920,  40277.7810,  41666.6700
SUN VIS (W/m2) ,      0.1008,      0.0862,      0.0968,      0.1089,      0.1224,      0.1136,      0.1248,      0.1400,      0.1233,      0.1698,      0.1502,      0.1645,      0.1814,      0.1477,      0.2144,      0.2377,      0.1946,      0.2106,      0.2276,      0.2472,      0.2683,      0.1918,      0.3072,      0.3239,      0.3986,      0.4261,      0.4410,      0.4688,      0.4810,      0.5017,      0.5013,      0.5485,      0.5772,      0.5665,      0.6183,      0.6303,      1.0809,      1.1806,      1.2379,      1.2751,      1.2949,      1.4092,      1.3262,      1.4132,      1.3634,      1.4505,      1.3747,      1.4716,      3.1730,      3.1258,      3.2038,      3.2543,      3.2846,      3.1576,      3.2685,      3.3520,      3.4202,      3.1800,      3.1347,      3.2554,      8.2299,      7.8425,      7.7561,      7.5237,      6.9524,      6.5235,      5.7299,      5.2748,      5.0739,      4.4511,      3.4228,      3.1828,      2.4579,      2.2644,      1.7312,      1.6575,      1.1215,      0.8173,      0.6634,      0.2677,      0.2374,      0.1697,      0.0593,      0.0486
================
wavelenght [um],    0.244068,    0.252632,    0.261818,    0.271698,    0.282353,    0.293878,    0.306383,    0.320000,    0.334884,    0.351220,    0.369231,    0.389189,    0.408511,    0.426667,    0.446512,    0.468293,    0.492308,    0.518919,    0.548571,    0.581818,    0.619355,    0.662069,    0.711111,    0.768000,    0.813143,    0.840768,    0.870336,    0.902060,    0.936184,    0.972991,    1.012810,    1.056028,    1.103099,    1.154562,    1.211061,    1.273375,    1.323436,    1.357581,    1.393534,    1.431444,    1.471474,    1.513807,    1.558648,    1.606226,    1.656801,    1.710664,    1.768147,    1.829628,    1.881560,    1.921939,    1.964090,    2.008131,    2.054193,    2.102417,    2.152960,    2.205992,    2.261704,    2.320302,    2.382017,    2.447105,    2.505432,    2.555765,    2.608162,    2.662752,    2.719677,    2.779088,    2.841153,    2.906054,    2.973989,    3.045176,    3.119855,    3.198288,    3.277268,    3.356577,    3.439819,    3.527294,    3.619334,    3.716307,    3.818620,    3.926726,    4.041130,    4.162400,    4.291175,    4.428172,    4.580751,    4.751270,    4.934974,    5.133456,    5.348572,    5.582505,    5.837838,    6.117648,    6.425631,    6.766266,    7.145039,    7.568734,    7.879690,    8.044056,    8.215425,    8.394255,    8.581043,    8.776330,    8.980716,    9.194848,    9.419442,    9.655282,    9.903235,   10.164260,   10.387231,   10.566200,   10.751445,   10.943308,   11.142136,   11.348323,   11.562291,   11.784476,   12.015368,   12.255495,   12.505409,   12.765727,   12.949392,   13.049328,   13.150818,   13.253898,   13.358608,   13.464994,   13.573088,   13.682923,   13.794549,   13.908012,   14.023357,   14.140631,   14.256763,   14.371646,   14.488386,   14.607038,   14.727660,   14.850291,   14.974981,   15.101782,   15.230738,   15.361915,   15.495384,   15.631191,   15.790367,   15.974275,   16.162517,   16.355249,   16.552633,   16.754839,   16.962047,   17.174443,   17.392227,   17.615605,   17.844795,   18.080028,   18.550914,   19.294981,   20.101230,   20.977796,   21.934298,   22.982219,   24.135264,   25.410119,   26.827165,   28.411593,   30.194923,   32.217118,   34.732292,   37.914692,   41.739101,   46.421699,   52.287582,   59.850314,   69.970927,   84.210526,  105.726686,  142.012170,  216.216216,  452.826771
Qext           ,      7.2930,      7.2930,      7.2930,      7.2930,      7.2930,      7.2930,      7.2930,      7.2930,      7.2930,      7.2930,      7.2930,      4.5690,      4.5690,      4.5690,      4.5690,      4.5690,      4.5690,      4.5690,      4.5690,      4.5690,      4.5690,      4.5690,      4.5690,     10.0880,     10.0880,     10.0880,     10.0880,     10.0880,     10.0880,     10.0880,     10.0880,     10.0880,     10.0880,      7.3360,      7.3360,      7.3360,      7.3360,      7.3360,      7.3360,      7.3360,      7.3360,      5.1840,      5.1840,      5.1840,      5.1840,      5.1840,      5.1840,      5.1840,      4.3690,      4.3690,      4.3690,      4.3690,      4.3690,      4.3690,      4.3690,      4.3690,      3.0900,      3.0900,      3.0900,      3.0900,      3.0900,      3.0900,      2.2300,      2.2300,      2.2300,      2.2300,      2.2300,      2.2300,      1.8620,      1.8620,      1.8620,      1.8620,      1.8620,      1.5670,      1.5670,      1.5670,      1.5670,      1.3050,      1.3050,      1.3050,      1.3050,      1.0310,      1.0310,      1.0310,      0.8080,      0.8080,      0.6270,      0.6270,      0.5360,      0.2700,      0.2700,      0.2490,      0.0800,      0.1790,      0.0090,      0.1480,      0.3480,      0.3480,      0.3060,      0.3060,      1.6550,      1.6550,      4.2970,      4.2970,      6.3140,      6.4550,      6.4550,      5.0890,      3.3310,      3.3310,      2.0120,      2.0120,      1.3400,      1.3400,      1.1080,      1.0270,      1.0270,      0.9210,      0.9210,      0.7570,      0.5840,      0.5840,      0.5840,      0.5840,      0.4590,      0.4590,      0.4590,      0.4080,      0.4080,      0.4080,      0.4180,      0.4180,      0.4180,      0.4500,      0.4500,      0.4500,      0.4650,      0.4650,      0.4650,      0.4370,      0.4370,      0.4370,      0.3610,      0.3610,      0.3610,      0.2520,      0.2520,      0.1370,      0.1370,      0.0470,      0.0080,      0.0080,      0.0390,      0.0390,      0.1510,      0.3400,      0.4680,      1.0680,      1.8990,      2.5740,      2.9000,      2.8480,      2.4230,      1.7090,      0.9140,      0.2760,      0.0310,      0.0150,      0.0570,      0.2660,      0.3830,      0.3320,      0.1730,      0.0980,      0.0980,      0.0980,      0.0980,      0.0980,      0.0980,      0.0980
Qscat          ,      7.2380,      7.2380,      7.2380,      7.2380,      7.2380,      7.2380,      7.2380,      7.2380,      7.2380,      7.2380,      7.2380,      4.5280,      4.5280,      4.5280,      4.5280,      4.5280,      4.5280,      4.5280,      4.5280,      4.5280,      4.5280,      4.5280,      4.5280,     10.0450,     10.0450,     10.0450,     10.0450,     10.0450,     10.0450,     10.0450,     10.0450,     10.0450,     10.0450,      7.3120,      7.3120,      7.3120,      7.3120,      7.3120,      7.3120,      7.3120,      7.3120,      5.1680,      5.1680,      5.1680,      5.1680,      5.1680,      5.1680,      5.1680,      4.3050,      4.3050,      4.3050,      4.3050,      4.3050,      4.3050,      4.3050,      4.3050,      3.0200,      3.0200,      3.0200,      3.0200,      3.0200,      3.0200,      2.1790,      2.1790,      2.1790,      2.1790,      2.1790,      2.1790,      1.7990,      1.7990,      1.7990,      1.7990,      1.7990,      1.5120,      1.5120,      1.5120,      1.5120,      1.2930,      1.2930,      1.2930,      1.2930,      1.0309,      1.0309,      1.0309,      0.8079,      0.8079,      0.6269,      0.6269,      0.4290,      0.2700,      0.2700,      0.1990,      0.0800,      0.0450,      0.0090,      0.0180,      0.0470,      0.0470,      0.1880,      0.1880,      0.7880,      0.7880,      1.7610,      1.7610,      2.5330,      2.6830,      2.6830,      2.2620,      1.6050,      1.6050,      1.0170,      1.0170,      0.6280,      0.6280,      0.4210,      0.3240,      0.3240,      0.2710,      0.2710,      0.2280,      0.1840,      0.1840,      0.1840,      0.1840,      0.1430,      0.1430,      0.1430,      0.1110,      0.1110,      0.1110,      0.0890,      0.0890,      0.0890,      0.0740,      0.0740,      0.0740,      0.0650,      0.0650,      0.0650,      0.0570,      0.0570,      0.0570,      0.0470,      0.0470,      0.0470,      0.0370,      0.0370,      0.0250,      0.0250,      0.0150,      0.0060,      0.0060,      0.0020,      0.0020,      0.0010,      0.0060,      0.0100,      0.0360,      0.0790,      0.1210,      0.1500,      0.1630,      0.1550,      0.1300,      0.0950,      0.0590,      0.0310,      0.0150,      0.0070,      0.0050,      0.0060,      0.0050,      0.0030,      0.0020,      0.0020,      0.0020,      0.0020,      0.0020,      0.0020,      0.0020
G factor       ,      0.4560,      0.4560,      0.4560,      0.4560,      0.4560,      0.4560,      0.4560,      0.4560,      0.4560,      0.4560,      0.4560,      0.6290,      0.6290,      0.6290,      0.6290,      0.6290,      0.6290,      0.6290,      0.6290,      0.6290,      0.6290,      0.6290,      0.6290,      0.8390,      0.8390,      0.8390,      0.8390,      0.8390,      0.8390,      0.8390,      0.8390,      0.8390,      0.8390,      0.8180,      0.8180,      0.8180,      0.8180,      0.8180,      0.8180,      0.8180,      0.8180,      0.6890,      0.6890,      0.6890,      0.6890,      0.6890,      0.6890,      0.6890,      0.6760,      0.6760,      0.6760,      0.6760,      0.6760,      0.6760,      0.6760,      0.6760,      0.6950,      0.6950,      0.6950,      0.6950,      0.6950,      0.6950,      0.5860,      0.5860,      0.5860,      0.5860,      0.5860,      0.5860,      0.4310,      0.4310,      0.4310,      0.4310,      0.4310,      0.3150,      0.3150,      0.3150,      0.3150,      0.2380,      0.2380,      0.2380,      0.2380,      0.1880,      0.1880,      0.1880,      0.1530,      0.1530,      0.1270,      0.1270,      0.1090,      0.0940,      0.0940,      0.0850,      0.0690,      0.0760,      0.0510,      0.0680,      0.0300,      0.0300,      0.0510,      0.0510,      0.0600,      0.0600,      0.0570,      0.0570,      0.0530,      0.0470,      0.0470,      0.0400,      0.0320,      0.0320,      0.0220,      0.0220,      0.0140,      0.0140,      0.0130,      0.0190,      0.0190,      0.0250,      0.0250,      0.0280,      0.0250,      0.0250,      0.0250,      0.0250,      0.0200,      0.0200,      0.0200,      0.0120,      0.0120,      0.0120,      0.0050,      0.0050,      0.0050,      0.0010,      0.0010,      0.0010,      0.0020,      0.0020,      0.0020,      0.0070,      0.0070,      0.0070,      0.0120,      0.0120,      0.0120,      0.0180,      0.0180,      0.0230,      0.0230,      0.0300,      0.0410,      0.0410,      0.0540,      0.0540,     -0.0570,     -0.0200,     -0.0130,      0.0030,      0.0080,      0.0100,      0.0100,      0.0100,      0.0090,      0.0080,      0.0060,      0.0030,     -0.0010,     -0.0050,     -0.0050,      0.0060,      0.0120,      0.0100,      0.0050,      0.0020,      0.0020,      0.0020,      0.0020,      0.0020,      0.0020,      0.0020
================
P [mbar]       ,    0.1004,    0.1015,    0.1034,    0.1069,    0.1130,    0.1239,    0.1432,    0.1740,    0.2226,    0.3028,    0.4349,    0.6529,    1.0121,    1.6044,    2.4646,    3.4606,    4.3994,    5.2226,    5.8426,    6.2132,    6.3980,    6.4686,    6.5039,    6.5168
Temp initial[K],  163.5827,  163.6723,  163.8293,  164.1029,  164.5732,  165.3648,  166.6602,  168.4872,  170.9519,  174.2721,  178.5564,  183.8814,  190.3071,  197.9049,  205.8548,  212.8059,  218.1105,  222.1140,  224.8330,  226.3589,  227.0949,  227.3721,  227.5098,  227.5598
================
it   ,   tau    ,  Tsfc    ,   alb    ,   OLR    ,    ASR   ,  NET top ,  NET bot , T lev  01, T lev  02, T lev  03, T lev  04, T lev  05, T lev  06, T lev  07, T lev  08, T lev  09, T lev  10, T lev  11, T lev  12, T lev  13, T lev  14, T lev  15, T lev  16, T lev  17, T lev  18, T lev  19, T lev  20, T lev  21, T lev  22, T lev  23, T lev  24, T lev  25,  OLR IR01,  OLR IR02,  OLR IR03,  OLR IR04,  OLR IR05,  OLR IR06,  OLR IR07,  OLR IR08,  OLR IR09,  OLR IR10,  OLR IR11,  OLR IR12,  OLR IR13,  OLR IR14,  OLR IR15,  OLR IR16,  OLR IR17,  OLR IR18,  OLR IR19,  OLR IR20,  OLR IR21,  OLR IR22,  OLR IR23,  OLR IR24,  OLR IR25,  OLR IR26,  OLR IR27,  OLR IR28,  OLR IR29,  OLR IR30,  OLR IR31,  OLR IR32,  OLR IR33,  OLR IR34,  OLR IR35,  OLR IR36,  OLR IR37,  OLR IR38,  OLR IR39,  OLR IR40,  OLR IR41,  OLR IR42,  OLR IR43,  OLR IR44,  OLR IR45,  OLR IR46,  OLR IR47,  OLR IR48,  OLR IR49,  OLR IR50,  OLR IR51,  OLR IR52,  OLR IR53,  OLR IR54,  OLR IR55,  OLR IR56,  OLR IR57,  OLR IR58,  OLR IR59,  OLR IR60,  OLR IR61,  OLR IR62,  OLR IR63,  OLR IR64,  OLR IR65,  OLR IR66,  OLR IR67,  OLR IR68,  OLR IR69,  OLR IR70,  OLR IR71,  OLR IR72,  OLR IR73,  OLR IR74,  OLR IR75,  OLR IR76,  OLR IR77,  OLR IR78,  OLR IR79,  OLR IR80,  OLR IR81,  OLR IR82,  OLR IR83,  OLR IR84,  OLR IR85,  OLR IR86,  OLR IR87,  OLR IR88,  OLR IR89,  OLR IR90,  OLR IR91,  OLR IR92,  OLR IR93,  OLR IR94,  OLR IR95,  OLR IR96, ASR VIS01, ASR VIS02, ASR VIS03, ASR VIS04, ASR VIS05, ASR VIS06, ASR VIS07, ASR VIS08, ASR VIS09, ASR VIS10, ASR VIS11, ASR VIS12, ASR VIS13, ASR VIS14, ASR VIS15, ASR VIS16, ASR VIS17, ASR VIS18, ASR VIS19, ASR VIS20, ASR VIS21, ASR VIS22, ASR VIS23, ASR VIS24, ASR VIS25, ASR VIS26, ASR VIS27, ASR VIS28, ASR VIS29, ASR VIS30, ASR VIS31, ASR VIS32, ASR VIS33, ASR VIS34, ASR VIS35, ASR VIS36, ASR VIS37, ASR VIS38, ASR VIS39, ASR VIS40, ASR VIS41, ASR VIS42, ASR VIS43, ASR VIS44, ASR VIS45, ASR VIS46, ASR VIS47, ASR VIS48, ASR VIS49, ASR VIS50, ASR VIS51, ASR VIS52, ASR VIS53, ASR VIS54, ASR VIS55, ASR VIS56, ASR VIS57, ASR VIS58, ASR VIS59, ASR VIS60, ASR VIS61, ASR VIS62, ASR VIS63, ASR VIS64, ASR VIS65, ASR VIS66, ASR VIS67, ASR VIS68, ASR VIS69, ASR VIS70, ASR VIS71, ASR VIS72, ASR VIS73, ASR VIS74, ASR VIS75, ASR VIS76, ASR VIS77, ASR VIS78, ASR VIS79, ASR VIS80, ASR VIS81, ASR VIS82, ASR VIS83, ASR VIS84, SFC DIR01, SFC DIR02, SFC DIR03, SFC DIR04, SFC DIR05, SFC DIR06, SFC DIR07, SFC DIR08, SFC DIR09, SFC DIR10, SFC DIR11, SFC DIR12, SFC DIR13, SFC DIR14, SFC DIR15, SFC DIR16, SFC DIR17, SFC DIR18, SFC DIR19, SFC DIR20, SFC DIR21, SFC DIR22, SFC DIR23, SFC DIR24, SFC DIR25, SFC DIR26, SFC DIR27, SFC DIR28, SFC DIR29, SFC DIR30, SFC DIR31, SFC DIR32, SFC DIR33, SFC DIR34, SFC DIR35, SFC DIR36, SFC DIR37, SFC DIR38, SFC DIR39, SFC DIR40, SFC DIR41, SFC DIR42, SFC DIR43, SFC DIR44, SFC DIR45, SFC DIR46, SFC DIR47, SFC DIR48, SFC DIR49, SFC DIR50, SFC DIR51, SFC DIR52, SFC DIR53, SFC DIR54, SFC DIR55, SFC DIR56, SFC DIR57, SFC DIR58, SFC DIR59, SFC DIR60, SFC DIR61, SFC DIR62, SFC DIR63, SFC DIR64, SFC DIR65, SFC DIR66, SFC DIR67, SFC DIR68, SFC DIR69, SFC DIR70, SFC DIR71, SFC DIR72, SFC DIR73, SFC DIR74, SFC DIR75, SFC DIR76, SFC DIR77, SFC DIR78, SFC DIR79, SFC DIR80, SFC DIR81, SFC DIR82, SFC DIR83, SFC DIR84, SFC DIR85, SFC DIR86, SFC DIR87, SFC DIR88, SFC DIR89, SFC DIR90, SFC DIR91, SFC DIR92, SFC DIR93, SFC DIR94, SFC DIR95, SFC DIR96,SFC DVIS01,SFC DVIS02,SFC DVIS03,SFC DVIS04,SFC DVIS05,SFC DVIS06,SFC DVIS07,SFC DVIS08,SFC DVIS09,SFC DVIS10,SFC DVIS11,SFC DVIS12,SFC DVIS13,SFC DVIS14,SFC DVIS15,SFC DVIS16,SFC DVIS17,SFC DVIS18,SFC DVIS19,SFC DVIS20,SFC DVIS21,SFC DVIS22,SFC DVIS23,SFC DVIS24,SFC DVIS25,SFC DVIS26,SFC DVIS27,SFC DVIS28,SFC DVIS29,SFC DVIS30,SFC DVIS31,SFC DVIS32,SFC DVIS33,SFC DVIS34,SFC DVIS35,SFC DVIS36,SFC DVIS37,SFC DVIS38,SFC DVIS39,SFC DVIS40,SFC DVIS41,SFC DVIS42,SFC DVIS43,SFC DVIS44,SFC DVIS45,SFC DVIS46,SFC DVIS47,SFC DVIS48,SFC DVIS49,SFC DVIS50,SFC DVIS51,SFC DVIS52,SFC DVIS53,SFC DVIS54,SFC DVIS55,SFC DVIS56,SFC DVIS57,SFC DVIS58,SFC DVIS59,SFC DVIS60,SFC DVIS61,SFC DVIS62,SFC DVIS63,SFC DVIS64,SFC DVIS65,SFC DVIS66,SFC DVIS67,SFC DVIS68,SFC DVIS69,SFC DVIS70,SFC DVIS71,SFC DVIS72,SFC DVIS73,SFC DVIS74,SFC DVIS75,SFC DVIS76,SFC DVIS77,SFC DVIS78,SFC DVIS79,SFC DVIS80,SFC DVIS81,SFC DVIS82,SFC DVIS83,SFC DVIS84
    2,    0.0000,  227.5722,    0.2192,  139.8688,  115.8602,  -23.5218,  -14.0680,  158.4330,  163.5827,  163.6723,  163.8293,  164.1029,  164.5732,  165.3648,  166.6602,  168.4872,  170.9519,  174.2721,  178.5564,  183.8814,  190.3071,  197.9049,  205.8548,  212.8059,  218.1105,  222.1140,  224.8330,  226.3589,  227.0949,  227.3721,  227.5098,  227.5598,    0.0705,    0.2675,    0.5658,    0.9364,    1.3541,    1.7971,    2.2470,    2.6886,    3.1100,    3.5012,    3.8550,    4.1668,    3.7991,    3.9662,    4.1036,    4.2111,    4.2902,    4.3412,    4.3666,    4.3674,    4.3455,    4.3031,    4.2365,    4.1377,    1.4329,    1.4160,    1.3937,    1.3544,    1.3064,    1.2531,    1.1042,    1.0903,    1.0331,    0.8812,    0.8657,    0.6804,    0.4286,    0.3613,    0.2973,    0.2859,    0.2660,    0.2237,    0.2586,    0.2615,    0.2793,    0.3166,    0.3804,    0.4522,    0.5746,    0.6344,    0.5305,    0.6851,    0.6744,    0.6698,    0.6769,    0.7426,    0.7550,    0.7683,    0.7700,    0.7628,    2.0538,    1.9716,    1.9052,    1.8274,    1.7484,    1.6691,    1.5919,    1.5151,    1.4407,    1.3665,    1.2937,    1.2291,    1.8278,    1.6842,    1.5339,    1.3924,    1.2741,    1.1725,    1.0662,    0.9681,    0.8777,    0.7928,    0.7079,    0.6374,    1.5840,    1.1437,    0.8293,    0.5901,    0.4167,    0.2922,    0.2036,    0.1383,    0.0940,    0.0622,    0.0416,    0.0303,    0.0906,    0.0482,    0.0759,    0.0854,    0.0957,    0.0892,    0.0975,    0.1096,    0.0962,    0.1325,    0.1172,    0.1283,    0.1417,    0.1155,    0.1680,    0.1868,    0.1536,    0.1833,    0.2065,    0.2237,    0.2252,    0.1502,    0.2398,    0.2533,    0.3110,    0.3324,    0.3440,    0.3658,    0.3756,    0.3940,    0.4010,    0.4565,    0.4953,    0.4717,    0.4852,    0.4943,    0.8433,    0.9209,    0.9663,    0.9993,    1.0234,    1.1077,    1.0381,    1.1064,    1.0804,    1.1314,    1.0733,    1.1507,    2.4780,    2.4450,    2.4989,    2.5384,    2.5644,    2.4626,    2.5489,    2.6139,    2.6670,    2.4800,    2.4441,    2.5380,    6.4157,    6.1123,    6.0433,    5.8603,    5.4132,    5.0767,    4.4565,    4.0997,    3.9404,    3.4535,    2.6528,    2.4637,    1.8993,    1.7458,    1.3311,    1.2705,    0.8565,    0.6215,    0.5021,    0.2015,    0.1776,    0.1261,    0.0437,    0.0355,    0.0000,    0.0000,    0.0000,    0.0000,    0.0000,    0.0000,    0.0000,    0.0000,    0.0000,    0.0000,    0.0000,    0.0000,    0.0000,    0.0000,    0.0000,    0.0000,    0.0000,    0.0000,    0.0000,    0.0004,    0.0013,    0.0042,    0.0316,    0.1224,    0.0337,    0.0553,    0.0951,    0.1939,    0.3170,    0.4390,    0.7874,    0.8078,    0.8986,    1.0611,    1.1127,    1.2540,    0.9696,    0.9641,    0.9572,    0.9473,    0.9378,    0.9287,    0.9178,    0.9074,    0.8966,    0.8844,    0.8683,    0.8421,    0.8025,    0.6764,    0.7395,    0.4977,    0.5022,    0.4908,    0.4247,    0.2470,    0.1814,    0.1031,    0.0612,    0.0469,    0.0933,    0.0788,    0.0260,    0.0119,    0.0030,    0.0028,    0.0017,    0.0056,    0.0100,    0.0182,    0.0292,    0.0235,    0.0278,    0.0056,    0.0259,    0.0458,    0.0328,    0.0004,    0.0000,    0.0000,    0.0000,    0.0031,    0.0165,    0.0171,    0.0171,    0.0171,    0.0000,    0.0000,    0.0000,    0.0000,    0.0000,    0.0035,    0.0040,    0.0054,    0.0048,    0.0010,    0.0230,    0.0000,    0.0598,    0.1073,    0.1213,    0.1109,    0.1245,    0.1385,    0.1233,    0.1698,    0.1501,    0.1645,    0.1806,    0.1466,    0.2118,    0.2312,    0.1878,    0.1215,    0.0145,    0.0325,    0.1583,    0.1897,    0.3065,    0.3218,    0.3984,    0.4260,    0.4410,    0.4686,    0.4796,    0.4909,    0.4572,    0.4157,    0.3661,    0.4375,    0.6076,    0.6165,    1.0804,    1.1803,    1.2358,    1.2540,    1.2316,    1.3659,    1.3119,    1.3949,    1.2823,    1.4502,    1.3714,    1.4595,    3.1611,    3.0848,    3.2030,    3.2531,    3.2743,    3.1567,    3.2678,    3.3511,    3.4192,    3.1776,    3.1334,    3.2539,    8.2247,    7.8363,    7.7478,    7.5132,    6.9399,    6.5086,    5.7135,    5.2561,    5.0518,    4.4276,    3.4010,    3.1586,    2.4350,    2.2382,    1.7066,    1.6288,    1.0981,    0.7968,    0.6438,    0.2584,    0.2277,    0.1616,    0.0560,    0.0455
    2,    0.0500,  227.5722,    0.2319,  138.6523,  113.9784,  -24.1870,  -13.7652,  158.4330,  163.5827,  163.6723,  163.8293,  164.1029,  164.5732,  165.3648,  166.6602,  168.4872,  170.9519,  174.2721,  178.5564,  183.8814,  190.3071,  197.9049,  205.8548,  212.8059,  218.1105,  222.1140,  224.8330,  226.3589,  227.0949,  227.3721,  227.5098,  227.5598,    0.0705,    0.2674,    0.5657,    0.9362,    1.3537,    1.7966,    2.2464,    2.6871,    3.1064,    3.4963,    3.8510,    4.1657,    3.7984,    3.9648,    4.0971,    4.1911,    4.2526,    4.2869,    4.3012,    4.2994,    4.2838,    4.2569,    4.2103,    4.1264,    1.4300,    1.4148,    1.3933,    1.3541,    1.3063,    1.2530,    1.1039,    1.0895,    1.0324,    0.8803,    0.8649,    0.6799,    0.4285,    0.3612,    0.2973,    0.2858,    0.2660,    0.2237,    0.2585,    0.2614,    0.2793,    0.3165,    0.3801,    0.4518,    0.5737,    0.6331,    0.5296,    0.6834,    0.6728,    0.6680,    0.6749,    0.7401,    0.7516,    0.7647,    0.7663,    0.7591,    2.0409,    1.9564,    1.8903,    1.8111,    1.7327,    1.6524,    1.5721,    1.4962,    1.4135,    1.3407,    1.2540,    1.1912,    1.7434,    1.5865,    1.4444,    1.3130,    1.2232,    1.1249,    1.0489,    0.9523,    0.8749,    0.7903,    0.7055,    0.6352,    1.5816,    1.1436,    0.8277,    0.5896,    0.4156,    0.2914,    0.2031,    0.1375,    0.0934,    0.0618,    0.0413,    0.0300,    0.0903,    0.0481,    0.0755,    0.0846,    0.0949,    0.0884,    0.0966,    0.1086,    0.0954,    0.1313,    0.1161,    0.1272,    0.1404,    0.1145,    0.1665,    0.1851,    0.1524,    0.1821,    0.2060,    0.2230,    0.2240,    0.1489,    0.2378,    0.2512,    0.3084,    0.3296,    0.3411,    0.3627,    0.3708,    0.3890,    0.3961,    0.4514,    0.4903,    0.4665,    0.4789,    0.4880,    0.8301,    0.9065,    0.9512,    0.9839,    1.0080,    1.0908,    1.0220,    1.0921,    1.0669,    1.1166,    1.0592,    1.1357,    2.4457,    2.4133,    2.4662,    2.4984,    2.5242,    2.4238,    2.5087,    2.5727,    2.6250,    2.4409,    2.4056,    2.4980,    6.3145,    6.0151,    5.9471,    5.7670,    5.3269,    4.9957,    4.3853,    4.0341,    3.8773,    3.3981,    2.6101,    2.4240,    1.8687,    1.6836,    1.2838,    1.2254,    0.8262,    0.5996,    0.4845,    0.1945,    0.1714,    0.1217,    0.0422,    0.0343,    0.0001,    0.0005,    0.0011,    0.0018,    0.0026,    0.0034,    0.0042,    0.0088,    0.0193,    0.0248,    0.0188,    0.0041,    0.0006,    0.0014,    0.0185,    0.0648,    0.1228,    0.1742,    0.2038,    0.2064,    0.1824,    0.1364,    0.1045,    0.1530,    0.0414,    0.0586,    0.0959,    0.1947,    0.3171,    0.4391,    0.7877,    0.8088,    0.8994,    1.0619,    1.1133,    1.2541,    0.9696,    0.9641,    0.9572,    0.9473,    0.9378,    0.9287,    0.9178,    0.9074,    0.8966,    0.8844,    0.8683,    0.8422,    0.8029,    0.6775,    0.7402,    0.4996,    0.5040,    0.4928,    0.4271,    0.2505,    0.1863,    0.1085,    0.0669,    0.0526,    0.1135,    0.1024,    0.0491,    0.0365,    0.0265,    0.0266,    0.0283,    0.0308,    0.0451,    0.0512,    0.0798,    0.0716,    0.1358,    0.1313,    0.1385,    0.1442,    0.0948,    0.0582,    0.0203,    0.0183,    0.0031,    0.0059,    0.0195,    0.0197,    0.0198,    0.0172,    0.0016,    0.0005,    0.0011,    0.0008,    0.0006,    0.0042,    0.0046,    0.0058,    0.0051,    0.0012,    0.0229,    0.0000,    0.0594,    0.1062,    0.1202,    0.1099,    0.1233,    0.1370,    0.1219,    0.1680,    0.1484,    0.1627,    0.1786,    0.1450,    0.2094,    0.2286,    0.1860,    0.1203,    0.0144,    0.0322,    0.1567,    0.1878,    0.3033,    0.3184,    0.3941,    0.4215,    0.4363,    0.4636,    0.4724,    0.4835,    0.4503,    0.4094,    0.3607,    0.4310,    0.5984,    0.6071,    1.0630,    1.1612,    1.2158,    1.2337,    1.2117,    1.3438,    1.2907,    1.3756,    1.2645,    1.4301,    1.3524,    1.4392,    3.1172,    3.0420,    3.1584,    3.1972,    3.2180,    3.1024,    3.2116,    3.2935,    3.3604,    3.1230,    3.0795,    3.1979,    8.0831,    7.7008,    7.6138,    7.3832,    6.8197,    6.3957,    5.6143,    5.1647,    4.9638,    4.3504,    3.3416,    3.1033,    2.3923,    2.1543,    1.6427,    1.5679,    1.0572,    0.7672,    0.6199,    0.2488,    0.2193,    0.1557,    0.0540,    0.0439
    2,    0.1000,  227.5722,    0.2439,  137.5031,  112.1935,  -24.8228,  -13.4792,  158.4330,  163.5827,  163.6723,  163.8293,  164.1029,  164.5732,  165.3648,  166.6602,  168.4872,  170.9519,  174.2721,  178.5564,  183.8814,  190.3071,  197.9049,  205.8548,  212.8059,  218.1105,  222.1140,  224.8330,  226.3589,  227.0949,  227.3721,  227.5098,  227.5598,    0.0705,    0.2674,    0.5655,    0.9359,    1.3533,    1.7960,    2.2457,    2.6856,    3.1029,    3.4914,    3.8471,    4.1646,    3.7978,    3.9634,    4.0905,    4.1715,    4.2160,    4.2345,    4.2386,    4.2342,    4.2245,    4.2120,    4.1845,    4.1151,    1.4271,    1.4135,    1.3930,    1.3537,    1.3062,    1.2529,    1.1036,    1.0888,    1.0317,    0.8794,    0.8642,    0.6795,    0.4283,    0.3611,    0.2972,    0.2858,    0.2660,    0.2237,    0.2585,    0.2614,    0.2792,    0.3164,    0.3799,    0.4513,    0.5728,    0.6319,    0.5288,    0.6817,    0.6712,    0.6661,    0.6729,    0.7376,    0.7483,    0.7611,    0.7627,    0.7555,    2.0282,    1.9415,    1.8756,    1.7951,    1.7173,    1.6361,    1.5528,    1.4777,    1.3874,    1.3158,    1.2168,    1.1556,    1.6666,    1.4993,    1.3646,    1.2418,    1.1761,    1.0809,    1.0322,    0.9370,    0.8722,    0.7878,    0.7030,    0.6330,    1.5792,    1.1435,    0.8261,    0.5891,    0.4145,    0.2906,    0.2025,    0.1367,    0.0929,    0.0615,    0.0410,    0.0298,    0.0900,    0.0481,    0.0751,    0.0839,    0.0941,    0.0876,    0.0957,    0.1076,    0.0945,    0.1301,    0.1151,    0.1261,    0.1392,    0.1134,    0.1651,    0.1835,    0.1512,    0.1810,    0.2055,    0.2223,    0.2228,    0.1477,    0.2359,    0.2491,    0.3059,    0.3269,    0.3384,    0.3598,    0.3661,    0.3841,    0.3913,    0.4465,    0.4855,    0.4613,    0.4729,    0.4819,    0.8175,    0.8927,    0.9367,    0.9691,    0.9931,    1.0745,    1.0066,    1.0782,    1.0537,    1.1023,    1.0457,    1.1213,    2.4145,    2.3827,    2.4346,    2.4602,    2.4857,    2.3867,    2.4704,    2.5334,    2.5848,    2.4036,    2.3688,    2.4598,    6.2180,    5.9221,    5.8552,    5.6779,    5.2446,    4.9186,    4.3177,    3.9720,    3.8176,    3.3458,    2.5700,    2.3868,    1.8400,    1.6270,    1.2407,    1.1844,    0.7987,    0.5798,    0.4685,    0.1881,    0.1658,    0.1178,    0.0408,    0.0332,    0.0003,    0.0010,    0.0022,    0.0036,    0.0051,    0.0068,    0.0084,    0.0175,    0.0385,    0.0494,    0.0375,    0.0083,    0.0013,    0.0027,    0.0369,    0.1285,    0.2416,    0.3405,    0.3968,    0.4014,    0.3549,    0.2639,    0.1759,    0.1834,    0.0490,    0.0620,    0.0968,    0.1954,    0.3172,    0.4391,    0.7881,    0.8098,    0.9002,    1.0628,    1.1138,    1.2541,    0.9696,    0.9641,    0.9572,    0.9473,    0.9378,    0.9287,    0.9178,    0.9074,    0.8966,    0.8844,    0.8683,    0.8422,    0.8033,    0.6785,    0.7408,    0.5015,    0.5058,    0.4948,    0.4294,    0.2539,    0.1911,    0.1139,    0.0725,    0.0583,    0.1334,    0.1256,    0.0719,    0.0607,    0.0497,    0.0499,    0.0543,    0.0554,    0.0789,    0.0830,    0.1277,    0.1170,    0.2348,    0.2440,    0.2395,    0.2328,    0.1525,    0.1119,    0.0400,    0.0361,    0.0061,    0.0086,    0.0224,    0.0223,    0.0226,    0.0173,    0.0033,    0.0010,    0.0021,    0.0016,    0.0011,    0.0049,    0.0051,    0.0061,    0.0054,    0.0014,    0.0227,    0.0000,    0.0589,    0.1053,    0.1191,    0.1089,    0.1222,    0.1355,    0.1206,    0.1661,    0.1468,    0.1609,    0.1766,    0.1434,    0.2071,    0.2261,    0.1841,    0.1191,    0.0143,    0.0319,    0.1552,    0.1860,    0.3001,    0.3150,    0.3899,    0.4170,    0.4317,    0.4587,    0.4654,    0.4763,    0.4436,    0.4034,    0.3554,    0.4246,    0.5895,    0.5981,    1.0462,    1.1429,    1.1966,    1.2142,    1.1926,    1.3226,    1.2703,    1.3568,    1.2473,    1.4106,    1.3339,    1.4196,    3.0747,    3.0005,    3.1154,    3.1435,    3.1641,    3.0504,    3.1577,    3.2383,    3.3040,    3.0706,    3.0279,    3.1443,    7.9476,    7.5709,    7.4854,    7.2587,    6.7048,    6.2880,    5.5198,    5.0778,    4.8804,    4.2773,    3.2855,    3.0513,    2.3523,    2.0777,    1.5844,    1.5125,    1.0199,    0.7403,    0.5983,    0.2402,    0.2118,    0.1504,    0.0522,    0.0424
    2,    0.1500,  227.5722,    0.2554,  136.4142,  110.4870,  -25.4403,  -13.2191,  158.4330,  163.5827,  163.6723,  163.8293,  164.1029,  164.5732,  165.3648,  166.6602,  168.4872,  170.9519,  174.2721,  178.5564,  183.8814,  190.3071,  197.9049,  205.8548,  212.8059,  218.1105,  222.1140,  224.8330,  226.3589,  227.0949,  227.3721,  227.5098,  227.5598,    0.0705,    0.2673,    0.5654,    0.9357,    1.3529,    1.7955,    2.2450,    2.6841,    3.0993,    3.4866,    3.8432,    4.1634,    3.7972,    3.9621,    4.0840,    4.1521,    4.1805,    4.1840,    4.1785,    4.1717,    4.1673,    4.1682,    4.1591,    4.1040,    1.4242,    1.4122,    1.3927,    1.3534,    1.3061,    1.2528,    1.1033,    1.0880,    1.0311,    0.8786,    0.8634,    0.6790,    0.4281,    0.3610,    0.2972,    0.2857,    0.2660,    0.2237,    0.2585,    0.2613,    0.2792,    0.3163,    0.3796,    0.4508,    0.5718,    0.6306,    0.5279,    0.6801,    0.6696,    0.6643,    0.6710,    0.7352,    0.7450,    0.7576,    0.7591,    0.7519,    2.0156,    1.9268,    1.8612,    1.7795,    1.7022,    1.6201,    1.5339,    1.4597,    1.3623,    1.2919,    1.1819,    1.1222,    1.5963,    1.4213,    1.2931,    1.1778,    1.1323,    1.0399,    1.0160,    0.9221,    0.8695,    0.7854,    0.7006,    0.6308,    1.5768,    1.1434,    0.8245,    0.5886,    0.4135,    0.2899,    0.2020,    0.1360,    0.0923,    0.0611,    0.0407,    0.0296,    0.0897,    0.0481,    0.0747,    0.0832,    0.0932,    0.0869,    0.0949,    0.1067,    0.0937,    0.1289,    0.1141,    0.1250,    0.1380,    0.1125,    0.1636,    0.1819,    0.1500,    0.1799,    0.2050,    0.2216,    0.2216,    0.1466,    0.2340,    0.2472,    0.3034,    0.3243,    0.3356,    0.3569,    0.3616,    0.3795,    0.3868,    0.4418,    0.4808,    0.4564,    0.4671,    0.4761,    0.8053,    0.8794,    0.9228,    0.9549,    0.9788,    1.0589,    0.9917,    1.0649,    1.0411,    1.0885,    1.0326,    1.1073,    2.3843,    2.3531,    2.4041,    2.4236,    2.4488,    2.3512,    2.4336,    2.4957,    2.5464,    2.3678,    2.3335,    2.4232,    6.1255,    5.8327,    5.7669,    5.5923,    5.1656,    4.8446,    4.2528,    3.9123,    3.7603,    3.2957,    2.5316,    2.3512,    1.8126,    1.5749,    1.2011,    1.1467,    0.7734,    0.5615,    0.4538,    0.1822,    0.1607,    0.1142,    0.0396,    0.0322,    0.0004,    0.0016,    0.0033,    0.0054,    0.0077,    0.0101,    0.0126,    0.0263,    0.0575,    0.0739,    0.0561,    0.0124,    0.0019,    0.0041,    0.0553,    0.1911,    0.3565,    0.4992,    0.5796,    0.5858,    0.5192,    0.3869,    0.2459,    0.2135,    0.0567,    0.0653,    0.0976,    0.1962,    0.3173,    0.4392,    0.7884,    0.8108,    0.9009,    1.0636,    1.1144,    1.2542,    0.9696,    0.9641,    0.9572,    0.9473,    0.9378,    0.9287,    0.9178,    0.9074,    0.8966,    0.8844,    0.8683,    0.8423,    0.8037,    0.6796,    0.7415,    0.5033,    0.5076,    0.4968,    0.4318,    0.2573,    0.1959,    0.1192,    0.0781,    0.0639,    0.1531,    0.1485,    0.0944,    0.0845,    0.0724,    0.0728,    0.0797,    0.0794,    0.1116,    0.1138,    0.1728,    0.1599,    0.3258,    0.3454,    0.3304,    0.3127,    0.2062,    0.1619,    0.0591,    0.0534,    0.0091,    0.0112,    0.0253,    0.0249,    0.0253,    0.0174,    0.0049,    0.0015,    0.0032,    0.0024,    0.0017,    0.0056,    0.0057,    0.0065,    0.0057,    0.0016,    0.0225,    0.0000,    0.0585,    0.1043,    0.1180,    0.1079,    0.1210,    0.1341,    0.1193,    0.1644,    0.1453,    0.1591,    0.1747,    0.1418,    0.2048,    0.2237,    0.1824,    0.1180,    0.0141,    0.0316,    0.1537,    0.1842,    0.2969,    0.3117,    0.3859,    0.4127,    0.4272,    0.4539,    0.4586,    0.4694,    0.4372,    0.3975,    0.3503,    0.4184,    0.5809,    0.5894,    1.0300,    1.1252,    1.1781,    1.1955,    1.1742,    1.3022,    1.2507,    1.3387,    1.2307,    1.3918,    1.3161,    1.4006,    3.0336,    2.9604,    3.0738,    3.0920,    3.1122,    3.0004,    3.1060,    3.1852,    3.2499,    3.0203,    2.9783,    3.0927,    7.8174,    7.4458,    7.3618,    7.1388,    6.5941,    6.1843,    5.4288,    4.9942,    4.8001,    4.2070,    3.2316,    3.0013,    2.3138,    2.0069,    1.5306,    1.4613,    0.9855,    0.7155,    0.5783,    0.2322,    0.2048,    0.1455,    0.0505,    0.0411
    2,    0.2000,  227.5722,    0.2664,  135.3794,  108.8531,  -26.0393,  -12.9826,  158.4330,  163.5827,  163.6723,  163.8293,  164.1029,  164.5732,  165.3648,  166.6602,  168.4872,  170.9519,  174.2721,  178.5564,  183.8814,  190.3071,  197.9049,  205.8548,  212.8059,  218.1105,  222.1140,  224.8330,  226.3589,  227.0949,  227.3721,  227.5098,  227.5598,    0.0705,    0.2672,    0.5652,    0.9355,    1.3526,    1.7950,    2.2443,    2.6825,    3.0958,    3.4818,    3.8393,    4.1623,    3.7965,    3.9607,    4.0776,    4.1331,    4.1459,    4.1354,    4.1209,    4.1117,    4.1123,    4.1256,    4.1341,    4.0928,    1.4213,    1.4110,    1.3923,    1.3531,    1.3060,    1.2527,    1.1030,    1.0873,    1.0304,    0.8777,    0.8626,    0.6785,    0.4279,    0.3609,    0.2971,    0.2857,    0.2659,    0.2236,    0.2584,    0.2613,    0.2791,    0.3162,    0.3794,    0.4504,    0.5709,    0.6293,    0.5270,    0.6784,    0.6680,    0.6624,    0.6690,    0.7327,    0.7417,    0.7541,    0.7555,    0.7483,    2.0033,    1.9124,    1.8470,    1.7641,    1.6873,    1.6044,    1.5156,    1.4422,    1.3381,    1.2690,    1.1490,    1.0907,    1.5319,    1.3510,    1.2287,    1.1199,    1.0915,    1.0018,    1.0002,    0.9077,    0.8668,    0.7830,    0.6982,    0.6286,    1.5744,    1.1433,    0.8229,    0.5881,    0.4124,    0.2891,    0.2014,    0.1353,    0.0918,    0.0608,    0.0404,    0.0294,    0.0894,    0.0481,    0.0743,    0.0824,    0.0924,    0.0861,    0.0941,    0.1058,    0.0929,    0.1278,    0.1131,    0.1239,    0.1368,    0.1115,    0.1622,    0.1804,    0.1488,    0.1789,    0.2045,    0.2210,    0.2204,    0.1454,    0.2322,    0.2452,    0.3010,    0.3217,    0.3330,    0.3541,    0.3572,    0.3749,    0.3823,    0.4372,    0.4762,    0.4516,    0.4616,    0.4704,    0.7936,    0.8666,    0.9094,    0.9411,    0.9651,    1.0438,    0.9774,    1.0519,    1.0288,    1.0752,    1.0200,    1.0939,    2.3552,    2.3245,    2.3746,    2.3885,    2.4134,    2.3171,    2.3983,    2.4595,    2.5094,    2.3335,    2.2997,    2.3881,    6.0367,    5.7469,    5.6821,    5.5101,    5.0897,    4.7734,    4.1903,    3.8549,    3.7052,    3.2475,    2.4946,    2.3169,    1.7862,    1.5267,    1.1645,    1.1119,    0.7500,    0.5446,    0.4402,    0.1768,    0.1560,    0.1108,    0.0385,    0.0313,    0.0006,    0.0021,    0.0044,    0.0072,    0.0103,    0.0135,    0.0167,    0.0350,    0.0765,    0.0981,    0.0746,    0.0165,    0.0025,    0.0055,    0.0735,    0.2526,    0.4678,    0.6507,    0.7527,    0.7604,    0.6757,    0.5056,    0.3145,    0.2434,    0.0642,    0.0686,    0.0984,    0.1969,    0.3174,    0.4393,    0.7888,    0.8118,    0.9017,    1.0644,    1.1149,    1.2542,    0.9696,    0.9641,    0.9572,    0.9473,    0.9378,    0.9287,    0.9178,    0.9074,    0.8966,    0.8844,    0.8683,    0.8423,    0.8041,    0.6806,    0.7421,    0.5052,    0.5093,    0.4988,    0.4341,    0.2607,    0.2006,    0.1245,    0.0836,    0.0694,    0.1725,    0.1710,    0.1164,    0.1078,    0.0947,    0.0952,    0.1046,    0.1029,    0.1432,    0.1435,    0.2155,    0.2004,    0.4096,    0.4370,    0.4125,    0.3850,    0.2563,    0.2086,    0.0777,    0.0702,    0.0120,    0.0139,    0.0281,    0.0274,    0.0280,    0.0175,    0.0065,    0.0019,    0.0042,    0.0031,    0.0022,    0.0063,    0.0062,    0.0068,    0.0060,    0.0019,    0.0223,    0.0000,    0.0580,    0.1033,    0.1169,    0.1069,    0.1199,    0.1326,    0.1181,    0.1626,    0.1437,    0.1574,    0.1728,    0.1403,    0.2026,    0.2212,    0.1806,    0.1169,    0.0140,    0.0313,    0.1522,    0.1824,    0.2939,    0.3085,    0.3819,    0.4084,    0.4228,    0.4492,    0.4520,    0.4626,    0.4309,    0.3918,    0.3453,    0.4124,    0.5726,    0.5809,    1.0144,    1.1082,    1.1603,    1.1774,    1.1564,    1.2824,    1.2317,    1.3211,    1.2145,    1.3735,    1.2988,    1.3823,    2.9938,    2.9216,    3.0335,    3.0424,    3.0623,    2.9523,    3.0562,    3.1341,    3.1978,    2.9719,    2.9305,    3.0432,    7.6921,    7.3253,    7.2427,    7.0234,    6.4876,    6.0844,    5.3412,    4.9136,    4.7228,    4.1393,    3.1797,    2.9531,    2.2767,    1.9413,    1.4807,    1.4138,    0.9536,    0.6924,    0.5597,    0.2248,    0.1983,    0.1409,    0.0489,    0.0398
    2,    0.3000,  227.5722,    0.2871,  133.4526,  105.7837,  -27.1818,  -12.5726,  158.4330,  163.5827,  163.6723,  163.8293,  164.1029,  164.5732,  165.3648,  166.6602,  168.4872,  170.9519,  174.2721,  178.5564,  183.8814,  190.3071,  197.9049,  205.8548,  212.8059,  218.1105,  222.1140,  224.8330,  226.3589,  227.0949,  227.3721,  227.5098,  227.5598,    0.0705,    0.2671,    0.5650,    0.9350,    1.3518,    1.7940,    2.2429,    2.6795,    3.0888,    3.4723,    3.8315,    4.1600,    3.7953,    3.9580,    4.0647,    4.0959,    4.0793,    4.0431,    4.0125,    3.9990,    4.0079,    4.0439,    4.0852,    4.0708,    1.4156,    1.4085,    1.3917,    1.3525,    1.3058,    1.2526,    1.1025,    1.0858,    1.0290,    0.8760,    0.8611,    0.6775,    0.4276,    0.3607,    0.2970,    0.2856,    0.2659,    0.2236,    0.2584,    0.2612,    0.2790,    0.3159,    0.3789,    0.4495,    0.5691,    0.6268,    0.5252,    0.6752,    0.6648,    0.6588,    0.6651,    0.7279,    0.7352,    0.7473,    0.7485,    0.7413,    1.9790,    1.8842,    1.8193,    1.7342,    1.6584,    1.5741,    1.4803,    1.4084,    1.2924,    1.2255,    1.0886,    1.0330,    1.4180,    1.2298,    1.1174,    1.0194,    1.0180,    0.9331,    0.9700,    0.8801,    0.8615,    0.7781,    0.6934,    0.6242,    1.5696,    1.1431,    0.8198,    0.5872,    0.4103,    0.2875,    0.2004,    0.1338,    0.0907,    0.0601,    0.0398,    0.0289,    0.0889,    0.0480,    0.0735,    0.0811,    0.0909,    0.0847,    0.0925,    0.1040,    0.0913,    0.1257,    0.1112,    0.1218,    0.1345,    0.1096,    0.1596,    0.1774,    0.1466,    0.1768,    0.2035,    0.2197,    0.2182,    0.1432,    0.2286,    0.2415,    0.2964,    0.3168,    0.3279,    0.3486,    0.3489,    0.3664,    0.3739,    0.4285,    0.4675,    0.4425,    0.4509,    0.4596,    0.7714,    0.8424,    0.8840,    0.9151,    0.9390,    1.0152,    0.9503,    1.0273,    1.0054,    1.0497,    0.9959,    1.0682,    2.2996,    2.2701,    2.3184,    2.3223,    2.3466,    2.2529,    2.3318,    2.3913,    2.4399,    2.2689,    2.2360,    2.3219,    5.8695,    5.5848,    5.5219,    5.3548,    4.9463,    4.6391,    4.0725,    3.7466,    3.6012,    3.1564,    2.4248,    2.2521,    1.7364,    1.4406,    1.0990,    1.0496,    0.7081,    0.5143,    0.4159,    0.1671,    0.1474,    0.1048,    0.0364,    0.0296,    0.0008,    0.0031,    0.0065,    0.0107,    0.0154,    0.0202,    0.0251,    0.0523,    0.1139,    0.1461,    0.1113,    0.0248,    0.0038,    0.0082,    0.1097,    0.3724,    0.6797,    0.9336,    1.0722,    1.0822,    0.9668,    0.7305,    0.4477,    0.3023,    0.0792,    0.0753,    0.1000,    0.1984,    0.3176,    0.4395,    0.7895,    0.8138,    0.9033,    1.0660,    1.1160,    1.2543,    0.9696,    0.9641,    0.9572,    0.9473,    0.9378,    0.9287,    0.9178,    0.9074,    0.8966,    0.8844,    0.8683,    0.8424,    0.8049,    0.6827,    0.7434,    0.5089,    0.5129,    0.5026,    0.4388,    0.2674,    0.2099,    0.1349,    0.0945,    0.0804,    0.2106,    0.2150,    0.1595,    0.1533,    0.1382,    0.1388,    0.1525,    0.1482,    0.2031,    0.1999,    0.2943,    0.2752,    0.5585,    0.5952,    0.5544,    0.5105,    0.3470,    0.2930,    0.1135,    0.1024,    0.0179,    0.0192,    0.0338,    0.0325,    0.0334,    0.0177,    0.0098,    0.0029,    0.0063,    0.0047,    0.0033,    0.0077,    0.0073,    0.0075,    0.0065,    0.0023,    0.0220,    0.0000,    0.0572,    0.1015,    0.1148,    0.1050,    0.1178,    0.1299,    0.1156,    0.1593,    0.1407,    0.1541,    0.1692,    0.1373,    0.1984,    0.2166,    0.1772,    0.1147,    0.0138,    0.0307,    0.1493,    0.1789,    0.2879,    0.3023,    0.3742,    0.4001,    0.4142,    0.4401,    0.4394,    0.4497,    0.4189,    0.3810,    0.3357,    0.4010,    0.5566,    0.5648,    0.9849,    1.0759,    1.1265,    1.1431,    1.1227,    1.2451,    1.1958,    1.2876,    1.1838,    1.3386,    1.2659,    1.3472,    2.9179,    2.8475,    2.9565,    2.9487,    2.9679,    2.8613,    2.9620,    3.0376,    3.0993,    2.8803,    2.8403,    2.9494,    7.4552,    7.0970,    7.0170,    6.8047,    6.2856,    5.8951,    5.1751,    4.7610,    4.5762,    4.0110,    3.0812,    2.8618,    2.2065,    1.8234,    1.3910,    1.3284,    0.8962,    0.6509,    0.5263,    0.2114,    0.1866,    0.1326,    0.0460,    0.0375
    2,    0.4000,  227.5722,    0.3062,  131.6891,  102.9506,  -28.2514,  -12.2351,  158.4330,  163.5827,  163.6723,  163.8293,  164.1029,  164.5732,  165.3648,  166.6602,  168.4872,  170.9519,  174.2721,  178.5564,  183.8814,  190.3071,  197.9049,  205.8548,  212.8059,  218.1105,  222.1140,  224.8330,  226.3589,  227.0949,  227.3721,  227.5098,  227.5598,    0.0704,    0.2670,    0.5647,    0.9345,    1.3511,    1.7929,    2.2415,    2.6765,    3.0819,    3.4629,    3.8238,    4.1578,    3.7940,    3.9553,    4.0521,    4.0598,    4.0162,    3.9571,    3.9125,    3.8950,    3.9107,    3.9663,    4.0378,    4.0491,    1.4100,    1.4060,    1.3910,    1.3518,    1.3056,    1.2524,    1.1019,    1.0843,    1.0277,    0.8744,    0.8596,    0.6765,    0.4272,    0.3605,    0.2969,    0.2856,    0.2658,    0.2236,    0.2583,    0.2611,    0.2789,    0.3157,    0.3784,    0.4486,    0.5674,    0.6244,    0.5235,    0.6720,    0.6616,    0.6552,    0.6613,    0.7231,    0.7289,    0.7406,    0.7416,    0.7344,    1.9554,    1.8570,    1.7925,    1.7054,    1.6306,    1.5449,    1.4467,    1.3763,    1.2500,    1.1850,    1.0347,    0.9814,    1.3205,    1.1291,    1.0249,    0.9355,    0.9534,    0.8728,    0.9415,    0.8540,    0.8562,    0.7734,    0.6887,    0.6199,    1.5649,    1.1428,    0.8167,    0.5862,    0.4082,    0.2860,    0.1993,    0.1324,    0.0897,    0.0594,    0.0393,    0.0285,    0.0884,    0.0480,    0.0728,    0.0797,    0.0894,    0.0833,    0.0910,    0.1023,    0.0898,    0.1236,    0.1093,    0.1198,    0.1324,    0.1079,    0.1570,    0.1746,    0.1445,    0.1748,    0.2026,    0.2184,    0.2160,    0.1411,    0.2252,    0.2379,    0.2920,    0.3121,    0.3230,    0.3435,    0.3412,    0.3583,    0.3661,    0.4203,    0.4593,    0.4340,    0.4410,    0.4495,    0.7507,    0.8198,    0.8603,    0.8909,    0.9147,    0.9885,    0.9251,    1.0042,    0.9835,    1.0259,    0.9733,    1.0441,    2.2475,    2.2190,    2.2657,    2.2610,    2.2849,    2.1935,    2.2703,    2.3282,    2.3755,    2.2090,    2.1770,    2.2607,    5.7148,    5.4344,    5.3732,    5.2107,    4.8133,    4.5144,    3.9631,    3.6461,    3.5047,    3.0719,    2.3600,    2.1920,    1.6902,    1.3657,    1.0420,    0.9953,    0.6717,    0.4879,    0.3947,    0.1586,    0.1400,    0.0996,    0.0346,    0.0282,    0.0011,    0.0041,    0.0087,    0.0143,    0.0204,    0.0269,    0.0333,    0.0694,    0.1509,    0.1932,    0.1476,    0.0330,    0.0051,    0.0109,    0.1455,    0.4881,    0.8782,    1.1917,    1.3591,    1.3708,    1.2310,    0.9400,    0.5756,    0.3602,    0.0941,    0.0818,    0.1016,    0.1998,    0.3178,    0.4397,    0.7902,    0.8158,    0.9048,    1.0676,    1.1171,    1.2544,    0.9696,    0.9641,    0.9572,    0.9473,    0.9378,    0.9287,    0.9178,    0.9074,    0.8966,    0.8844,    0.8683,    0.8425,    0.8057,    0.6847,    0.7447,    0.5126,    0.5163,    0.5065,    0.4433,    0.2741,    0.2190,    0.1451,    0.1052,    0.0911,    0.2477,    0.2575,    0.2013,    0.1972,    0.1801,    0.1807,    0.1983,    0.1916,    0.2592,    0.2526,    0.3651,    0.3424,    0.6861,    0.7263,    0.6720,    0.6150,    0.4265,    0.3671,    0.1473,    0.1330,    0.0238,    0.0245,    0.0395,    0.0375,    0.0388,    0.0179,    0.0130,    0.0039,    0.0084,    0.0062,    0.0044,    0.0091,    0.0083,    0.0082,    0.0071,    0.0027,    0.0217,    0.0000,    0.0563,    0.0997,    0.1128,    0.1031,    0.1157,    0.1273,    0.1133,    0.1560,    0.1379,    0.1509,    0.1656,    0.1345,    0.1942,    0.2121,    0.1739,    0.1126,    0.0135,    0.0302,    0.1465,    0.1756,    0.2822,    0.2963,    0.3667,    0.3922,    0.4060,    0.4314,    0.4276,    0.4376,    0.4076,    0.3707,    0.3267,    0.3902,    0.5416,    0.5495,    0.9573,    1.0458,    1.0949,    1.1111,    1.0913,    1.2102,    1.1624,    1.2561,    1.1548,    1.3059,    1.2349,    1.3142,    2.8464,    2.7777,    2.8841,    2.8614,    2.8802,    2.7767,    2.8744,    2.9477,    3.0076,    2.7951,    2.7563,    2.8622,    7.2348,    6.8841,    6.8066,    6.6007,    6.0973,    5.7186,    5.0203,    4.6187,    4.4395,    3.8913,    2.9894,    2.7766,    2.1409,    1.7202,    1.3125,    1.2536,    0.8459,    0.6145,    0.4970,    0.1997,    0.1763,    0.1254,    0.0435,    0.0355
    2,    0.5000,  227.5722,    0.3239,  130.0637,  100.3253,  -29.2512,  -11.9597,  158.4330,  163.5827,  163.6723,  163.8293,  164.1029,  164.5732,  165.3648,  166.6602,  168.4872,  170.9519,  174.2721,  178.5564,  183.8814,  190.3071,  197.9049,  205.8548,  212.8059,  218.1105,  222.1140,  224.8330,  226.3589,  227.0949,  227.3721,  227.5098,  227.5598,    0.0704,    0.2669,    0.5644,    0.9340,    1.3503,    1.7919,    2.2401,    2.6735,    3.0750,    3.4535,    3.8162,    4.1555,    3.7927,    3.9525,    4.0395,    4.0248,    3.9561,    3.8767,    3.8198,    3.7987,    3.8200,    3.8926,    3.9917,    4.0276,    1.4044,    1.4035,    1.3903,    1.3512,    1.3055,    1.2523,    1.1013,    1.0828,    1.0264,    0.8727,    0.8580,    0.6756,    0.4268,    0.3604,    0.2968,    0.2855,    0.2657,    0.2236,    0.2582,    0.2611,    0.2788,    0.3155,    0.3779,    0.4477,    0.5656,    0.6219,    0.5218,    0.6688,    0.6585,    0.6517,    0.6575,    0.7184,    0.7227,    0.7340,    0.7349,    0.7277,    1.9325,    1.8306,    1.7665,    1.6776,    1.6037,    1.5169,    1.4148,    1.3457,    1.2104,    1.1474,    0.9862,    0.9349,    1.2363,    1.0443,    0.9469,    0.8644,    0.8965,    0.8196,    0.9145,    0.8293,    0.8510,    0.7686,    0.6840,    0.6156,    1.5602,    1.1426,    0.8135,    0.5852,    0.4061,    0.2845,    0.1982,    0.1310,    0.0886,    0.0587,    0.0387,    0.0281,    0.0879,    0.0479,    0.0720,    0.0784,    0.0879,    0.0820,    0.0895,    0.1007,    0.0884,    0.1216,    0.1076,    0.1180,    0.1303,    0.1062,    0.1546,    0.1719,    0.1424,    0.1729,    0.2017,    0.2172,    0.2139,    0.1391,    0.2220,    0.2345,    0.2878,    0.3076,    0.3184,    0.3385,    0.3339,    0.3508,    0.3587,    0.4125,    0.4516,    0.4259,    0.4317,    0.4401,    0.7314,    0.7987,    0.8382,    0.8683,    0.8920,    0.9637,    0.9015,    0.9824,    0.9628,    1.0034,    0.9521,    1.0214,    2.1985,    2.1709,    2.2162,    2.2041,    2.2276,    2.1383,    2.2132,    2.2697,    2.3158,    2.1535,    2.1223,    2.2039,    5.5711,    5.2945,    5.2349,    5.0766,    4.6895,    4.3984,    3.8614,    3.5526,    3.4149,    2.9933,    2.2996,    2.1361,    1.6471,    1.3000,    0.9920,    0.9477,    0.6396,    0.4647,    0.3760,    0.1512,    0.1335,    0.0949,    0.0330,    0.0269,    0.0014,    0.0052,    0.0108,    0.0178,    0.0255,    0.0336,    0.0416,    0.0865,    0.1873,    0.2397,    0.1835,    0.0412,    0.0064,    0.0136,    0.1809,    0.5998,    1.0642,    1.4272,    1.6171,    1.6298,    1.4712,    1.1351,    0.6985,    0.4171,    0.1087,    0.0884,    0.1033,    0.2013,    0.3180,    0.4398,    0.7909,    0.8178,    0.9064,    1.0692,    1.1181,    1.2545,    0.9696,    0.9641,    0.9572,    0.9473,    0.9378,    0.9287,    0.9178,    0.9074,    0.8966,    0.8844,    0.8683,    0.8426,    0.8065,    0.6867,    0.7459,    0.5162,    0.5197,    0.5102,    0.4478,    0.2806,    0.2280,    0.1551,    0.1157,    0.1016,    0.2838,    0.2988,    0.2418,    0.2396,    0.2207,    0.2211,    0.2420,    0.2330,    0.3117,    0.3020,    0.4291,    0.4032,    0.7963,    0.8357,    0.7703,    0.7026,    0.4966,    0.4324,    0.1793,    0.1619,    0.0296,    0.0296,    0.0451,    0.0425,    0.0442,    0.0181,    0.0162,    0.0048,    0.0104,    0.0077,    0.0054,    0.0104,    0.0093,    0.0088,    0.0076,    0.0031,    0.0214,    0.0000,    0.0555,    0.0980,    0.1109,    0.1014,    0.1138,    0.1247,    0.1110,    0.1529,    0.1351,    0.1478,    0.1623,    0.1318,    0.1903,    0.2078,    0.1708,    0.1106,    0.0133,    0.0297,    0.1439,    0.1724,    0.2767,    0.2905,    0.3596,    0.3846,    0.3981,    0.4230,    0.4164,    0.4262,    0.3969,    0.3610,    0.3182,    0.3800,    0.5275,    0.5352,    0.9315,    1.0176,    1.0654,    1.0811,    1.0618,    1.1776,    1.1310,    1.2263,    1.1274,    1.2749,    1.2056,    1.2831,    2.7790,    2.7120,    2.8158,    2.7800,    2.7982,    2.6977,    2.7926,    2.8639,    2.9221,    2.7156,    2.6779,    2.7808,    7.0291,    6.6851,    6.6099,    6.4100,    5.9212,    5.5535,    4.8755,    4.4855,    4.3116,    3.7793,    2.9035,    2.6970,    2.0796,    1.6290,    1.2430,    1.1874,    0.8014,    0.5823,    0.4711,    0.1893,    0.1672,    0.1189,    0.0413,    0.0337
    2,    0.7500,  227.5722,    0.3630,  126.4839,   94.5225,  -31.4740,  -11.4909,  158.4330,  163.5827,  163.6723,  163.8293,  164.1029,  164.5732,  165.3648,  166.6602,  168.4872,  170.9519,  174.2721,  178.5564,  183.8814,  190.3071,  197.9049,  205.8548,  212.8059,  218.1105,  222.1140,  224.8330,  226.3589,  227.0949,  227.3721,  227.5098,  227.5598,    0.0703,    0.2666,    0.5637,    0.9328,    1.3485,    1.7893,    2.2367,    2.6660,    3.0582,    3.4307,    3.7973,    4.1499,    3.7896,    3.9458,    4.0088,    3.9416,    3.8183,    3.6971,    3.6159,    3.5870,    3.6180,    3.7240,    3.8822,    3.9752,    1.3907,    1.3973,    1.3887,    1.3496,    1.3050,    1.2518,    1.0999,    1.0791,    1.0231,    0.8685,    0.8543,    0.6732,    0.4259,    0.3599,    0.2966,    0.2853,    0.2656,    0.2235,    0.2581,    0.2609,    0.2785,    0.3149,    0.3766,    0.4455,    0.5613,    0.6159,    0.5175,    0.6610,    0.6509,    0.6431,    0.6484,    0.7070,    0.7078,    0.7181,    0.7187,    0.7114,    1.8776,    1.7681,    1.7051,    1.6122,    1.5406,    1.4515,    1.3413,    1.2754,    1.1226,    1.0637,    0.8841,    0.8373,    1.0688,    0.8817,    0.7974,    0.7275,    0.7798,    0.7108,    0.8531,    0.7731,    0.8382,    0.7571,    0.6724,    0.6052,    1.5485,    1.1421,    0.8058,    0.5828,    0.4010,    0.2808,    0.1956,    0.1276,    0.0862,    0.0571,    0.0374,    0.0272,    0.0867,    0.0478,    0.0703,    0.0754,    0.0846,    0.0789,    0.0860,    0.0970,    0.0851,    0.1171,    0.1036,    0.1136,    0.1255,    0.1023,    0.1489,    0.1657,    0.1377,    0.1684,    0.1994,    0.2142,    0.2091,    0.1344,    0.2145,    0.2267,    0.2781,    0.2973,    0.3077,    0.3272,    0.3176,    0.3340,    0.3421,    0.3950,    0.4340,    0.4077,    0.4108,    0.4189,    0.6883,    0.7516,    0.7888,    0.8177,    0.8411,    0.9080,    0.8488,    0.9333,    0.9161,    0.9528,    0.9041,    0.9701,    2.0878,    2.0623,    2.1042,    2.0782,    2.1006,    2.0161,    2.0867,    2.1399,    2.1834,    2.0305,    2.0010,    2.0779,    5.2528,    4.9836,    4.9277,    4.7788,    4.4145,    4.1406,    3.6352,    3.3447,    3.2152,    2.8185,    2.1655,    2.0117,    1.5514,    1.1657,    0.8898,    0.8503,    0.5741,    0.4173,    0.3378,    0.1358,    0.1200,    0.0854,    0.0297,    0.0242,    0.0020,    0.0077,    0.0162,    0.0265,    0.0381,    0.0501,    0.0621,    0.1286,    0.2763,    0.3528,    0.2716,    0.0617,    0.0095,    0.0204,    0.2680,    0.8628,    1.4801,    1.9307,    2.1544,    2.1680,    1.9805,    1.5668,    0.9850,    0.5550,    0.1444,    0.1046,    0.1073,    0.2050,    0.3185,    0.4403,    0.7927,    0.8227,    0.9102,    1.0731,    1.1208,    1.2548,    0.9696,    0.9641,    0.9572,    0.9473,    0.9378,    0.9287,    0.9178,    0.9074,    0.8966,    0.8844,    0.8684,    0.8428,    0.8083,    0.6916,    0.7489,    0.5250,    0.5281,    0.5194,    0.4587,    0.2964,    0.2496,    0.1792,    0.1409,    0.1269,    0.3702,    0.3966,    0.3376,    0.3394,    0.3161,    0.3158,    0.3433,    0.3288,    0.4293,    0.4126,    0.5641,    0.5313,    1.0129,    1.0404,    0.9544,    0.8677,    0.6391,    0.5651,    0.2525,    0.2280,    0.0437,    0.0423,    0.0588,    0.0547,    0.0575,    0.0187,    0.0241,    0.0072,    0.0154,    0.0115,    0.0080,    0.0136,    0.0117,    0.0104,    0.0088,    0.0040,    0.0206,    0.0000,    0.0536,    0.0940,    0.1063,    0.0972,    0.1091,    0.1188,    0.1057,    0.1456,    0.1287,    0.1407,    0.1544,    0.1254,    0.1811,    0.1977,    0.1634,    0.1058,    0.0128,    0.0284,    0.1376,    0.1650,    0.2639,    0.2771,    0.3430,    0.3668,    0.3797,    0.4034,    0.3910,    0.4001,    0.3727,    0.3389,    0.2988,    0.3567,    0.4953,    0.5025,    0.8736,    0.9543,    0.9992,    1.0139,    0.9957,    1.1043,    1.0607,    1.1588,    1.0653,    1.2047,    1.1392,    1.2124,    2.6259,    2.5625,    2.6607,    2.5980,    2.6150,    2.5211,    2.6098,    2.6764,    2.7308,    2.5379,    2.5026,    2.5988,    6.5691,    6.2391,    6.1690,    5.9826,    5.5266,    5.1836,    4.5509,    4.1871,    4.0250,    3.5283,    2.7108,    2.5182,    1.9420,    1.4402,    1.0992,    1.0504,    0.7091,    0.5154,    0.4171,    0.1678,    0.1482,    0.1055,    0.0367,    0.0299
    2,    1.0000,  227.5722,    0.3962,  123.4372,   89.5914,  -33.3583,  -11.2642,  158.4330,  163.5827,  163.6723,  163.8293,  164.1029,  164.5732,  165.3648,  166.6602,  168.4872,  170.9519,  174.2721,  178.5564,  183.8814,  190.3071,  197.9049,  205.8548,  212.8059,  218.1105,  222.1140,  224.8330,  226.3589,  227.0949,  227.3721,  227.5098,  227.5598,    0.0702,    0.2663,    0.5631,    0.9316,    1.3467,    1.7867,    2.2333,    2.6587,    3.0417,    3.4084,    3.7788,    4.1443,    3.7864,    3.9390,    3.9790,    3.8643,    3.6958,    3.5432,    3.4446,    3.4094,    3.4457,    3.5747,    3.7804,    3.9244,    1.3773,    1.3912,    1.3870,    1.3481,    1.3046,    1.2514,    1.0985,    1.0754,    1.0198,    0.8645,    0.8506,    0.6708,    0.4251,    0.3594,    0.2964,    0.2851,    0.2654,    0.2234,    0.2579,    0.2607,    0.2782,    0.3144,    0.3754,    0.4433,    0.5570,    0.6101,    0.5134,    0.6535,    0.6435,    0.6348,    0.6395,    0.6960,    0.6935,    0.7031,    0.7032,    0.6960,    1.8262,    1.7103,    1.6483,    1.5523,    1.4826,    1.3920,    1.2758,    1.2126,    1.0478,    0.9923,    0.8030,    0.7596,    0.9446,    0.7664,    0.6913,    0.6299,    0.6902,    0.6273,    0.7991,    0.7237,    0.8258,    0.7458,    0.6612,    0.5950,    1.5369,    1.1415,    0.7983,    0.5805,    0.3960,    0.2771,    0.1931,    0.1244,    0.0839,    0.0556,    0.0362,    0.0263,    0.0855,    0.0477,    0.0686,    0.0727,    0.0815,    0.0760,    0.0829,    0.0936,    0.0821,    0.1130,    0.1000,    0.1097,    0.1212,    0.0988,    0.1439,    0.1601,    0.1334,    0.1642,    0.1973,    0.2114,    0.2047,    0.1302,    0.2079,    0.2196,    0.2695,    0.2880,    0.2981,    0.3170,    0.3035,    0.3194,    0.3277,    0.3798,    0.4185,    0.3918,    0.3927,    0.4005,    0.6511,    0.7110,    0.7463,    0.7741,    0.7973,    0.8600,    0.8034,    0.8904,    0.8752,    0.9085,    0.8622,    0.9254,    1.9912,    1.9675,    2.0066,    1.9709,    1.9924,    1.9120,    1.9790,    2.0295,    2.0708,    1.9257,    1.8977,    1.9707,    4.9819,    4.7183,    4.6654,    4.5245,    4.1797,    3.9205,    3.4421,    3.1671,    3.0447,    2.6692,    2.0509,    1.9054,    1.4696,    1.0620,    0.8107,    0.7749,    0.5233,    0.3805,    0.3081,    0.1240,    0.1096,    0.0780,    0.0271,    0.0222,    0.0027,    0.0102,    0.0214,    0.0352,    0.0505,    0.0664,    0.0823,    0.1700,    0.3624,    0.4615,    0.3574,    0.0820,    0.0127,    0.0272,    0.3528,    1.1040,    1.8344,    2.3331,    2.5687,    2.5816,    2.3834,    1.9293,    1.2444,    0.6869,    0.1790,    0.1205,    0.1113,    0.2086,    0.3190,    0.4407,    0.7945,    0.8275,    0.9140,    1.0769,    1.1233,    1.2550,    0.9696,    0.9641,    0.9572,    0.9473,    0.9378,    0.9287,    0.9178,    0.9074,    0.8966,    0.8844,    0.8684,    0.8430,    0.8101,    0.6963,    0.7519,    0.5335,    0.5361,    0.5282,    0.4692,    0.3116,    0.2702,    0.2022,    0.1649,    0.1510,    0.4513,    0.4871,    0.4264,    0.4311,    0.4038,    0.4023,    0.4343,    0.4149,    0.5302,    0.5076,    0.6710,    0.6329,    1.1689,    1.1785,    1.0789,    0.9802,    0.7464,    0.6652,    0.3170,    0.2862,    0.0575,    0.0547,    0.0721,    0.0666,    0.0706,    0.0192,    0.0319,    0.0096,    0.0204,    0.0151,    0.0105,    0.0167,    0.0140,    0.0119,    0.0100,    0.0049,    0.0199,    0.0000,    0.0518,    0.0903,    0.1022,    0.0934,    0.1048,    0.1134,    0.1009,    0.1390,    0.1228,    0.1342,    0.1473,    0.1196,    0.1727,    0.1885,    0.1566,    0.1014,    0.0123,    0.0273,    0.1319,    0.1581,    0.2522,    0.2648,    0.3278,    0.3505,    0.3629,    0.3855,    0.3686,    0.3772,    0.3513,    0.3194,    0.2816,    0.3362,    0.4669,    0.4737,    0.8235,    0.8996,    0.9419,    0.9557,    0.9385,    1.0409,    0.9998,    1.0993,    1.0106,    1.1429,    1.0808,    1.1502,    2.4913,    2.4311,    2.5243,    2.4409,    2.4568,    2.3686,    2.4520,    2.5146,    2.5656,    2.3844,    2.3513,    2.4417,    6.1720,    5.8535,    5.7878,    5.6130,    5.1853,    4.8636,    4.2701,    3.9289,    3.7770,    3.3111,    2.5441,    2.3635,    1.8229,    1.2914,    0.9858,    0.9422,    0.6363,    0.4626,    0.3745,    0.1507,    0.1331,    0.0948,    0.0330,    0.0269
    2,    1.2500,  227.5722,    0.4249,  120.7904,   85.3349,  -34.9678,  -11.2147,  158.4330,  163.5827,  163.6723,  163.8293,  164.1029,  164.5732,  165.3648,  166.6602,  168.4872,  170.9519,  174.2721,  178.5564,  183.8814,  190.3071,  197.9049,  205.8548,  212.8059,  218.1105,  222.1140,  224.8330,  226.3589,  227.0949,  227.3721,  227.5098,  227.5598,    0.0702,    0.2660,    0.5624,    0.9304,    1.3449,    1.7842,    2.2300,    2.6514,    3.0255,    3.3866,    3.7607,    4.1388,    3.7832,    3.9323,    3.9499,    3.7921,    3.5863,    3.4100,    3.2990,    3.2589,    3.2974,    3.4419,    3.6854,    3.8751,    1.3642,    1.3851,    1.3854,    1.3465,    1.3041,    1.2510,    1.0971,    1.0717,    1.0166,    0.8605,    0.8469,    0.6685,    0.4242,    0.3589,    0.2961,    0.2849,    0.2653,    0.2234,    0.2578,    0.2605,    0.2779,    0.3138,    0.3742,    0.4412,    0.5528,    0.6044,    0.5094,    0.6461,    0.6364,    0.6267,    0.6310,    0.6854,    0.6800,    0.6888,    0.6886,    0.6814,    1.7780,    1.6566,    1.5955,    1.4971,    1.4293,    1.3376,    1.2171,    1.1564,    0.9834,    0.9309,    0.7370,    0.6964,    0.8492,    0.6811,    0.6128,    0.5575,    0.6197,    0.5617,    0.7514,    0.6800,    0.8138,    0.7349,    0.6503,    0.5851,    1.5255,    1.1410,    0.7908,    0.5781,    0.3911,    0.2736,    0.1907,    0.1213,    0.0817,    0.0542,    0.0351,    0.0255,    0.0844,    0.0476,    0.0671,    0.0702,    0.0786,    0.0734,    0.0800,    0.0906,    0.0794,    0.1093,    0.0967,    0.1062,    0.1174,    0.0957,    0.1393,    0.1551,    0.1295,    0.1604,    0.1953,    0.2088,    0.2006,    0.1263,    0.2019,    0.2133,    0.2617,    0.2797,    0.2895,    0.3079,    0.2912,    0.3066,    0.3151,    0.3663,    0.4048,    0.3778,    0.3769,    0.3845,    0.6187,    0.6756,    0.7092,    0.7360,    0.7589,    0.8181,    0.7637,    0.8526,    0.8391,    0.8695,    0.8252,    0.8860,    1.9060,    1.8839,    1.9204,    1.8783,    1.8990,    1.8221,    1.8860,    1.9341,    1.9734,    1.8352,    1.8085,    1.8781,    4.7477,    4.4888,    4.4385,    4.3046,    3.9766,    3.7301,    3.2750,    3.0135,    2.8971,    2.5399,    1.9517,    1.8134,    1.3987,    0.9791,    0.7475,    0.7147,    0.4827,    0.3511,    0.2843,    0.1144,    0.1012,    0.0721,    0.0251,    0.0205,    0.0034,    0.0127,    0.0267,    0.0438,    0.0628,    0.0826,    0.1024,    0.2106,    0.4456,    0.5661,    0.4409,    0.1022,    0.0158,    0.0339,    0.4355,    1.3254,    2.1368,    2.6560,    2.8898,    2.9012,    2.7035,    2.2344,    1.4794,    0.8132,    0.2126,    0.1363,    0.1153,    0.2123,    0.3195,    0.4411,    0.7963,    0.8323,    0.9177,    1.0806,    1.1259,    1.2552,    0.9697,    0.9641,    0.9572,    0.9473,    0.9378,    0.9287,    0.9178,    0.9074,    0.8966,    0.8844,    0.8684,    0.8433,    0.8119,    0.7009,    0.7547,    0.5417,    0.5439,    0.5367,    0.4793,    0.3263,    0.2898,    0.2240,    0.1878,    0.1740,    0.5275,    0.5710,    0.5087,    0.5155,    0.4845,    0.4815,    0.5163,    0.4925,    0.6173,    0.5896,    0.7569,    0.7145,    1.2840,    1.2747,    1.1660,    1.0593,    0.8288,    0.7420,    0.3742,    0.3378,    0.0709,    0.0667,    0.0850,    0.0781,    0.0836,    0.0197,    0.0395,    0.0120,    0.0252,    0.0186,    0.0130,    0.0196,    0.0162,    0.0133,    0.0111,    0.0057,    0.0193,    0.0000,    0.0502,    0.0869,    0.0983,    0.0899,    0.1009,    0.1084,    0.0965,    0.1329,    0.1174,    0.1282,    0.1407,    0.1143,    0.1650,    0.1801,    0.1503,    0.0973,    0.0118,    0.0262,    0.1267,    0.1518,    0.2415,    0.2535,    0.3138,    0.3356,    0.3474,    0.3692,    0.3486,    0.3568,    0.3322,    0.3019,    0.2662,    0.3178,    0.4416,    0.4481,    0.7795,    0.8516,    0.8916,    0.9046,    0.8882,    0.9852,    0.9464,    1.0465,    0.9619,    1.0880,    1.0289,    1.0949,    2.3716,    2.3143,    2.4030,    2.3031,    2.3182,    2.2349,    2.3136,    2.3727,    2.4209,    2.2499,    2.2186,    2.3040,    5.8238,    5.5154,    5.4536,    5.2890,    4.8860,    4.5830,    4.0239,    3.7025,    3.5595,    3.1206,    2.3978,    2.2278,    1.7183,    1.1699,    0.8932,    0.8538,    0.5767,    0.4194,    0.3396,    0.1367,    0.1208,    0.0861,    0.0299,    0.0244
    2,    1.5000,  227.5722,    0.4500,  118.4553,   81.6135,  -36.3539,  -11.2954,  158.4330,  163.5827,  163.6723,  163.8293,  164.1029,  164.5732,  165.3648,  166.6602,  168.4872,  170.9519,  174.2721,  178.5564,  183.8814,  190.3071,  197.9049,  205.8548,  212.8059,  218.1105,  222.1140,  224.8330,  226.3589,  227.0949,  227.3721,  227.5098,  227.5598,    0.0701,    0.2657,    0.5617,    0.9293,    1.3431,    1.7817,    2.2266,    2.6442,    3.0097,    3.3654,    3.7428,    4.1332,    3.7801,    3.9256,    3.9216,    3.7246,    3.4878,    3.2938,    3.1742,    3.1301,    3.1689,    3.3233,    3.5967,    3.8274,    1.3514,    1.3791,    1.3838,    1.3450,    1.3037,    1.2506,    1.0957,    1.0681,    1.0134,    0.8565,    0.8433,    0.6662,    0.4233,    0.3585,    0.2959,    0.2847,    0.2651,    0.2233,    0.2576,    0.2603,    0.2776,    0.3133,    0.3730,    0.4391,    0.5488,    0.5988,    0.5055,    0.6390,    0.6294,    0.6189,    0.6227,    0.6752,    0.6670,    0.6751,    0.6746,    0.6674,    1.7325,    1.6066,    1.5464,    1.4461,    1.3800,    1.2878,    1.1642,    1.1057,    0.9274,    0.8774,    0.6824,    0.6441,    0.7739,    0.6157,    0.5528,    0.5020,    0.5630,    0.5090,    0.7089,    0.6411,    0.8020,    0.7243,    0.6397,    0.5754,    1.5142,    1.1405,    0.7834,    0.5758,    0.3864,    0.2702,    0.1883,    0.1183,    0.0796,    0.0528,    0.0340,    0.0247,    0.0833,    0.0475,    0.0657,    0.0679,    0.0760,    0.0710,    0.0773,    0.0878,    0.0770,    0.1060,    0.0937,    0.1031,    0.1139,    0.0929,    0.1352,    0.1505,    0.1259,    0.1569,    0.1934,    0.2064,    0.1969,    0.1228,    0.1965,    0.2076,    0.2547,    0.2722,    0.2818,    0.2996,    0.2804,    0.2954,    0.3040,    0.3543,    0.3926,    0.3653,    0.3630,    0.3704,    0.5900,    0.6443,    0.6764,    0.7024,    0.7251,    0.7810,    0.7287,    0.8189,    0.8068,    0.8347,    0.7923,    0.8508,    1.8300,    1.8093,    1.8436,    1.7971,    1.8172,    1.7434,    1.8045,    1.8505,    1.8882,    1.7560,    1.7304,    1.7970,    4.5427,    4.2879,    4.2399,    4.1121,    3.7989,    3.5634,    3.1288,    2.8790,    2.7680,    2.4268,    1.8649,    1.7328,    1.3367,    0.9112,    0.6958,    0.6653,    0.4495,    0.3269,    0.2648,    0.1066,    0.0943,    0.0672,    0.0234,    0.0191,    0.0040,    0.0152,    0.0318,    0.0523,    0.0750,    0.0987,    0.1223,    0.2505,    0.5260,    0.6668,    0.5222,    0.1223,    0.0190,    0.0406,    0.5161,    1.5287,    2.3953,    2.9159,    3.1400,    3.1495,    2.9590,    2.4919,    1.6924,    0.9341,    0.2451,    0.1518,    0.1193,    0.2159,    0.3200,    0.4416,    0.7980,    0.8371,    0.9214,    1.0843,    1.1283,    1.2555,    0.9697,    0.9641,    0.9572,    0.9473,    0.9378,    0.9287,    0.9178,    0.9074,    0.8966,    0.8844,    0.8684,    0.8435,    0.8136,    0.7053,    0.7575,    0.5497,    0.5515,    0.5449,    0.4891,    0.3404,    0.3084,    0.2449,    0.2096,    0.1958,    0.5990,    0.6488,    0.5851,    0.5932,    0.5588,    0.5541,    0.5904,    0.5626,    0.6931,    0.6610,    0.8265,    0.7807,    1.3705,    1.3439,    1.2287,    1.1167,    0.8930,    0.8020,    0.4251,    0.3838,    0.0840,    0.0785,    0.0976,    0.0894,    0.0964,    0.0203,    0.0471,    0.0143,    0.0298,    0.0220,    0.0154,    0.0224,    0.0182,    0.0146,    0.0121,    0.0065,    0.0187,    0.0000,    0.0487,    0.0838,    0.0948,    0.0867,    0.0973,    0.1038,    0.0924,    0.1273,    0.1125,    0.1227,    0.1347,    0.1094,    0.1579,    0.1724,    0.1446,    0.0936,    0.0114,    0.0252,    0.1218,    0.1460,    0.2316,    0.2432,    0.3010,    0.3219,    0.3332,    0.3540,    0.3307,    0.3385,    0.3151,    0.2862,    0.2523,    0.3013,    0.4189,    0.4250,    0.7405,    0.8089,    0.8469,    0.8593,    0.8436,    0.9358,    0.8990,    0.9990,    0.9182,    1.0387,    0.9822,    1.0453,    2.2641,    2.2093,    2.2941,    2.1808,    2.1950,    2.1162,    2.1908,    2.2467,    2.2923,    2.1304,    2.1008,    2.1816,    5.5147,    5.2155,    5.1571,    5.0015,    4.6205,    4.3341,    3.8054,    3.5016,    3.3664,    2.9514,    2.2680,    2.1072,    1.6255,    1.0682,    0.8156,    0.7798,    0.5267,    0.3831,    0.3103,    0.1249,    0.1104,    0.0787,    0.0274,    0.0224
    2,    1.7500,  227.5722,    0.4722,  116.3699,   78.3252,  -37.5566,  -11.4712,  158.4330,  163.5827,  163.6723,  163.8293,  164.1029,  164.5732,  165.3648,  166.6602,  168.4872,  170.9519,  174.2721,  178.5564,  183.8814,  190.3071,  197.9049,  205.8548,  212.8059,  218.1105,  222.1140,  224.8330,  226.3589,  227.0949,  227.3721,  227.5098,  227.5598,    0.0700,    0.2654,    0.5611,    0.9281,    1.3413,    1.7791,    2.2233,    2.6371,    2.9943,    3.3448,    3.7253,    4.1277,    3.7769,    3.9189,    3.8941,    3.6614,    3.3988,    3.1918,    3.0662,    3.0188,    3.0566,    3.2169,    3.5137,    3.7811,    1.3389,    1.3732,    1.3821,    1.3434,    1.3032,    1.2502,    1.0943,    1.0646,    1.0102,    0.8526,    0.8398,    0.6639,    0.4224,    0.3580,    0.2957,    0.2845,    0.2650,    0.2233,    0.2574,    0.2601,    0.2773,    0.3127,    0.3719,    0.4370,    0.5448,    0.5934,    0.5017,    0.6321,    0.6226,    0.6114,    0.6147,    0.6654,    0.6547,    0.6621,    0.6613,    0.6541,    1.6898,    1.5600,    1.5006,    1.3989,    1.3344,    1.2420,    1.1163,    1.0598,    0.8784,    0.8306,    0.6365,    0.6002,    0.7131,    0.5644,    0.5057,    0.4583,    0.5166,    0.4660,    0.6709,    0.6063,    0.7906,    0.7139,    0.6294,    0.5660,    1.5030,    1.1399,    0.7761,    0.5735,    0.3817,    0.2668,    0.1859,    0.1155,    0.0776,    0.0515,    0.0330,    0.0239,    0.0823,    0.0474,    0.0643,    0.0657,    0.0736,    0.0688,    0.0748,    0.0853,    0.0748,    0.1029,    0.0910,    0.1002,    0.1107,    0.0903,    0.1315,    0.1464,    0.1227,    0.1537,    0.1915,    0.2040,    0.1934,    0.1196,    0.1916,    0.2025,    0.2484,    0.2654,    0.2747,    0.2921,    0.2708,    0.2854,    0.2941,    0.3436,    0.3815,    0.3542,    0.3506,    0.3579,    0.5645,    0.6164,    0.6472,    0.6725,    0.6948,    0.7480,    0.6975,    0.7886,    0.7778,    0.8035,    0.7627,    0.8192,    1.7618,    1.7423,    1.7747,    1.7254,    1.7448,    1.6738,    1.7324,    1.7767,    1.8128,    1.6859,    1.6613,    1.7252,    4.3614,    4.1104,    4.0645,    3.9419,    3.6418,    3.4161,    2.9995,    2.7601,    2.6537,    2.3267,    1.7881,    1.6615,    1.2818,    0.8546,    0.6526,    0.6241,    0.4217,    0.3068,    0.2486,    0.1001,    0.0885,    0.0631,    0.0220,    0.0180,    0.0047,    0.0176,    0.0369,    0.0607,    0.0870,    0.1145,    0.1419,    0.2898,    0.6038,    0.7636,    0.6014,    0.1423,    0.0222,    0.0473,    0.5947,    1.7153,    2.6167,    3.1261,    3.3362,    3.3438,    3.1639,    2.7096,    1.8857,    1.0499,    0.2765,    0.1671,    0.1233,    0.2195,    0.3205,    0.4420,    0.7998,    0.8417,    0.9251,    1.0879,    1.1308,    1.2557,    0.9697,    0.9641,    0.9572,    0.9473,    0.9378,    0.9287,    0.9178,    0.9074,    0.8966,    0.8844,    0.8685,    0.8437,    0.8152,    0.7096,    0.7601,    0.5574,    0.5588,    0.5528,    0.4985,    0.3539,    0.3262,    0.2647,    0.2304,    0.2167,    0.6663,    0.7212,    0.6561,    0.6648,    0.6274,    0.6207,    0.6575,    0.6261,    0.7592,    0.7232,    0.8836,    0.8350,    1.4368,    1.3949,    1.2751,    1.1594,    0.9437,    0.8495,    0.4705,    0.4249,    0.0967,    0.0899,    0.1098,    0.1003,    0.1091,    0.0208,    0.0546,    0.0166,    0.0344,    0.0254,    0.0177,    0.0250,    0.0202,    0.0159,    0.0131,    0.0072,    0.0181,    0.0000,    0.0472,    0.0809,    0.0915,    0.0837,    0.0939,    0.0996,    0.0886,    0.1221,    0.1079,    0.1176,    0.1291,    0.1048,    0.1514,    0.1653,    0.1392,    0.0901,    0.0109,    0.0242,    0.1173,    0.1406,    0.2225,    0.2335,    0.2891,    0.3092,    0.3200,    0.3400,    0.3145,    0.3218,    0.2996,    0.2719,    0.2397,    0.2863,    0.3983,    0.4041,    0.7055,    0.7707,    0.8069,    0.8186,    0.8036,    0.8915,    0.8565,    0.9560,    0.8785,    0.9940,    0.9400,    1.0003,    2.1667,    2.1142,    2.1954,    2.0710,    2.0845,    2.0097,    2.0805,    2.1336,    2.1769,    2.0231,    1.9951,    2.0718,    5.2371,    4.9467,    4.8914,    4.7439,    4.3826,    4.1110,    3.6096,    3.3215,    3.1934,    2.7998,    2.1515,    1.9991,    1.5422,    0.9813,    0.7494,    0.7165,    0.4841,    0.3521,    0.2852,    0.1148,    0.1016,    0.0724,    0.0252,    0.0206
    2,    2.0000,  227.5722,    0.4919,  114.4892,   75.3940,  -38.6069,  -11.7157,  158.4330,  163.5827,  163.6723,  163.8293,  164.1029,  164.5732,  165.3648,  166.6602,  168.4872,  170.9519,  174.2721,  178.5564,  183.8814,  190.3071,  197.9049,  205.8548,  212.8059,  218.1105,  222.1140,  224.8330,  226.3589,  227.0949,  227.3721,  227.5098,  227.5598,    0.0700,    0.2651,    0.5604,    0.9270,    1.3395,    1.7767,    2.2200,    2.6301,    2.9792,    3.3246,    3.7081,    4.1223,    3.7738,    3.9122,    3.8673,    3.6020,    3.3181,    3.1016,    2.9719,    2.9219,    2.9580,    3.1210,    3.4360,    3.7362,    1.3267,    1.3673,    1.3805,    1.3418,    1.3028,    1.2498,    1.0929,    1.0610,    1.0070,    0.8488,    0.8363,    0.6617,    0.4216,    0.3576,    0.2954,    0.2843,    0.2648,    0.2232,    0.2573,    0.2599,    0.2771,    0.3122,    0.3707,    0.4349,    0.5409,    0.5881,    0.4979,    0.6254,    0.6161,    0.6041,    0.6070,    0.6559,    0.6429,    0.6496,    0.6486,    0.6414,    1.6494,    1.5164,    1.4578,    1.3551,    1.2920,    1.1998,    1.0728,    1.0180,    0.8350,    0.7891,    0.5974,    0.5628,    0.6632,    0.5231,    0.4678,    0.4233,    0.4781,    0.4303,    0.6367,    0.5750,    0.7795,    0.7039,    0.6193,    0.5569,    1.4920,    1.1394,    0.7690,    0.5712,    0.3771,    0.2636,    0.1837,    0.1127,    0.0758,    0.0503,    0.0321,    0.0232,    0.0814,    0.0473,    0.0631,    0.0637,    0.0714,    0.0667,    0.0726,    0.0830,    0.0728,    0.1001,    0.0886,    0.0976,    0.1079,    0.0880,    0.1281,    0.1427,    0.1197,    0.1507,    0.1898,    0.2018,    0.1902,    0.1167,    0.1871,    0.1977,    0.2425,    0.2592,    0.2683,    0.2853,    0.2622,    0.2765,    0.2852,    0.3339,    0.3716,    0.3442,    0.3396,    0.3466,    0.5416,    0.5914,    0.6209,    0.6455,    0.6676,    0.7183,    0.6694,    0.7612,    0.7515,    0.7753,    0.7359,    0.7906,    1.7000,    1.6817,    1.7123,    1.6613,    1.6802,    1.6117,    1.6681,    1.7107,    1.7455,    1.6234,    1.5997,    1.6612,    4.1995,    3.9523,    3.9081,    3.7903,    3.5017,    3.2848,    2.8843,    2.6542,    2.5519,    2.2375,    1.7196,    1.5979,    1.2328,    0.8067,    0.6161,    0.5893,    0.3982,    0.2897,    0.2348,    0.0946,    0.0837,    0.0597,    0.0208,    0.0170,    0.0053,    0.0200,    0.0420,    0.0690,    0.0990,    0.1302,    0.1614,    0.3283,    0.6790,    0.8568,    0.6784,    0.1622,    0.0253,    0.0540,    0.6713,    1.8869,    2.8066,    3.2968,    3.4910,    3.4969,    3.3291,    2.8942,    2.0612,    1.1607,    0.3070,    0.1821,    0.1273,    0.2231,    0.3210,    0.4424,    0.8015,    0.8464,    0.9287,    1.0914,    1.1331,    1.2559,    0.9697,    0.9641,    0.9572,    0.9473,    0.9378,    0.9287,    0.9178,    0.9074,    0.8966,    0.8844,    0.8685,    0.8439,    0.8168,    0.7137,    0.7627,    0.5648,    0.5658,    0.5604,    0.5075,    0.3670,    0.3432,    0.2836,    0.2502,    0.2365,    0.7296,    0.7885,    0.7221,    0.7310,    0.6907,    0.6820,    0.7185,    0.6838,    0.8172,    0.7779,    0.9307,    0.8799,    1.4886,    1.4337,    1.3104,    1.1921,    0.9845,    0.8876,    0.5113,    0.4617,    0.1091,    0.1010,    0.1217,    0.1109,    0.1216,    0.0213,    0.0619,    0.0189,    0.0389,    0.0287,    0.0200,    0.0276,    0.0221,    0.0171,    0.0140,    0.0079,    0.0176,    0.0000,    0.0459,    0.0782,    0.0885,    0.0809,    0.0908,    0.0956,    0.0851,    0.1173,    0.1036,    0.1129,    0.1240,    0.1006,    0.1453,    0.1587,    0.1342,    0.0868,    0.0105,    0.0234,    0.1130,    0.1356,    0.2139,    0.2246,    0.2780,    0.2973,    0.3078,    0.3270,    0.2997,    0.3066,    0.2854,    0.2589,    0.2281,    0.2726,    0.3796,    0.3851,    0.6739,    0.7362,    0.7707,    0.7818,    0.7674,    0.8514,    0.8181,    0.9168,    0.8423,    0.9533,    0.9014,    0.9593,    2.0778,    2.0275,    2.1054,    1.9715,    1.9843,    1.9132,    1.9806,    2.0311,    2.0724,    1.9260,    1.8993,    1.9723,    4.9856,    4.7038,    4.6512,    4.5110,    4.1675,    3.9092,    3.4325,    3.1586,    3.0369,    2.6627,    2.0462,    1.9014,    1.4668,    0.9061,    0.6919,    0.6616,    0.4470,    0.3252,    0.2635,    0.1061,    0.0938,    0.0669,    0.0233,    0.0190
