log-normal size distribution:  Nano Rod Al 8um 60um 
Created from file Al_terraforming_nanoparticles_8um_60nm.dat
Bin  Qext    Qscat     W0      g        L1       L2
 1    2.233   0.606   0.271  0.307  4.50  4.36 
 2    1.587   0.646   0.407  0.333  4.36  4.23 
 3    1.404   0.651   0.464  0.317  4.23  4.10 
 4    1.407   0.644   0.457  0.287  4.10  3.98 
 5    1.410   0.636   0.451  0.257  3.98  3.87 
 6    1.453   0.636   0.438  0.260  3.87  3.77 
 7    1.534   0.646   0.421  0.299  3.77  3.67 
 8    1.602   0.655   0.408  0.332  3.67  3.57 
 9    1.658   0.661   0.399  0.359  3.57  3.48 
10    1.622   0.663   0.409  0.358  3.48  3.40 
11    1.546   0.663   0.429  0.347  3.40  3.32 
12    1.473   0.663   0.451  0.336  3.32  3.24 
13    1.401   0.664   0.474  0.325  3.24  3.16 
14    1.328   0.667   0.503  0.331  3.16  3.08 
15    1.228   0.678   0.552  0.366  3.08  3.01 
16    1.111   0.690   0.621  0.407  3.01  2.94 
17    1.016   0.700   0.688  0.440  2.94  2.87 
18    0.923   0.709   0.768  0.472  2.87  2.81 
19    0.835   0.718   0.860  0.503  2.81  2.75 
20    0.788   0.718   0.912  0.522  2.75  2.69 
21    0.749   0.717   0.957  0.537  2.69  2.64 
22    0.719   0.716   0.996  0.550  2.64  2.58 
23    0.682   0.715   1.048  0.565  2.58  2.53 
24    0.646   0.714   1.105  0.580  2.53  2.48 
25    0.610   0.712   1.168  0.594  2.48  2.41 
26    0.580   0.712   1.229  0.605  2.41  2.35 
27    0.570   0.715   1.254  0.604  2.35  2.29 
28    0.560   0.717   1.280  0.602  2.29  2.23 
29    0.550   0.719   1.306  0.601  2.23  2.18 
30    0.542   0.720   1.329  0.600  2.18  2.13 
31    0.535   0.722   1.351  0.600  2.13  2.08 
32    0.526   0.724   1.375  0.598  2.08  2.03 
33    0.530   0.719   1.357  0.592  2.03  1.99 
34    0.539   0.712   1.321  0.583  1.99  1.94 
35    0.548   0.704   1.286  0.575  1.94  1.90 
36    0.556   0.697   1.254  0.566  1.90  1.86 
37    0.566   0.689   1.217  0.556  1.86  1.80 
38    0.577   0.679   1.177  0.545  1.80  1.74 
39    0.590   0.669   1.134  0.533  1.74  1.68 
40    0.591   0.663   1.122  0.528  1.68  1.63 
41    0.572   0.664   1.161  0.538  1.63  1.58 
42    0.557   0.666   1.196  0.547  1.58  1.54 
43    0.539   0.667   1.239  0.557  1.54  1.49 
44    0.522   0.669   1.283  0.566  1.49  1.45 
45    0.507   0.671   1.322  0.574  1.45  1.41 
46    0.493   0.672   1.362  0.582  1.41  1.38 
47    0.480   0.673   1.404  0.590  1.38  1.34 
48    0.466   0.675   1.447  0.597  1.34  1.31 
49    0.455   0.676   1.485  0.601  1.31  1.24 
50    0.446   0.679   1.523  0.603  1.24  1.18 
51    0.437   0.682   1.561  0.605  1.18  1.13 
52    0.429   0.684   1.595  0.606  1.13  1.08 
53    0.421   0.686   1.629  0.608  1.08  1.03 
54    0.414   0.688   1.662  0.609  1.03  0.99 
55    0.408   0.690   1.692  0.610  0.99  0.95 
56    0.404   0.691   1.709  0.611  0.95  0.92 
57    0.414   0.685   1.654  0.613  0.92  0.89 
58    0.425   0.679   1.598  0.614  0.89  0.86 
59    0.436   0.674   1.546  0.616  0.86  0.83 
60    0.445   0.669   1.505  0.617  0.83  0.80 
61    0.459   0.661   1.440  0.619  0.80  0.74 
62    0.480   0.650   1.356  0.622  0.74  0.69 
63    0.498   0.641   1.287  0.624  0.69  0.64 
64    0.512   0.633   1.235  0.626  0.64  0.60 
65    0.526   0.626   1.191  0.628  0.60  0.56 
66    0.551   0.618   1.123  0.635  0.56  0.53 
67    0.581   0.610   1.050  0.646  0.53  0.51 
68    0.611   0.603   0.987  0.655  0.51  0.48 
69    0.638   0.596   0.933  0.665  0.48  0.46 
70    0.663   0.590   0.890  0.673  0.46  0.44 
71    0.684   0.584   0.855  0.680  0.44  0.42 
72    0.704   0.579   0.823  0.686  0.42  0.40 
73    0.725   0.574   0.792  0.693  0.40  0.38 
74    0.747   0.568   0.761  0.701  0.38  0.36 
75    0.766   0.563   0.736  0.707  0.36  0.34 
76    0.784   0.559   0.713  0.713  0.34  0.33 
77    0.801   0.554   0.692  0.719  0.33  0.31 
78    0.816   0.551   0.674  0.724  0.31  0.30 
79    0.829   0.547   0.660  0.728  0.30  0.29 
80    0.842   0.544   0.646  0.732  0.29  0.28 
81    0.854   0.541   0.634  0.736  0.28  0.27 
82    0.864   0.538   0.623  0.739  0.27  0.26 
83    0.874   0.536   0.613  0.743  0.26  0.25 
84    0.883   0.534   0.604  0.746  0.25  0.24 

IR: 
Bin  Qext    Qscat     W0      g        L1       L2
 1    0.075   0.298   3.977  0.000  1000.00  292.68 
 2    0.075   0.298   3.977  0.000  292.68  171.43 
 3    0.075   0.298   3.977  0.000  171.43  121.21 
 4    0.075   0.298   3.977  0.000  121.21  93.75 
 5    0.075   0.298   3.977  0.000  93.75  76.43 
 6    0.075   0.298   3.977  0.000  76.43  64.52 
 7    0.075   0.298   3.977  0.000  64.52  55.81 
 8    0.144   0.212   1.469  0.000  55.81  49.18 
 9    0.305   0.132   0.434  0.000  49.18  43.96 
10    0.334   0.140   0.420  0.000  43.96  39.74 
11    0.281   0.214   0.762  0.011  39.74  36.25 
12    0.303   0.318   1.051  0.019  36.25  33.33 
13    0.461   0.352   0.763  0.018  33.33  31.17 
14    0.671   0.377   0.562  0.016  31.17  29.28 
15    0.865   0.448   0.519  0.017  29.28  27.60 
16    1.119   0.548   0.489  0.022  27.60  26.10 
17    1.718   0.592   0.345  0.031  26.10  24.76 
18    3.136   0.560   0.178  0.041  24.76  23.54 
19    5.464   0.512   0.094  0.051  23.54  22.45 
20    8.416   0.484   0.057  0.059  22.45  21.45 
21    11.617   0.473   0.041  0.067  21.45  20.53 
22    14.168   0.479   0.034  0.075  20.53  19.69 
23    15.132   0.500   0.033  0.081  19.69  18.92 
24    14.282   0.532   0.037  0.086  18.92  18.20 
25    13.172   0.554   0.042  0.087  18.20  17.96 
26    12.320   0.569   0.046  0.088  17.96  17.73 
27    11.384   0.586   0.051  0.088  17.73  17.50 
28    10.414   0.602   0.058  0.089  17.50  17.28 
29    9.421   0.619   0.066  0.089  17.28  17.07 
30    8.469   0.635   0.075  0.088  17.07  16.86 
31    7.549   0.650   0.086  0.087  16.86  16.65 
32    7.010   0.657   0.094  0.086  16.65  16.45 
33    6.245   0.666   0.107  0.085  16.45  16.26 
34    5.596   0.670   0.120  0.083  16.26  16.07 
35    5.187   0.671   0.129  0.082  16.07  15.88 
36    4.740   0.665   0.140  0.080  15.88  15.70 
37    4.339   0.657   0.151  0.078  15.70  15.56 
38    4.143   0.649   0.157  0.076  15.56  15.43 
39    3.948   0.642   0.163  0.075  15.43  15.30 
40    3.798   0.634   0.167  0.073  15.30  15.17 
41    3.666   0.628   0.171  0.072  15.17  15.04 
42    3.535   0.621   0.176  0.070  15.04  14.91 
43    3.427   0.619   0.181  0.069  14.91  14.79 
44    3.427   0.619   0.181  0.069  14.79  14.67 
45    3.320   0.616   0.186  0.067  14.67  14.55 
46    3.213   0.615   0.191  0.066  14.55  14.43 
47    3.104   0.619   0.199  0.064  14.43  14.31 
48    2.995   0.623   0.208  0.062  14.31  14.20 
49    2.886   0.628   0.218  0.060  14.20  14.08 
50    2.769   0.636   0.230  0.058  14.08  13.97 
51    2.653   0.644   0.243  0.055  13.97  13.85 
52    2.538   0.653   0.257  0.053  13.85  13.74 
53    2.427   0.662   0.273  0.050  13.74  13.63 
54    2.316   0.671   0.290  0.047  13.63  13.52 
55    2.210   0.680   0.308  0.045  13.52  13.41 
56    2.124   0.686   0.323  0.042  13.41  13.31 
57    2.124   0.686   0.323  0.042  13.31  13.20 
58    2.038   0.692   0.339  0.040  13.20  13.10 
59    1.954   0.698   0.357  0.037  13.10  13.00 
60    1.905   0.698   0.366  0.035  13.00  12.90 
61    1.832   0.697   0.381  0.031  12.90  12.63 
62    1.768   0.686   0.388  0.024  12.63  12.38 
63    1.741   0.669   0.384  0.016  12.38  12.13 
64    1.738   0.652   0.375  0.008  12.13  11.90 
65    1.726   0.638   0.370  0.000  11.90  11.67 
66    1.711   0.626   0.366  0.000  11.67  11.45 
67    1.677   0.624   0.372  0.000  11.45  11.24 
68    1.677   0.634   0.378  0.000  11.24  11.04 
69    1.704   0.647   0.380  0.000  11.04  10.85 
70    1.880   0.649   0.345  0.000  10.85  10.66 
71    2.114   0.646   0.306  0.000  10.66  10.48 
72    2.586   0.623   0.241  0.019  10.48  10.30 
73    3.124   0.594   0.190  0.050  10.30  10.03 
74    3.973   0.564   0.142  0.090  10.03  9.78 
75    4.896   0.539   0.110  0.134  9.78  9.54 
76    5.470   0.538   0.098  0.171  9.54  9.31 
77    5.349   0.559   0.105  0.199  9.31  9.09 
78    4.981   0.585   0.118  0.217  9.09  8.88 
79    4.219   0.623   0.148  0.225  8.88  8.68 
80    3.490   0.657   0.188  0.229  8.68  8.49 
81    2.813   0.687   0.244  0.224  8.49  8.30 
82    2.271   0.701   0.309  0.219  8.30  8.13 
83    1.956   0.691   0.353  0.216  8.13  7.96 
84    1.715   0.683   0.398  0.216  7.96  7.80 
85    1.559   0.684   0.439  0.222  7.80  7.35 
86    1.360   0.694   0.510  0.176  7.35  6.95 
87    1.704   0.646   0.379  0.126  6.95  6.59 
88    2.750   0.602   0.219  0.180  6.59  6.27 
89    3.515   0.582   0.166  0.271  6.27  5.97 
90    2.616   0.665   0.254  0.300  5.97  5.71 
91    1.722   0.716   0.416  0.317  5.71  5.46 
92    1.378   0.699   0.507  0.327  5.46  5.24 
93    1.279   0.683   0.534  0.273  5.24  5.03 
94    1.496   0.657   0.439  0.236  5.03  4.84 
95    2.285   0.605   0.265  0.256  4.84  4.66 
96    2.811   0.570   0.203  0.279  4.66  4.50 
