SiO2 porous sphere r=0.5um, porosity 90pct 
Created from file SiO2_0.5um_sca_asy.xlsx
Bin  Qext    Qscat     W0      g     L1     L2
 1    0.000   0.000   0.604  0.083  4.50  4.36 
 2    0.000   0.000   0.659  0.089  4.36  4.23 
 3    0.001   0.000   0.709  0.094  4.23  4.10 
 4    0.001   0.000   0.754  0.100  4.10  3.98 
 5    0.001   0.001   0.796  0.106  3.98  3.87 
 6    0.001   0.001   0.832  0.113  3.87  3.77 
 7    0.001   0.001   0.864  0.119  3.77  3.67 
 8    0.001   0.001   0.889  0.126  3.67  3.57 
 9    0.001   0.001   0.910  0.133  3.57  3.48 
10    0.001   0.001   0.928  0.140  3.48  3.40 
11    0.001   0.001   0.943  0.147  3.40  3.32 
12    0.001   0.001   0.956  0.155  3.32  3.24 
13    0.002   0.002   0.966  0.163  3.24  3.16 
14    0.002   0.002   0.974  0.171  3.16  3.08 
15    0.002   0.002   0.981  0.180  3.08  3.01 
16    0.002   0.002   0.986  0.189  3.01  2.94 
17    0.002   0.002   0.990  0.198  2.94  2.87 
18    0.002   0.002   0.993  0.208  2.87  2.81 
19    0.003   0.003   0.996  0.218  2.81  2.75 
20    0.003   0.003   0.997  0.227  2.75  2.69 
21    0.003   0.003   0.999  0.237  2.69  2.64 
22    0.003   0.003   0.999  0.247  2.64  2.58 
23    0.003   0.003   1.000  0.257  2.58  2.53 
24    0.004   0.004   1.000  0.267  2.53  2.48 
25    0.004   0.004   1.000  0.281  2.48  2.41 
26    0.004   0.004   1.000  0.297  2.41  2.35 
27    0.005   0.005   1.000  0.312  2.35  2.29 
28    0.005   0.005   1.000  0.329  2.29  2.23 
29    0.005   0.005   1.000  0.347  2.23  2.18 
30    0.006   0.006   1.000  0.365  2.18  2.13 
31    0.006   0.006   1.000  0.382  2.13  2.08 
32    0.006   0.006   1.000  0.398  2.08  2.03 
33    0.007   0.007   1.000  0.415  2.03  1.99 
34    0.007   0.007   1.000  0.433  1.99  1.94 
35    0.008   0.008   1.000  0.450  1.94  1.90 
36    0.008   0.008   1.000  0.468  1.90  1.86 
37    0.009   0.009   1.000  0.493  1.86  1.80 
38    0.009   0.009   1.000  0.524  1.80  1.74 
39    0.010   0.010   1.000  0.551  1.74  1.68 
40    0.011   0.011   1.000  0.576  1.68  1.63 
41    0.012   0.012   1.000  0.602  1.63  1.58 
42    0.013   0.013   1.000  0.627  1.58  1.54 
43    0.014   0.014   1.000  0.650  1.54  1.49 
44    0.014   0.014   1.000  0.669  1.49  1.45 
45    0.015   0.015   1.000  0.687  1.45  1.41 
46    0.017   0.017   1.000  0.704  1.41  1.38 
47    0.018   0.018   1.000  0.717  1.38  1.34 
48    0.019   0.019   1.000  0.729  1.34  1.31 
49    0.021   0.021   1.000  0.744  1.31  1.24 
50    0.023   0.023   1.000  0.759  1.24  1.18 
51    0.027   0.027   1.000  0.771  1.18  1.13 
52    0.030   0.030   1.000  0.781  1.13  1.08 
53    0.033   0.033   1.000  0.790  1.08  1.03 
54    0.036   0.036   1.000  0.800  1.03  0.99 
55    0.040   0.040   1.000  0.811  0.99  0.95 
56    0.044   0.044   1.000  0.824  0.95  0.92 
57    0.048   0.048   1.000  0.837  0.92  0.89 
58    0.052   0.052   1.000  0.848  0.89  0.86 
59    0.056   0.056   1.000  0.859  0.86  0.83 
60    0.060   0.060   1.000  0.867  0.83  0.80 
61    0.068   0.068   1.000  0.878  0.80  0.74 
62    0.082   0.082   1.000  0.890  0.74  0.69 
63    0.095   0.095   1.000  0.899  0.69  0.64 
64    0.111   0.111   1.000  0.911  0.64  0.60 
65    0.128   0.128   1.000  0.922  0.60  0.56 
66    0.144   0.144   1.000  0.928  0.56  0.53 
67    0.162   0.162   1.000  0.933  0.53  0.51 
68    0.181   0.181   1.000  0.937  0.51  0.48 
69    0.202   0.202   1.000  0.943  0.48  0.46 
70    0.228   0.228   1.000  0.948  0.46  0.44 
71    0.252   0.252   1.000  0.951  0.44  0.42 
72    0.272   0.272   1.000  0.953  0.42  0.40 
73    0.304   0.304   1.000  0.957  0.40  0.38 
74    0.351   0.351   1.000  0.962  0.38  0.36 
75    0.385   0.385   1.000  0.964  0.36  0.34 
76    0.424   0.424   1.000  0.966  0.34  0.33 
77    0.469   0.469   0.999  0.969  0.33  0.31 
78    0.523   0.522   0.999  0.971  0.31  0.30 
79    0.585   0.584   0.999  0.973  0.30  0.29 
80    0.632   0.632   0.999  0.974  0.29  0.28 
81    0.686   0.686   0.999  0.976  0.28  0.27 
82    0.748   0.747   0.999  0.977  0.27  0.26 
83    0.817   0.816   0.999  0.978  0.26  0.25 
84    0.895   0.894   0.999  0.979  0.25  0.24 

IR: 
Bin  Qext    Qscat     W0      g        L1       L2
 1    0.141   0.000   0.000  0.000  1000.00  292.68 
 2    0.141   0.000   0.000  0.000  292.68  171.43 
 3    0.141   0.000   0.000  0.000  171.43  121.21 
 4    0.141   0.000   0.000  0.000  121.21  93.75 
 5    0.141   0.000   0.000  0.000  93.75  76.43 
 6    0.141   0.000   0.000  0.000  76.43  64.52 
 7    0.141   0.000   0.000  0.000  64.52  55.81 
 8    0.161   0.000   0.000  0.000  55.81  49.18 
 9    0.161   0.000   0.000  0.001  49.18  43.96 
10    0.098   0.000   0.000  0.001  43.96  39.74 
11    0.036   0.000   0.000  0.001  39.74  36.25 
12    0.004   0.000   0.000  0.001  36.25  33.33 
13    0.000   0.000   1.000  0.001  33.33  31.17 
14    0.000   0.000   1.000  0.002  31.17  29.28 
15    0.000   0.000   1.000  0.002  29.28  27.60 
16    0.001   0.000   0.002  0.002  27.60  26.10 
17    0.012   0.000   0.000  0.003  26.10  24.76 
18    0.031   0.000   0.000  0.003  24.76  23.54 
19    0.061   0.000   0.000  0.003  23.54  22.45 
20    0.063   0.000   0.000  0.003  22.45  21.45 
21    0.032   0.000   0.000  0.004  21.45  20.53 
22    0.018   0.000   0.000  0.004  20.53  19.69 
23    0.012   0.000   0.000  0.004  19.69  18.92 
24    0.010   0.000   0.000  0.005  18.92  18.20 
25    0.009   0.000   0.000  0.005  18.20  17.96 
26    0.009   0.000   0.000  0.005  17.96  17.73 
27    0.009   0.000   0.000  0.005  17.73  17.50 
28    0.009   0.000   0.000  0.005  17.50  17.28 
29    0.009   0.000   0.000  0.005  17.28  17.07 
30    0.008   0.000   0.000  0.006  17.07  16.86 
31    0.008   0.000   0.000  0.006  16.86  16.65 
32    0.008   0.000   0.000  0.006  16.65  16.45 
33    0.008   0.000   0.000  0.006  16.45  16.26 
34    0.008   0.000   0.000  0.006  16.26  16.07 
35    0.008   0.000   0.000  0.006  16.07  15.88 
36    0.008   0.000   0.000  0.006  15.88  15.70 
37    0.008   0.000   0.000  0.007  15.70  15.56 
38    0.008   0.000   0.001  0.007  15.56  15.43 
39    0.007   0.000   0.001  0.007  15.43  15.30 
40    0.007   0.000   0.001  0.007  15.30  15.17 
41    0.007   0.000   0.001  0.007  15.17  15.04 
42    0.007   0.000   0.001  0.007  15.04  14.91 
43    0.007   0.000   0.001  0.007  14.91  14.79 
44    0.007   0.000   0.001  0.007  14.79  14.67 
45    0.007   0.000   0.001  0.008  14.67  14.55 
46    0.007   0.000   0.001  0.008  14.55  14.43 
47    0.007   0.000   0.001  0.008  14.43  14.31 
48    0.007   0.000   0.001  0.008  14.31  14.20 
49    0.007   0.000   0.001  0.008  14.20  14.08 
50    0.007   0.000   0.001  0.008  14.08  13.97 
51    0.007   0.000   0.001  0.008  13.97  13.85 
52    0.007   0.000   0.002  0.008  13.85  13.74 
53    0.007   0.000   0.002  0.009  13.74  13.63 
54    0.007   0.000   0.002  0.009  13.63  13.52 
55    0.007   0.000   0.002  0.009  13.52  13.41 
56    0.007   0.000   0.002  0.009  13.41  13.31 
57    0.008   0.000   0.002  0.009  13.31  13.20 
58    0.009   0.000   0.002  0.009  13.20  13.10 
59    0.010   0.000   0.002  0.010  13.10  13.00 
60    0.012   0.000   0.002  0.010  13.00  12.90 
61    0.016   0.000   0.002  0.010  12.90  12.63 
62    0.022   0.000   0.001  0.010  12.63  12.38 
63    0.024   0.000   0.001  0.011  12.38  12.13 
64    0.020   0.000   0.001  0.011  12.13  11.90 
65    0.014   0.000   0.001  0.012  11.90  11.67 
66    0.009   0.000   0.002  0.012  11.67  11.45 
67    0.006   0.000   0.005  0.013  11.45  11.24 
68    0.005   0.000   0.008  0.013  11.24  11.04 
69    0.004   0.000   0.012  0.014  11.04  10.85 
70    0.005   0.000   0.016  0.014  10.85  10.66 
71    0.007   0.000   0.016  0.015  10.66  10.48 
72    0.014   0.000   0.012  0.015  10.48  10.30 
73    0.038   0.000   0.008  0.016  10.30  10.03 
74    0.101   0.001   0.005  0.017  10.03  9.78 
75    0.184   0.001   0.004  0.018  9.78  9.54 
76    0.216   0.001   0.004  0.018  9.54  9.31 
77    0.148   0.001   0.004  0.018  9.31  9.09 
78    0.064   0.000   0.003  0.019  9.09  8.88 
79    0.038   0.000   0.002  0.020  8.88  8.68 
80    0.045   0.000   0.001  0.021  8.68  8.49 
81    0.050   0.000   0.001  0.022  8.49  8.30 
82    0.054   0.000   0.002  0.023  8.30  8.13 
83    0.032   0.000   0.002  0.024  8.13  7.96 
84    0.010   0.000   0.003  0.025  7.96  7.80 
85    0.003   0.000   0.001  0.028  7.80  7.35 
86    0.002   0.000   0.001  0.031  7.35  6.95 
87    0.001   0.000   0.006  0.035  6.95  6.59 
88    0.001   0.000   0.019  0.039  6.59  6.27 
89    0.001   0.000   0.045  0.043  6.27  5.97 
90    0.001   0.000   0.087  0.047  5.97  5.71 
91    0.000   0.000   0.165  0.052  5.71  5.46 
92    0.000   0.000   0.276  0.057  5.46  5.24 
93    0.000   0.000   0.391  0.062  5.24  5.03 
94    0.000   0.000   0.436  0.067  5.03  4.84 
95    0.000   0.000   0.488  0.072  4.84  4.66 
96    0.000   0.000   0.546  0.078  4.66  4.50 
