Pyroxene with 20% of iron, 100nm 
Created from file pyrmg80_opac_m1.dat
Bin  Qext    Qscat     W0      g     L1     L2
 1    0.001   0.001   0.616  0.020  4.50  4.36 
 2    0.001   0.001   0.666  0.022  4.36  4.23 
 3    0.001   0.001   0.695  0.023  4.23  4.10 
 4    0.001   0.001   0.724  0.024  4.10  3.98 
 5    0.001   0.001   0.746  0.026  3.98  3.87 
 6    0.002   0.001   0.765  0.027  3.87  3.77 
 7    0.002   0.001   0.783  0.029  3.77  3.67 
 8    0.002   0.001   0.794  0.030  3.67  3.57 
 9    0.002   0.002   0.810  0.032  3.57  3.48 
10    0.002   0.002   0.824  0.034  3.48  3.40 
11    0.002   0.002   0.833  0.035  3.40  3.32 
12    0.003   0.002   0.842  0.037  3.32  3.24 
13    0.003   0.002   0.854  0.039  3.24  3.16 
14    0.003   0.003   0.865  0.041  3.16  3.08 
15    0.003   0.003   0.873  0.043  3.08  3.01 
16    0.004   0.003   0.879  0.045  3.01  2.94 
17    0.004   0.004   0.889  0.048  2.94  2.87 
18    0.005   0.004   0.897  0.050  2.87  2.81 
19    0.005   0.005   0.904  0.052  2.81  2.75 
20    0.005   0.005   0.910  0.055  2.75  2.69 
21    0.006   0.005   0.916  0.057  2.69  2.64 
22    0.006   0.006   0.922  0.059  2.64  2.58 
23    0.007   0.006   0.926  0.061  2.58  2.53 
24    0.007   0.007   0.930  0.064  2.53  2.48 
25    0.008   0.007   0.933  0.066  2.48  2.41 
26    0.009   0.008   0.938  0.070  2.41  2.35 
27    0.010   0.009   0.941  0.075  2.35  2.29 
28    0.011   0.010   0.944  0.077  2.29  2.23 
29    0.012   0.012   0.947  0.082  2.23  2.18 
30    0.014   0.013   0.950  0.087  2.18  2.13 
31    0.015   0.014   0.951  0.091  2.13  2.08 
32    0.016   0.015   0.953  0.094  2.08  2.03 
33    0.017   0.017   0.955  0.098  2.03  1.99 
34    0.019   0.018   0.957  0.104  1.99  1.94 
35    0.021   0.020   0.959  0.110  1.94  1.90 
36    0.023   0.022   0.961  0.114  1.90  1.86 
37    0.025   0.024   0.963  0.119  1.86  1.80 
38    0.028   0.027   0.966  0.126  1.80  1.74 
39    0.033   0.032   0.970  0.137  1.74  1.68 
40    0.037   0.036   0.973  0.145  1.68  1.63 
41    0.041   0.040   0.975  0.154  1.63  1.58 
42    0.047   0.046   0.977  0.166  1.58  1.54 
43    0.052   0.051   0.978  0.175  1.54  1.49 
44    0.057   0.056   0.979  0.183  1.49  1.45 
45    0.064   0.063   0.980  0.194  1.45  1.41 
46    0.073   0.071   0.981  0.206  1.41  1.38 
47    0.077   0.076   0.981  0.214  1.38  1.34 
48    0.085   0.083   0.982  0.226  1.34  1.31 
49    0.097   0.096   0.982  0.243  1.31  1.24 
50    0.118   0.116   0.983  0.267  1.24  1.18 
51    0.140   0.138   0.984  0.291  1.18  1.13 
52    0.165   0.163   0.985  0.316  1.13  1.08 
53    0.195   0.193   0.986  0.342  1.08  1.03 
54    0.223   0.220   0.987  0.363  1.03  0.99 
55    0.254   0.251   0.988  0.384  0.99  0.95 
56    0.289   0.286   0.989  0.405  0.95  0.92 
57    0.328   0.325   0.990  0.424  0.92  0.89 
58    0.360   0.356   0.990  0.439  0.89  0.86 
59    0.393   0.390   0.990  0.453  0.86  0.83 
60    0.442   0.438   0.991  0.471  0.83  0.80 
61    0.523   0.519   0.992  0.495  0.80  0.74 
62    0.648   0.643   0.992  0.525  0.74  0.69 
63    0.775   0.769   0.992  0.548  0.69  0.64 
64    0.897   0.890   0.993  0.565  0.64  0.60 
65    1.051   1.043   0.993  0.582  0.60  0.56 
66    1.190   1.181   0.993  0.595  0.56  0.53 
67    1.309   1.299   0.992  0.605  0.53  0.51 
68    1.457   1.445   0.992  0.616  0.51  0.48 
69    1.587   1.573   0.991  0.623  0.48  0.46 
70    1.715   1.698   0.990  0.628  0.46  0.44 
71    1.839   1.813   0.986  0.633  0.44  0.42 
72    1.931   1.888   0.977  0.638  0.42  0.40 
73    2.033   1.952   0.960  0.643  0.40  0.38 
74    2.130   1.981   0.930  0.651  0.38  0.36 
75    2.188   1.969   0.900  0.658  0.36  0.34 
76    2.220   1.946   0.877  0.663  0.34  0.33 
77    2.245   1.913   0.852  0.668  0.33  0.31 
78    2.251   1.858   0.826  0.673  0.31  0.30 
79    2.245   1.810   0.806  0.677  0.30  0.29 
80    2.232   1.759   0.788  0.680  0.29  0.28 
81    2.216   1.717   0.775  0.681  0.28  0.27 
82    2.193   1.672   0.762  0.681  0.27  0.26 
83    2.172   1.634   0.752  0.680  0.26  0.25 
84    2.147   1.592   0.741  0.679  0.25  0.24 

IR: 
Bin  Qext    Qscat     W0      g        L1       L2
 1    0.001   0.000   0.000  0.000  1000.00  292.68 
 2    0.001   0.000   0.000  0.000  292.68  171.43 
 3    0.001   0.000   0.000  0.000  171.43  121.21 
 4    0.001   0.000   0.000  0.000  121.21  93.75 
 5    0.002   0.000   0.000  0.000  93.75  76.43 
 6    0.002   0.000   0.000  0.000  76.43  64.52 
 7    0.003   0.000   0.000  0.000  64.52  55.81 
 8    0.004   0.000   0.000  0.000  55.81  49.18 
 9    0.005   0.000   0.000  0.000  49.18  43.96 
10    0.007   0.000   0.000  0.000  43.96  39.74 
11    0.008   0.000   0.000  0.000  39.74  36.25 
12    0.011   0.000   0.000  0.001  36.25  33.33 
13    0.013   0.000   0.000  0.001  33.33  31.17 
14    0.015   0.000   0.000  0.001  31.17  29.28 
15    0.018   0.000   0.000  0.001  29.28  27.60 
16    0.020   0.000   0.000  0.001  27.60  26.10 
17    0.023   0.000   0.000  0.001  26.10  24.76 
18    0.025   0.000   0.000  0.001  24.76  23.54 
19    0.029   0.000   0.000  0.001  23.54  22.45 
20    0.034   0.000   0.000  0.001  22.45  21.45 
21    0.041   0.000   0.000  0.001  21.45  20.53 
22    0.047   0.000   0.000  0.001  20.53  19.69 
23    0.053   0.000   0.000  0.001  19.69  18.92 
24    0.060   0.000   0.000  0.001  18.92  18.20 
25    0.064   0.000   0.000  0.001  18.20  17.96 
26    0.065   0.000   0.000  0.001  17.96  17.73 
27    0.064   0.000   0.000  0.001  17.73  17.50 
28    0.064   0.000   0.000  0.001  17.50  17.28 
29    0.060   0.000   0.000  0.001  17.28  17.07 
30    0.054   0.000   0.000  0.001  17.07  16.86 
31    0.054   0.000   0.000  0.001  16.86  16.65 
32    0.048   0.000   0.000  0.001  16.65  16.45 
33    0.048   0.000   0.000  0.001  16.45  16.26 
34    0.040   0.000   0.000  0.001  16.26  16.07 
35    0.033   0.000   0.000  0.001  16.07  15.88 
36    0.033   0.000   0.000  0.001  15.88  15.70 
37    0.027   0.000   0.000  0.002  15.70  15.56 
38    0.027   0.000   0.000  0.002  15.56  15.43 
39    0.023   0.000   0.000  0.002  15.43  15.30 
40    0.023   0.000   0.000  0.002  15.30  15.17 
41    0.023   0.000   0.000  0.002  15.17  15.04 
42    0.020   0.000   0.000  0.002  15.04  14.91 
43    0.020   0.000   0.000  0.002  14.91  14.79 
44    0.019   0.000   0.000  0.002  14.79  14.67 
45    0.019   0.000   0.000  0.002  14.67  14.55 
46    0.018   0.000   0.000  0.002  14.55  14.43 
47    0.018   0.000   0.000  0.002  14.43  14.31 
48    0.018   0.000   0.000  0.002  14.31  14.20 
49    0.018   0.000   0.000  0.002  14.20  14.08 
50    0.018   0.000   0.000  0.002  14.08  13.97 
51    0.017   0.000   0.001  0.002  13.97  13.85 
52    0.017   0.000   0.001  0.002  13.85  13.74 
53    0.016   0.000   0.001  0.002  13.74  13.63 
54    0.016   0.000   0.001  0.002  13.63  13.52 
55    0.016   0.000   0.001  0.002  13.52  13.41 
56    0.016   0.000   0.001  0.003  13.41  13.31 
57    0.016   0.000   0.001  0.003  13.31  13.20 
58    0.015   0.000   0.001  0.003  13.20  13.10 
59    0.015   0.000   0.001  0.003  13.10  13.00 
60    0.015   0.000   0.001  0.003  13.00  12.90 
61    0.015   0.000   0.001  0.003  12.90  12.63 
62    0.015   0.000   0.001  0.003  12.63  12.38 
63    0.016   0.000   0.002  0.003  12.38  12.13 
64    0.018   0.000   0.002  0.004  12.13  11.90 
65    0.022   0.000   0.002  0.004  11.90  11.67 
66    0.030   0.000   0.002  0.004  11.67  11.45 
67    0.038   0.000   0.001  0.004  11.45  11.24 
68    0.046   0.000   0.001  0.004  11.24  11.04 
69    0.056   0.000   0.001  0.004  11.04  10.85 
70    0.066   0.000   0.001  0.004  10.85  10.66 
71    0.077   0.000   0.001  0.004  10.66  10.48 
72    0.089   0.000   0.001  0.004  10.48  10.30 
73    0.096   0.000   0.001  0.003  10.30  10.03 
74    0.119   0.000   0.001  0.003  10.03  9.78 
75    0.138   0.000   0.001  0.003  9.78  9.54 
76    0.156   0.000   0.001  0.003  9.54  9.31 
77    0.151   0.000   0.001  0.003  9.31  9.09 
78    0.132   0.000   0.001  0.004  9.09  8.88 
79    0.107   0.000   0.001  0.004  8.88  8.68 
80    0.083   0.000   0.000  0.004  8.68  8.49 
81    0.061   0.000   0.000  0.004  8.49  8.30 
82    0.033   0.000   0.000  0.005  8.30  8.13 
83    0.012   0.000   0.000  0.005  8.13  7.96 
84    0.008   0.000   0.001  0.006  7.96  7.80 
85    0.003   0.000   0.008  0.006  7.80  7.35 
86    0.001   0.000   0.034  0.007  7.35  6.95 
87    0.001   0.000   0.058  0.008  6.95  6.59 
88    0.001   0.000   0.085  0.009  6.59  6.27 
89    0.001   0.000   0.115  0.010  6.27  5.97 
90    0.001   0.000   0.144  0.011  5.97  5.71 
91    0.001   0.000   0.172  0.013  5.71  5.46 
92    0.001   0.000   0.216  0.014  5.46  5.24 
93    0.001   0.000   0.278  0.015  5.24  5.03 
94    0.001   0.000   0.356  0.016  5.03  4.84 
95    0.001   0.000   0.450  0.018  4.84  4.66 
96    0.001   0.001   0.540  0.019  4.66  4.50 
