Graphene mix 250nm (16:1) and 1um 
Created from file graphene_mix_1um_250nm_concatenated.dat
Bin  Qext    Qscat     W0      g     L1     L2
 1    1.282   0.000   0.000  -0.000  4.50  4.36 
 2    1.258   0.000   0.000  -0.000  4.36  4.23 
 3    1.293   0.000   0.000  -0.000  4.23  4.10 
 4    1.301   0.000   0.000  -0.000  4.10  3.98 
 5    1.251   0.000   0.000  -0.000  3.98  3.87 
 6    1.179   0.000   0.000  -0.000  3.87  3.77 
 7    1.178   0.000   0.000  -0.000  3.77  3.67 
 8    1.206   0.000   0.000  -0.000  3.67  3.57 
 9    1.192   0.000   0.000  -0.000  3.57  3.48 
10    1.148   0.000   0.000  -0.000  3.48  3.40 
11    1.127   0.000   0.000  -0.001  3.40  3.32 
12    1.175   0.000   0.000  -0.000  3.32  3.24 
13    1.215   0.000   0.000  -0.000  3.24  3.16 
14    1.201   0.000   0.000  -0.001  3.16  3.08 
15    1.191   0.000   0.000  -0.001  3.08  3.01 
16    1.240   0.000   0.000  -0.001  3.01  2.94 
17    1.281   0.000   0.000  -0.001  2.94  2.87 
18    1.280   0.000   0.000  -0.001  2.87  2.81 
19    1.248   0.000   0.000  -0.001  2.81  2.75 
20    1.263   0.000   0.000  -0.002  2.75  2.69 
21    1.284   0.000   0.000  -0.001  2.69  2.64 
22    1.274   0.000   0.000  -0.000  2.64  2.58 
23    1.220   0.000   0.000  0.000  2.58  2.53 
24    1.214   0.000   0.000  0.000  2.53  2.48 
25    1.211   0.000   0.000  0.000  2.48  2.41 
26    1.191   0.000   0.000  0.000  2.41  2.35 
27    1.162   0.000   0.000  0.000  2.35  2.29 
28    1.201   0.000   0.000  0.000  2.29  2.23 
29    1.198   0.000   0.000  0.000  2.23  2.18 
30    1.198   0.000   0.000  0.000  2.18  2.13 
31    1.250   0.000   0.000  -0.000  2.13  2.08 
32    1.258   0.000   0.000  -0.000  2.08  2.03 
33    1.246   0.000   0.000  -0.000  2.03  1.99 
34    1.251   0.000   0.000  -0.000  1.99  1.94 
35    1.253   0.000   0.000  -0.000  1.94  1.90 
36    1.246   0.000   0.000  -0.000  1.90  1.86 
37    1.221   0.000   0.000  0.000  1.86  1.80 
38    1.182   0.000   0.000  0.000  1.80  1.74 
39    1.180   0.000   0.000  -0.000  1.74  1.68 
40    1.209   0.000   0.000  -0.000  1.68  1.63 
41    1.235   0.000   0.000  -0.000  1.63  1.58 
42    1.248   0.000   0.000  -0.000  1.58  1.54 
43    1.241   0.000   0.000  -0.000  1.54  1.49 
44    1.223   0.000   0.000  -0.000  1.49  1.45 
45    1.210   0.000   0.000  -0.000  1.45  1.41 
46    1.200   0.000   0.000  -0.000  1.41  1.38 
47    1.215   0.000   0.000  -0.000  1.38  1.34 
48    1.234   0.000   0.000  -0.000  1.34  1.31 
49    1.241   0.000   0.000  -0.000  1.31  1.24 
50    1.240   0.000   0.000  -0.000  1.24  1.18 
51    1.237   0.000   0.000  -0.000  1.18  1.13 
52    1.245   0.000   0.000  -0.000  1.13  1.08 
53    1.251   0.000   0.000  -0.000  1.08  1.03 
54    1.250   0.000   0.000  -0.000  1.03  0.99 
55    1.251   0.000   0.000  -0.000  0.99  0.95 
56    1.252   0.000   0.000  -0.000  0.95  0.92 
57    1.255   0.000   0.000  -0.000  0.92  0.89 
58    1.259   0.000   0.000  -0.000  0.89  0.86 
59    1.264   0.000   0.000  -0.000  0.86  0.83 
60    1.270   0.000   0.000  -0.000  0.83  0.80 
61    1.282   0.000   0.000  -0.000  0.80  0.74 
62    1.303   0.000   0.000  -0.000  0.74  0.69 
63    1.331   0.000   0.000  0.000  0.69  0.64 
64    1.360   0.000   0.000  0.000  0.64  0.60 
65    1.405   0.000   0.000  -0.000  0.60  0.56 
66    1.451   0.000   0.000  -0.000  0.56  0.53 
67    1.499   0.000   0.000  -0.000  0.53  0.51 
68    1.556   0.000   0.000  -0.000  0.51  0.48 
69    1.610   0.000   0.000  -0.000  0.48  0.46 
70    1.659   0.000   0.000  -0.000  0.46  0.44 
71    1.703   0.000   0.000  -0.000  0.44  0.42 
72    1.746   0.000   0.000  -0.000  0.42  0.40 
73    1.790   0.000   0.000  0.000  0.40  0.38 
74    2.151   0.000   0.000  0.000  0.38  0.36 
75    2.840   0.000   0.000  0.000  0.36  0.34 
76    3.496   0.000   0.000  0.000  0.34  0.33 
77    4.121   0.000   0.000  0.000  0.33  0.31 
78    4.664   0.000   0.000  0.000  0.31  0.30 
79    5.686   0.000   0.000  0.000  0.30  0.29 
80    7.127   0.000   0.000  0.000  0.29  0.28 
81    7.963   0.000   0.000  -0.000  0.28  0.27 
82    7.589   0.000   0.000  -0.000  0.27  0.26 
83    6.255   0.000   0.000  -0.000  0.26  0.25 
84    4.456   0.000   0.000  -0.000  0.25  0.24 

IR: 
Bin  Qext    Qscat     W0      g        L1       L2
 1    0.315   0.003   0.010  0.000  1000.00  292.68 
 2    0.315   0.003   0.010  0.000  292.68  171.43 
 3    0.315   0.003   0.010  0.000  171.43  121.21 
 4    0.315   0.003   0.010  0.000  121.21  93.75 
 5    0.315   0.003   0.010  0.000  93.75  76.43 
 6    0.315   0.003   0.010  0.000  76.43  64.52 
 7    0.315   0.003   0.010  0.000  64.52  55.81 
 8    0.428   0.004   0.010  0.000  55.81  49.18 
 9    0.680   0.007   0.010  0.000  49.18  43.96 
10    0.570   0.006   0.010  0.000  43.96  39.74 
11    0.471   0.005   0.010  -0.000  39.74  36.25 
12    0.901   0.009   0.010  -0.000  36.25  33.33 
13    1.755   0.018   0.010  -0.000  33.33  31.17 
14    2.568   0.026   0.010  0.000  31.17  29.28 
15    2.936   0.029   0.010  0.000  29.28  27.60 
16    3.311   0.033   0.010  0.000  27.60  26.10 
17    5.037   0.050   0.010  0.000  26.10  24.76 
18    9.448   0.094   0.010  0.000  24.76  23.54 
19    16.140   0.161   0.010  0.000  23.54  22.45 
20    23.192   0.232   0.010  0.000  22.45  21.45 
21    28.447   0.284   0.010  0.000  21.45  20.53 
22    29.109   0.291   0.010  0.000  20.53  19.69 
23    24.485   0.245   0.010  0.000  19.69  18.92 
24    17.326   0.173   0.010  0.000  18.92  18.20 
25    13.222   0.132   0.010  0.000  18.20  17.96 
26    10.995   0.110   0.010  0.000  17.96  17.73 
27    9.233   0.092   0.010  0.000  17.73  17.50 
28    7.611   0.076   0.010  0.000  17.50  17.28 
29    6.625   0.066   0.010  0.000  17.28  17.07 
30    5.899   0.059   0.010  0.000  17.07  16.86 
31    5.420   0.054   0.010  0.000  16.86  16.65 
32    5.402   0.054   0.010  0.000  16.65  16.45 
33    5.375   0.054   0.010  0.000  16.45  16.26 
34    5.382   0.054   0.010  0.000  16.26  16.07 
35    5.411   0.054   0.010  0.000  16.07  15.88 
36    5.454   0.055   0.010  0.000  15.88  15.70 
37    5.276   0.053   0.010  0.000  15.70  15.56 
38    5.027   0.050   0.010  0.000  15.56  15.43 
39    4.781   0.048   0.010  0.000  15.43  15.30 
40    4.536   0.045   0.010  0.000  15.30  15.17 
41    4.162   0.042   0.010  0.000  15.17  15.04 
42    3.740   0.037   0.010  0.000  15.04  14.91 
43    3.323   0.033   0.010  0.000  14.91  14.79 
44    3.323   0.033   0.010  0.000  14.79  14.67 
45    2.908   0.029   0.010  0.000  14.67  14.55 
46    2.625   0.026   0.010  0.000  14.55  14.43 
47    2.474   0.025   0.010  0.000  14.43  14.31 
48    2.325   0.023   0.010  0.000  14.31  14.20 
49    2.176   0.022   0.010  0.000  14.20  14.08 
50    2.079   0.021   0.010  0.000  14.08  13.97 
51    2.375   0.024   0.010  0.000  13.97  13.85 
52    2.668   0.027   0.010  0.000  13.85  13.74 
53    2.959   0.030   0.010  0.000  13.74  13.63 
54    3.247   0.032   0.010  0.000  13.63  13.52 
55    3.518   0.035   0.010  0.000  13.52  13.41 
56    3.773   0.038   0.010  0.000  13.41  13.31 
57    3.773   0.038   0.010  0.000  13.31  13.20 
58    4.026   0.040   0.010  0.000  13.20  13.10 
59    4.276   0.043   0.010  -0.000  13.10  13.00 
60    4.525   0.045   0.010  -0.000  13.00  12.90 
61    4.412   0.044   0.010  -0.000  12.90  12.63 
62    4.101   0.041   0.010  -0.000  12.63  12.38 
63    4.601   0.046   0.010  -0.000  12.38  12.13 
64    5.553   0.056   0.010  -0.000  12.13  11.90 
65    7.039   0.070   0.010  -0.000  11.90  11.67 
66    11.053   0.111   0.010  -0.000  11.67  11.45 
67    16.325   0.163   0.010  -0.000  11.45  11.24 
68    21.102   0.211   0.010  -0.000  11.24  11.04 
69    24.676   0.247   0.010  -0.000  11.04  10.85 
70    27.374   0.274   0.010  -0.000  10.85  10.66 
71    25.138   0.251   0.010  0.000  10.66  10.48 
72    22.123   0.221   0.010  0.000  10.48  10.30 
73    19.009   0.190   0.010  0.000  10.30  10.03 
74    13.968   0.140   0.010  0.000  10.03  9.78 
75    7.938   0.079   0.010  0.000  9.78  9.54 
76    5.536   0.055   0.010  0.000  9.54  9.31 
77    4.735   0.047   0.010  0.000  9.31  9.09 
78    3.950   0.039   0.010  0.000  9.09  8.88 
79    2.948   0.029   0.010  0.000  8.88  8.68 
80    1.966   0.020   0.010  0.000  8.68  8.49 
81    1.427   0.014   0.010  -0.000  8.49  8.30 
82    1.316   0.013   0.010  -0.000  8.30  8.13 
83    1.211   0.012   0.010  -0.000  8.13  7.96 
84    1.152   0.012   0.010  -0.000  7.96  7.80 
85    1.114   0.011   0.010  -0.000  7.80  7.35 
86    1.139   0.011   0.010  -0.000  7.35  6.95 
87    1.183   0.012   0.010  -0.000  6.95  6.59 
88    1.151   0.012   0.010  -0.001  6.59  6.27 
89    1.105   0.011   0.010  -0.001  6.27  5.97 
90    1.146   0.011   0.010  -0.000  5.97  5.71 
91    1.232   0.012   0.010  -0.000  5.71  5.46 
92    1.251   0.013   0.010  -0.001  5.46  5.24 
93    1.218   0.012   0.010  -0.000  5.24  5.03 
94    1.252   0.013   0.010  -0.000  5.03  4.84 
95    1.325   0.013   0.010  -0.000  4.84  4.66 
96    1.340   0.013   0.010  -0.000  4.66  4.50 
