SiO2 Micro rods 5um long, 1um diameter 
Cross_sections_SiO2_Rod_5um_1um_1um_25nmMesh_0.2um55um_20250514.txt
Bin  Qext    Qscat     W0      g     L1     L2
 1    0.768   0.768   1.000  0.184  4.50  4.36 
 2    0.768   0.768   1.000  0.184  4.36  4.23 
 3    0.768   0.768   1.000  0.184  4.23  4.10 
 4    0.978   0.960   0.982  0.232  4.10  3.98 
 5    0.978   0.960   0.982  0.232  3.98  3.87 
 6    0.978   0.960   0.982  0.232  3.87  3.77 
 7    0.978   0.960   0.982  0.232  3.77  3.67 
 8    1.184   1.165   0.984  0.306  3.67  3.57 
 9    1.184   1.165   0.984  0.306  3.57  3.48 
10    1.184   1.165   0.984  0.306  3.48  3.40 
11    1.184   1.165   0.984  0.306  3.40  3.32 
12    1.393   1.393   1.000  0.422  3.32  3.24 
13    1.393   1.393   1.000  0.422  3.24  3.16 
14    1.393   1.393   1.000  0.422  3.16  3.08 
15    1.393   1.393   1.000  0.422  3.08  3.01 
16    1.393   1.393   1.000  0.422  3.01  2.94 
17    1.841   1.754   0.953  0.566  2.94  2.87 
18    1.841   1.754   0.953  0.566  2.87  2.81 
19    1.841   1.754   0.953  0.566  2.81  2.75 
20    1.841   1.754   0.953  0.566  2.75  2.69 
21    1.841   1.754   0.953  0.566  2.69  2.64 
22    1.841   1.754   0.953  0.566  2.64  2.58 
23    2.470   2.394   0.970  0.684  2.58  2.53 
24    2.470   2.394   0.970  0.684  2.53  2.48 
25    2.470   2.394   0.970  0.684  2.48  2.41 
26    2.470   2.394   0.970  0.684  2.41  2.35 
27    2.470   2.394   0.970  0.684  2.35  2.29 
28    2.470   2.394   0.970  0.684  2.29  2.23 
29    3.537   3.476   0.983  0.677  2.23  2.18 
30    3.537   3.476   0.983  0.677  2.18  2.13 
31    3.537   3.476   0.983  0.677  2.13  2.08 
32    3.537   3.476   0.983  0.677  2.08  2.03 
33    3.537   3.476   0.983  0.677  2.03  1.99 
34    3.537   3.476   0.983  0.677  1.99  1.94 
35    3.537   3.476   0.983  0.677  1.94  1.90 
36    3.537   3.476   0.983  0.677  1.90  1.86 
37    4.271   4.222   0.988  0.694  1.86  1.80 
38    4.271   4.222   0.988  0.694  1.80  1.74 
39    4.271   4.222   0.988  0.694  1.74  1.68 
40    4.271   4.222   0.988  0.694  1.68  1.63 
41    4.271   4.222   0.988  0.694  1.63  1.58 
42    4.271   4.222   0.988  0.694  1.58  1.54 
43    4.271   4.222   0.988  0.694  1.54  1.49 
44    6.029   5.972   0.991  0.839  1.49  1.45 
45    6.029   5.972   0.991  0.839  1.45  1.41 
46    6.029   5.972   0.991  0.839  1.41  1.38 
47    6.029   5.972   0.991  0.839  1.38  1.34 
48    6.029   5.972   0.991  0.839  1.34  1.31 
49    6.029   5.972   0.991  0.839  1.31  1.24 
50    6.029   5.972   0.991  0.839  1.24  1.18 
51    6.029   5.972   0.991  0.839  1.18  1.13 
52    8.361   8.316   0.995  0.874  1.13  1.08 
53    8.361   8.316   0.995  0.874  1.08  1.03 
54    8.361   8.316   0.995  0.874  1.03  0.99 
55    8.361   8.316   0.995  0.874  0.99  0.95 
56    8.361   8.316   0.995  0.874  0.95  0.92 
57    8.361   8.316   0.995  0.874  0.92  0.89 
58    8.361   8.316   0.995  0.874  0.89  0.86 
59    8.361   8.316   0.995  0.874  0.86  0.83 
60    8.361   8.316   0.995  0.874  0.83  0.80 
61    8.361   8.316   0.995  0.874  0.80  0.74 
62    4.034   3.995   0.990  0.712  0.74  0.69 
63    4.034   3.995   0.990  0.712  0.69  0.64 
64    4.034   3.995   0.990  0.712  0.64  0.60 
65    4.034   3.995   0.990  0.712  0.60  0.56 
66    4.034   3.995   0.990  0.712  0.56  0.53 
67    4.034   3.995   0.990  0.712  0.53  0.51 
68    4.034   3.995   0.990  0.712  0.51  0.48 
69    4.034   3.995   0.990  0.712  0.48  0.46 
70    4.034   3.995   0.990  0.712  0.46  0.44 
71    4.034   3.995   0.990  0.712  0.44  0.42 
72    4.034   3.995   0.990  0.712  0.42  0.40 
73    4.034   3.995   0.990  0.712  0.40  0.38 
74    6.072   6.027   0.993  0.570  0.38  0.36 
75    6.072   6.027   0.993  0.570  0.36  0.34 
76    6.072   6.027   0.993  0.570  0.34  0.33 
77    6.072   6.027   0.993  0.570  0.33  0.31 
78    6.072   6.027   0.993  0.570  0.31  0.30 
79    6.072   6.027   0.993  0.570  0.30  0.29 
80    6.072   6.027   0.993  0.570  0.29  0.28 
81    6.072   6.027   0.993  0.570  0.28  0.27 
82    6.072   6.027   0.993  0.570  0.27  0.26 
83    6.072   6.027   0.993  0.570  0.26  0.25 
84    6.072   6.027   0.993  0.570  0.25  0.24 

IR: 
Bin  Qext    Qscat     W0      g        L1       L2
 1    0.272   0.002   0.006  0.009  1000.00  292.68 
 2    0.272   0.002   0.006  0.009  292.68  171.43 
 3    0.272   0.002   0.006  0.009  171.43  121.21 
 4    0.272   0.002   0.006  0.009  121.21  93.75 
 5    0.272   0.002   0.006  0.009  93.75  76.43 
 6    0.272   0.002   0.006  0.009  76.43  64.52 
 7    0.272   0.002   0.006  0.009  64.52  55.81 
 8    0.190   0.001   0.005  -0.019  55.81  49.18 
 9    0.017   0.000   0.003  -0.066  49.18  43.96 
10    0.001   0.001   1.000  -0.001  43.96  39.74 
11    0.004   0.004   1.000  0.007  39.74  36.25 
12    0.009   0.009   1.000  0.009  36.25  33.33 
13    0.017   0.017   1.000  0.010  33.33  31.17 
14    0.158   0.026   0.166  0.011  31.17  29.28 
15    0.560   0.036   0.064  0.011  29.28  27.60 
16    1.004   0.044   0.044  0.011  27.60  26.10 
17    1.415   0.050   0.035  0.010  26.10  24.76 
18    1.718   0.052   0.030  0.010  24.76  23.54 
19    1.867   0.050   0.027  0.009  23.54  22.45 
20    1.854   0.044   0.024  0.009  22.45  21.45 
21    1.691   0.036   0.021  0.007  21.45  20.53 
22    1.368   0.024   0.018  0.005  20.53  19.69 
23    0.936   0.013   0.013  -0.000  19.69  18.92 
24    0.558   0.005   0.009  -0.013  18.92  18.20 
25    0.466   0.004   0.008  -0.018  18.20  17.96 
26    0.299   0.002   0.007  -0.034  17.96  17.73 
27    0.158   0.002   0.012  -0.013  17.73  17.50 
28    0.158   0.002   0.012  -0.013  17.50  17.28 
29    0.053   0.003   0.064  0.024  17.28  17.07 
30    0.053   0.003   0.064  0.024  17.07  16.86 
31    0.007   0.007   1.000  0.028  16.86  16.65 
32    0.012   0.012   1.000  0.027  16.65  16.45 
33    0.012   0.012   1.000  0.027  16.45  16.26 
34    0.026   0.019   0.712  0.025  16.26  16.07 
35    0.026   0.019   0.712  0.025  16.07  15.88 
36    0.115   0.026   0.228  0.024  15.88  15.70 
37    0.115   0.026   0.228  0.024  15.70  15.56 
38    0.115   0.026   0.228  0.024  15.56  15.43 
39    0.240   0.034   0.143  0.023  15.43  15.30 
40    0.240   0.034   0.143  0.023  15.30  15.17 
41    0.240   0.034   0.143  0.023  15.17  15.04 
42    0.380   0.042   0.110  0.021  15.04  14.91 
43    0.380   0.042   0.110  0.021  14.91  14.79 
44    0.380   0.042   0.110  0.021  14.79  14.67 
45    0.512   0.047   0.092  0.020  14.67  14.55 
46    0.512   0.047   0.092  0.020  14.55  14.43 
47    0.512   0.047   0.092  0.020  14.43  14.31 
48    0.605   0.050   0.083  0.018  14.31  14.20 
49    0.605   0.050   0.083  0.018  14.20  14.08 
50    0.605   0.050   0.083  0.018  14.08  13.97 
51    0.634   0.051   0.080  0.015  13.97  13.85 
52    0.634   0.051   0.080  0.015  13.85  13.74 
53    0.634   0.051   0.080  0.015  13.74  13.63 
54    0.582   0.050   0.086  0.010  13.63  13.52 
55    0.582   0.050   0.086  0.010  13.52  13.41 
56    0.582   0.050   0.086  0.010  13.41  13.31 
57    0.451   0.052   0.115  0.006  13.31  13.20 
58    0.451   0.052   0.115  0.006  13.20  13.10 
59    0.451   0.052   0.115  0.006  13.10  13.00 
60    0.451   0.052   0.115  0.006  13.00  12.90 
61    0.275   0.063   0.230  0.007  12.90  12.63 
62    0.122   0.095   0.781  0.012  12.63  12.38 
63    0.122   0.095   0.781  0.012  12.38  12.13 
64    0.162   0.162   1.000  0.019  12.13  11.90 
65    0.162   0.162   1.000  0.019  11.90  11.67 
66    0.301   0.278   0.923  0.024  11.67  11.45 
67    0.843   0.455   0.539  0.028  11.45  11.24 
68    0.843   0.455   0.539  0.028  11.24  11.04 
69    1.739   0.690   0.397  0.032  11.04  10.85 
70    1.739   0.690   0.397  0.032  10.85  10.66 
71    2.886   0.961   0.333  0.034  10.66  10.48 
72    2.886   0.961   0.333  0.034  10.48  10.30 
73    4.030   1.215   0.302  0.037  10.30  10.03 
74    4.797   1.373   0.286  0.039  10.03  9.78 
75    4.797   1.373   0.286  0.039  9.78  9.54 
76    4.815   1.352   0.281  0.042  9.54  9.31 
77    3.907   1.116   0.286  0.044  9.31  9.09 
78    3.907   1.116   0.286  0.044  9.09  8.88 
79    2.290   0.717   0.313  0.046  8.88  8.68 
80    2.290   0.717   0.313  0.046  8.68  8.49 
81    0.624   0.310   0.496  0.048  8.49  8.30 
82    0.624   0.310   0.496  0.048  8.30  8.13 
83    0.059   0.059   1.000  0.051  8.13  7.96 
84    0.059   0.059   1.000  0.051  7.96  7.80 
85    0.002   0.002   1.000  0.076  7.80  7.35 
86    0.307   0.013   0.043  0.060  7.35  6.95 
87    0.120   0.009   0.078  0.061  6.95  6.59 
88    0.072   0.072   1.000  0.069  6.59  6.27 
89    0.253   0.156   0.616  0.077  6.27  5.97 
90    0.225   0.173   0.769  0.092  5.97  5.71 
91    0.225   0.173   0.769  0.092  5.71  5.46 
92    0.345   0.345   1.000  0.103  5.46  5.24 
93    0.522   0.420   0.804  0.123  5.24  5.03 
94    0.522   0.420   0.804  0.123  5.03  4.84 
95    0.646   0.646   1.000  0.145  4.84  4.66 
96    0.646   0.646   1.000  0.145  4.66  4.50 
