Nano ring (9um-8.8um) x 0.1um 
Created from file Al_nanoring_9um8p8um_avg.txt
Bin  Qext    Qscat     W0      g     L1     L2
 1    13.032   12.604   0.967  0.011  4.50  4.36 
 2    14.262   13.516   0.948  0.011  4.36  4.23 
 3    14.262   13.516   0.948  0.011  4.23  4.10 
 4    14.262   13.516   0.948  0.011  4.10  3.98 
 5    16.548   16.033   0.969  0.010  3.98  3.87 
 6    16.548   16.033   0.969  0.010  3.87  3.77 
 7    16.548   16.033   0.969  0.010  3.77  3.67 
 8    18.030   17.272   0.958  0.012  3.67  3.57 
 9    18.030   17.272   0.958  0.012  3.57  3.48 
10    18.030   17.272   0.958  0.012  3.48  3.40 
11    18.030   17.272   0.958  0.012  3.40  3.32 
12    12.695   12.011   0.946  0.021  3.32  3.24 
13    12.695   12.011   0.946  0.021  3.24  3.16 
14    12.695   12.011   0.946  0.021  3.16  3.08 
15    12.695   12.011   0.946  0.021  3.08  3.01 
16    12.695   12.011   0.946  0.021  3.01  2.94 
17    12.899   12.273   0.951  0.019  2.94  2.87 
18    12.899   12.273   0.951  0.019  2.87  2.81 
19    12.899   12.273   0.951  0.019  2.81  2.75 
20    12.899   12.273   0.951  0.019  2.75  2.69 
21    12.899   12.273   0.951  0.019  2.69  2.64 
22    12.899   12.273   0.951  0.019  2.64  2.58 
23    13.498   12.960   0.960  0.027  2.58  2.53 
24    13.498   12.960   0.960  0.027  2.53  2.48 
25    13.498   12.960   0.960  0.027  2.48  2.41 
26    13.498   12.960   0.960  0.027  2.41  2.35 
27    13.498   12.960   0.960  0.027  2.35  2.29 
28    13.498   12.960   0.960  0.027  2.29  2.23 
29    12.660   12.185   0.962  0.028  2.23  2.18 
30    12.660   12.185   0.962  0.028  2.18  2.13 
31    12.660   12.185   0.962  0.028  2.13  2.08 
32    12.660   12.185   0.962  0.028  2.08  2.03 
33    12.660   12.185   0.962  0.028  2.03  1.99 
34    12.660   12.185   0.962  0.028  1.99  1.94 
35    12.660   12.185   0.962  0.028  1.94  1.90 
36    12.660   12.185   0.962  0.028  1.90  1.86 
37    11.255   10.858   0.965  0.037  1.86  1.80 
38    11.255   10.858   0.965  0.037  1.80  1.74 
39    11.255   10.858   0.965  0.037  1.74  1.68 
40    11.255   10.858   0.965  0.037  1.68  1.63 
41    11.255   10.858   0.965  0.037  1.63  1.58 
42    11.255   10.858   0.965  0.037  1.58  1.54 
43    11.255   10.858   0.965  0.037  1.54  1.49 
44    10.076   9.525   0.945  0.065  1.49  1.45 
45    10.076   9.525   0.945  0.065  1.45  1.41 
46    10.076   9.525   0.945  0.065  1.41  1.38 
47    10.076   9.525   0.945  0.065  1.38  1.34 
48    10.076   9.525   0.945  0.065  1.34  1.31 
49    10.076   9.525   0.945  0.065  1.31  1.24 
50    10.076   9.525   0.945  0.065  1.24  1.18 
51    10.076   9.525   0.945  0.065  1.18  1.13 
52    10.721   9.972   0.930  0.068  1.13  1.08 
53    10.721   9.972   0.930  0.068  1.08  1.03 
54    10.721   9.972   0.930  0.068  1.03  0.99 
55    10.721   9.972   0.930  0.068  0.99  0.95 
56    10.721   9.972   0.930  0.068  0.95  0.92 
57    10.721   9.972   0.930  0.068  0.92  0.89 
58    10.721   9.972   0.930  0.068  0.89  0.86 
59    10.721   9.972   0.930  0.068  0.86  0.83 
60    10.721   9.972   0.930  0.068  0.83  0.80 
61    10.721   9.972   0.930  0.068  0.80  0.74 
62    12.408   10.845   0.874  0.119  0.74  0.69 
63    12.408   10.845   0.874  0.119  0.69  0.64 
64    12.408   10.845   0.874  0.119  0.64  0.60 
65    12.408   10.845   0.874  0.119  0.60  0.56 
66    12.408   10.845   0.874  0.119  0.56  0.53 
67    12.408   10.845   0.874  0.119  0.53  0.51 
68    12.408   10.845   0.874  0.119  0.51  0.48 
69    12.408   10.845   0.874  0.119  0.48  0.46 
70    12.408   10.845   0.874  0.119  0.46  0.44 
71    12.408   10.845   0.874  0.119  0.44  0.42 
72    12.408   10.845   0.874  0.119  0.42  0.40 
73    12.408   10.845   0.874  0.119  0.40  0.38 
74    14.278   8.723   0.611  0.451  0.38  0.36 
75    14.278   8.723   0.611  0.451  0.36  0.34 
76    14.278   8.723   0.611  0.451  0.34  0.33 
77    14.278   8.723   0.611  0.451  0.33  0.31 
78    14.278   8.723   0.611  0.451  0.31  0.30 
79    14.278   8.723   0.611  0.451  0.30  0.29 
80    14.278   8.723   0.611  0.451  0.29  0.28 
81    14.278   8.723   0.611  0.451  0.28  0.27 
82    14.278   8.723   0.611  0.451  0.27  0.26 
83    14.278   8.723   0.611  0.451  0.26  0.25 
84    14.278   8.723   0.611  0.451  0.25  0.24 

IR: 
Bin  Qext    Qscat     W0      g        L1       L2
 1    16.827   6.457   0.384  -0.000  1000.00  292.68 
 2    16.827   6.457   0.384  -0.000  292.68  171.43 
 3    16.827   6.457   0.384  -0.000  171.43  121.21 
 4    16.827   6.457   0.384  -0.000  121.21  93.75 
 5    16.827   6.457   0.384  -0.000  93.75  76.43 
 6    16.827   6.457   0.384  -0.000  76.43  64.52 
 7    16.827   6.457   0.384  -0.000  64.52  55.81 
 8    16.903   6.732   0.398  -0.000  55.81  49.18 
 9    16.147   11.496   0.712  -0.000  49.18  43.96 
10    44.945   29.011   0.645  -0.000  43.96  39.74 
11    88.017   51.910   0.590  -0.000  39.74  36.25 
12    162.528   115.106   0.708  -0.000  36.25  33.33 
13    373.615   271.824   0.728  -0.000  33.33  31.17 
14    643.598   456.076   0.709  -0.000  31.17  29.28 
15    761.839   543.629   0.714  0.000  29.28  27.60 
16    621.756   462.101   0.743  0.000  27.60  26.10 
17    420.808   322.195   0.766  0.000  26.10  24.76 
18    282.374   208.775   0.739  0.000  24.76  23.54 
19    211.873   152.596   0.720  0.000  23.54  22.45 
20    165.297   126.198   0.763  0.000  22.45  21.45 
21    125.010   97.569   0.780  0.000  21.45  20.53 
22    105.910   76.914   0.726  0.001  20.53  19.69 
23    93.668   68.558   0.732  0.001  19.69  18.92 
24    74.549   59.119   0.793  0.001  18.92  18.20 
25    64.024   50.561   0.790  0.001  18.20  17.96 
26    61.670   46.007   0.746  0.001  17.96  17.73 
27    61.670   46.007   0.746  0.001  17.73  17.50 
28    60.123   43.071   0.716  0.001  17.50  17.28 
29    56.180   41.009   0.730  0.001  17.28  17.07 
30    56.180   41.009   0.730  0.001  17.07  16.86 
31    49.469   38.534   0.779  0.001  16.86  16.65 
32    49.469   38.534   0.779  0.001  16.65  16.45 
33    43.163   35.115   0.814  0.001  16.45  16.26 
34    43.163   35.115   0.814  0.001  16.26  16.07 
35    40.415   31.573   0.781  0.002  16.07  15.88 
36    40.415   31.573   0.781  0.002  15.88  15.70 
37    40.078   29.085   0.726  0.002  15.70  15.56 
38    40.078   29.085   0.726  0.002  15.56  15.43 
39    40.078   29.085   0.726  0.002  15.43  15.30 
40    37.873   27.617   0.729  0.002  15.30  15.17 
41    37.873   27.617   0.729  0.002  15.17  15.04 
42    32.756   25.965   0.793  0.002  15.04  14.91 
43    32.756   25.965   0.793  0.002  14.91  14.79 
44    32.756   25.965   0.793  0.002  14.79  14.67 
45    29.002   23.619   0.814  0.002  14.67  14.55 
46    29.002   23.619   0.814  0.002  14.55  14.43 
47    29.002   23.619   0.814  0.002  14.43  14.31 
48    28.833   21.593   0.749  0.002  14.31  14.20 
49    28.833   21.593   0.749  0.002  14.20  14.08 
50    28.833   21.593   0.749  0.002  14.08  13.97 
51    28.833   21.593   0.749  0.002  13.97  13.85 
52    27.829   20.506   0.737  0.002  13.85  13.74 
53    27.829   20.506   0.737  0.002  13.74  13.63 
54    27.829   20.506   0.737  0.002  13.63  13.52 
55    23.900   19.400   0.812  0.003  13.52  13.41 
56    23.900   19.400   0.812  0.003  13.41  13.31 
57    23.900   19.400   0.812  0.003  13.31  13.20 
58    22.210   17.915   0.807  0.003  13.20  13.10 
59    22.210   17.915   0.807  0.003  13.10  13.00 
60    22.210   17.915   0.807  0.003  13.00  12.90 
61    22.672   17.029   0.751  0.003  12.90  12.63 
62    22.672   17.029   0.751  0.003  12.63  12.38 
63    20.138   16.448   0.817  0.003  12.38  12.13 
64    18.935   15.629   0.825  0.003  12.13  11.90 
65    18.935   15.629   0.825  0.003  11.90  11.67 
66    19.459   15.375   0.790  0.003  11.67  11.45 
67    19.459   15.375   0.790  0.003  11.45  11.24 
68    17.418   15.060   0.865  0.003  11.24  11.04 
69    18.251   14.991   0.821  0.003  11.04  10.85 
70    18.251   14.991   0.821  0.003  10.85  10.66 
71    17.192   15.153   0.881  0.003  10.66  10.48 
72    17.192   15.153   0.881  0.003  10.48  10.30 
73    17.970   15.314   0.852  0.003  10.30  10.03 
74    17.970   15.314   0.852  0.003  10.03  9.78 
75    17.349   15.815   0.912  0.003  9.78  9.54 
76    18.668   16.364   0.877  0.003  9.54  9.31 
77    18.668   16.364   0.877  0.003  9.31  9.09 
78    18.366   16.923   0.921  0.003  9.09  8.88 
79    19.200   18.025   0.939  0.003  8.88  8.68 
80    19.200   18.025   0.939  0.003  8.68  8.49 
81    20.717   18.817   0.908  0.003  8.49  8.30 
82    20.717   18.817   0.908  0.003  8.30  8.13 
83    21.509   19.732   0.917  0.003  8.13  7.96 
84    21.509   19.732   0.917  0.003  7.96  7.80 
85    22.198   20.935   0.943  0.003  7.80  7.35 
86    23.216   22.184   0.956  0.003  7.35  6.95 
87    24.527   23.296   0.950  0.004  6.95  6.59 
88    25.888   24.085   0.930  0.004  6.59  6.27 
89    25.552   24.189   0.947  0.005  6.27  5.97 
90    23.558   22.419   0.952  0.006  5.97  5.71 
91    23.558   22.419   0.952  0.006  5.71  5.46 
92    19.552   18.713   0.957  0.008  5.46  5.24 
93    19.552   18.713   0.957  0.008  5.24  5.03 
94    15.427   14.595   0.946  0.010  5.03  4.84 
95    13.032   12.604   0.967  0.011  4.84  4.66 
96    13.032   12.604   0.967  0.011  4.66  4.50 
