Forsterite 100nm radius 
Created from file forsterite_opac_m1.dat
Bin  Qext    Qscat     W0      g     L1     L2
 1    0.151   0.147   0.976  0.652  4.50  4.36 
 2    0.159   0.155   0.978  0.656  4.36  4.23 
 3    0.166   0.163   0.981  0.659  4.23  4.10 
 4    0.174   0.171   0.983  0.661  4.10  3.98 
 5    0.181   0.178   0.984  0.664  3.98  3.87 
 6    0.188   0.186   0.986  0.665  3.87  3.77 
 7    0.195   0.192   0.987  0.667  3.77  3.67 
 8    0.199   0.197   0.988  0.668  3.67  3.57 
 9    0.205   0.203   0.989  0.669  3.57  3.48 
10    0.211   0.208   0.990  0.669  3.48  3.40 
11    0.214   0.212   0.990  0.669  3.40  3.32 
12    0.217   0.215   0.991  0.669  3.32  3.24 
13    0.221   0.219   0.991  0.668  3.24  3.16 
14    0.225   0.223   0.992  0.667  3.16  3.08 
15    0.227   0.225   0.992  0.667  3.08  3.01 
16    0.229   0.227   0.993  0.666  3.01  2.94 
17    0.231   0.229   0.993  0.664  2.94  2.87 
18    0.232   0.231   0.994  0.661  2.87  2.81 
19    0.233   0.232   0.994  0.660  2.81  2.75 
20    0.234   0.232   0.994  0.658  2.75  2.69 
21    0.234   0.232   0.994  0.656  2.69  2.64 
22    0.234   0.232   0.994  0.653  2.64  2.58 
23    0.233   0.232   0.995  0.651  2.58  2.53 
24    0.233   0.231   0.995  0.648  2.53  2.48 
25    0.232   0.230   0.995  0.646  2.48  2.41 
26    0.230   0.229   0.995  0.641  2.41  2.35 
27    0.228   0.227   0.995  0.637  2.35  2.29 
28    0.226   0.225   0.996  0.634  2.29  2.23 
29    0.223   0.222   0.996  0.629  2.23  2.18 
30    0.220   0.219   0.996  0.624  2.18  2.13 
31    0.218   0.217   0.996  0.621  2.13  2.08 
32    0.216   0.215   0.996  0.618  2.08  2.03 
33    0.214   0.213   0.996  0.614  2.03  1.99 
34    0.210   0.209   0.996  0.610  1.99  1.94 
35    0.206   0.206   0.996  0.606  1.94  1.90 
36    0.204   0.203   0.996  0.603  1.90  1.86 
37    0.202   0.201   0.996  0.601  1.86  1.80 
38    0.198   0.198   0.997  0.598  1.80  1.74 
39    0.194   0.193   0.997  0.594  1.74  1.68 
40    0.191   0.190   0.997  0.593  1.68  1.63 
41    0.188   0.187   0.997  0.592  1.63  1.58 
42    0.184   0.184   0.997  0.592  1.58  1.54 
43    0.182   0.181   0.997  0.593  1.54  1.49 
44    0.180   0.180   0.997  0.594  1.49  1.45 
45    0.178   0.178   0.997  0.596  1.45  1.41 
46    0.177   0.176   0.997  0.599  1.41  1.38 
47    0.175   0.175   0.997  0.601  1.38  1.34 
48    0.174   0.173   0.997  0.604  1.34  1.31 
49    0.172   0.172   0.997  0.610  1.31  1.24 
50    0.170   0.170   0.997  0.618  1.24  1.18 
51    0.169   0.168   0.997  0.626  1.18  1.13 
52    0.167   0.167   0.997  0.635  1.13  1.08 
53    0.166   0.166   0.997  0.643  1.08  1.03 
54    0.165   0.165   0.997  0.649  1.03  0.99 
55    0.165   0.164   0.997  0.656  0.99  0.95 
56    0.164   0.163   0.997  0.662  0.95  0.92 
57    0.163   0.163   0.997  0.667  0.92  0.89 
58    0.162   0.162   0.997  0.671  0.89  0.86 
59    0.162   0.161   0.997  0.675  0.86  0.83 
60    0.161   0.161   0.997  0.679  0.83  0.80 
61    0.160   0.160   0.996  0.686  0.80  0.74 
62    0.159   0.158   0.996  0.694  0.74  0.69 
63    0.157   0.157   0.996  0.700  0.69  0.64 
64    0.157   0.156   0.995  0.704  0.64  0.60 
65    0.155   0.155   0.994  0.710  0.60  0.56 
66    0.155   0.154   0.994  0.714  0.56  0.53 
67    0.154   0.153   0.993  0.718  0.53  0.51 
68    0.153   0.152   0.992  0.721  0.51  0.48 
69    0.152   0.151   0.991  0.725  0.48  0.46 
70    0.152   0.150   0.990  0.728  0.46  0.44 
71    0.151   0.150   0.989  0.731  0.44  0.42 
72    0.151   0.149   0.988  0.733  0.42  0.40 
73    0.150   0.148   0.987  0.736  0.40  0.38 
74    0.149   0.147   0.985  0.740  0.38  0.36 
75    0.149   0.146   0.982  0.742  0.36  0.34 
76    0.148   0.146   0.980  0.744  0.34  0.33 
77    0.148   0.145   0.977  0.747  0.33  0.31 
78    0.147   0.144   0.974  0.750  0.31  0.30 
79    0.147   0.143   0.969  0.752  0.30  0.29 
80    0.147   0.142   0.965  0.755  0.29  0.28 
81    0.146   0.140   0.959  0.758  0.28  0.27 
82    0.146   0.139   0.953  0.761  0.27  0.26 
83    0.146   0.138   0.946  0.763  0.26  0.25 
84    0.146   0.137   0.939  0.766  0.25  0.24 

IR: 
Bin  Qext    Qscat     W0      g        L1       L2
 1    0.001   0.000   0.000  0.000  1000.00  292.68 
 2    0.001   0.000   0.000  0.001  292.68  171.43 
 3    0.001   0.000   0.002  0.003  171.43  121.21 
 4    0.001   0.000   0.008  0.005  121.21  93.75 
 5    0.001   0.000   0.015  0.008  93.75  76.43 
 6    0.002   0.000   0.021  0.012  76.43  64.52 
 7    0.003   0.000   0.028  0.017  64.52  55.81 
 8    0.004   0.000   0.036  0.022  55.81  49.18 
 9    0.005   0.000   0.044  0.028  49.18  43.96 
10    0.006   0.000   0.053  0.034  43.96  39.74 
11    0.008   0.000   0.062  0.041  39.74  36.25 
12    0.010   0.001   0.070  0.049  36.25  33.33 
13    0.013   0.001   0.078  0.056  33.33  31.17 
14    0.015   0.001   0.084  0.062  31.17  29.28 
15    0.018   0.002   0.088  0.068  29.28  27.60 
16    0.022   0.002   0.092  0.073  27.60  26.10 
17    0.027   0.003   0.094  0.077  26.10  24.76 
18    0.032   0.003   0.095  0.080  24.76  23.54 
19    0.035   0.003   0.095  0.084  23.54  22.45 
20    0.038   0.004   0.097  0.089  22.45  21.45 
21    0.040   0.004   0.100  0.094  21.45  20.53 
22    0.041   0.004   0.106  0.101  20.53  19.69 
23    0.044   0.005   0.111  0.107  19.69  18.92 
24    0.049   0.005   0.112  0.112  18.92  18.20 
25    0.052   0.006   0.109  0.114  18.20  17.96 
26    0.053   0.006   0.106  0.116  17.96  17.73 
27    0.053   0.005   0.102  0.119  17.73  17.50 
28    0.053   0.005   0.102  0.119  17.50  17.28 
29    0.052   0.005   0.099  0.122  17.28  17.07 
30    0.050   0.005   0.096  0.127  17.07  16.86 
31    0.050   0.005   0.096  0.127  16.86  16.65 
32    0.047   0.004   0.095  0.132  16.65  16.45 
33    0.047   0.004   0.095  0.132  16.45  16.26 
34    0.043   0.004   0.096  0.137  16.26  16.07 
35    0.039   0.004   0.100  0.144  16.07  15.88 
36    0.039   0.004   0.100  0.144  15.88  15.70 
37    0.035   0.004   0.110  0.152  15.70  15.56 
38    0.035   0.004   0.110  0.152  15.56  15.43 
39    0.031   0.004   0.132  0.161  15.43  15.30 
40    0.031   0.004   0.132  0.161  15.30  15.17 
41    0.031   0.004   0.132  0.161  15.17  15.04 
42    0.028   0.005   0.163  0.171  15.04  14.91 
43    0.028   0.005   0.163  0.171  14.91  14.79 
44    0.028   0.005   0.195  0.182  14.79  14.67 
45    0.028   0.005   0.195  0.182  14.67  14.55 
46    0.028   0.006   0.225  0.192  14.55  14.43 
47    0.028   0.006   0.225  0.192  14.43  14.31 
48    0.028   0.006   0.225  0.192  14.31  14.20 
49    0.029   0.007   0.249  0.203  14.20  14.08 
50    0.029   0.007   0.249  0.203  14.08  13.97 
51    0.029   0.008   0.275  0.213  13.97  13.85 
52    0.029   0.008   0.275  0.213  13.85  13.74 
53    0.030   0.009   0.306  0.224  13.74  13.63 
54    0.030   0.009   0.306  0.224  13.63  13.52 
55    0.030   0.009   0.306  0.224  13.52  13.41 
56    0.030   0.010   0.345  0.236  13.41  13.31 
57    0.030   0.010   0.345  0.236  13.31  13.20 
58    0.031   0.012   0.387  0.250  13.20  13.10 
59    0.031   0.012   0.387  0.250  13.10  13.00 
60    0.031   0.012   0.387  0.250  13.00  12.90 
61    0.034   0.014   0.426  0.266  12.90  12.63 
62    0.039   0.017   0.442  0.283  12.63  12.38 
63    0.047   0.020   0.432  0.296  12.38  12.13 
64    0.057   0.023   0.394  0.301  12.13  11.90 
65    0.065   0.024   0.367  0.303  11.90  11.67 
66    0.072   0.025   0.344  0.303  11.67  11.45 
67    0.078   0.026   0.331  0.304  11.45  11.24 
68    0.084   0.027   0.321  0.305  11.24  11.04 
69    0.091   0.028   0.308  0.304  11.04  10.85 
70    0.098   0.029   0.293  0.300  10.85  10.66 
71    0.103   0.028   0.276  0.296  10.66  10.48 
72    0.107   0.028   0.258  0.293  10.48  10.30 
73    0.107   0.027   0.249  0.293  10.30  10.03 
74    0.106   0.023   0.221  0.296  10.03  9.78 
75    0.100   0.020   0.199  0.302  9.78  9.54 
76    0.081   0.013   0.165  0.319  9.54  9.31 
77    0.062   0.009   0.142  0.342  9.31  9.09 
78    0.053   0.008   0.143  0.358  9.09  8.88 
79    0.046   0.007   0.156  0.374  8.88  8.68 
80    0.041   0.008   0.182  0.391  8.68  8.49 
81    0.038   0.008   0.222  0.407  8.49  8.30 
82    0.035   0.011   0.303  0.430  8.30  8.13 
83    0.034   0.014   0.397  0.453  8.13  7.96 
84    0.034   0.016   0.460  0.467  7.96  7.80 
85    0.037   0.021   0.578  0.493  7.80  7.35 
86    0.043   0.031   0.715  0.526  7.35  6.95 
87    0.050   0.040   0.794  0.550  6.95  6.59 
88    0.058   0.050   0.849  0.570  6.59  6.27 
89    0.068   0.061   0.888  0.587  6.27  5.97 
90    0.079   0.072   0.915  0.601  5.97  5.71 
91    0.091   0.085   0.934  0.613  5.71  5.46 
92    0.101   0.095   0.946  0.622  5.46  5.24 
93    0.111   0.106   0.955  0.630  5.24  5.03 
94    0.121   0.117   0.962  0.637  5.03  4.84 
95    0.132   0.128   0.968  0.643  4.84  4.66 
96    0.143   0.139   0.973  0.649  4.66  4.50 
