Graphene mix 250nm (16:1) and 1um 
Created from file graphene_mix_1um_250nm_concatenated.dat
Bin  Qext    Qscat     W0      g     L1     L2
 1    2.013   0.010   0.005  -0.000  4.50  4.36 
 2    1.975   0.010   0.005  -0.000  4.36  4.23 
 3    2.030   0.010   0.005  -0.000  4.23  4.10 
 4    2.043   0.010   0.005  -0.000  4.10  3.98 
 5    1.963   0.010   0.005  -0.000  3.98  3.87 
 6    1.851   0.010   0.005  -0.000  3.87  3.77 
 7    1.849   0.010   0.005  -0.000  3.77  3.67 
 8    1.893   0.010   0.005  -0.000  3.67  3.57 
 9    1.871   0.010   0.005  -0.000  3.57  3.48 
10    1.802   0.010   0.006  -0.000  3.48  3.40 
11    1.769   0.010   0.006  -0.001  3.40  3.32 
12    1.845   0.010   0.005  -0.000  3.32  3.24 
13    1.908   0.010   0.005  -0.000  3.24  3.16 
14    1.885   0.010   0.005  -0.001  3.16  3.08 
15    1.870   0.010   0.005  -0.001  3.08  3.01 
16    1.947   0.010   0.005  -0.001  3.01  2.94 
17    2.011   0.010   0.005  -0.001  2.94  2.87 
18    2.010   0.010   0.005  -0.001  2.87  2.81 
19    1.960   0.010   0.005  -0.001  2.81  2.75 
20    1.983   0.010   0.005  -0.002  2.75  2.69 
21    2.016   0.010   0.005  -0.001  2.69  2.64 
22    2.001   0.010   0.005  -0.000  2.64  2.58 
23    1.915   0.010   0.005  0.000  2.58  2.53 
24    1.906   0.010   0.005  0.000  2.53  2.48 
25    1.901   0.010   0.005  0.000  2.48  2.41 
26    1.870   0.010   0.005  0.000  2.41  2.35 
27    1.825   0.010   0.005  0.000  2.35  2.29 
28    1.885   0.010   0.005  0.000  2.29  2.23 
29    1.881   0.010   0.005  0.000  2.23  2.18 
30    1.881   0.010   0.005  0.000  2.18  2.13 
31    1.963   0.010   0.005  -0.000  2.13  2.08 
32    1.975   0.010   0.005  -0.000  2.08  2.03 
33    1.957   0.010   0.005  -0.000  2.03  1.99 
34    1.964   0.010   0.005  -0.000  1.99  1.94 
35    1.967   0.010   0.005  -0.000  1.94  1.90 
36    1.957   0.010   0.005  -0.000  1.90  1.86 
37    1.917   0.010   0.005  0.000  1.86  1.80 
38    1.855   0.010   0.005  0.000  1.80  1.74 
39    1.852   0.010   0.005  -0.000  1.74  1.68 
40    1.898   0.010   0.005  -0.000  1.68  1.63 
41    1.939   0.010   0.005  -0.000  1.63  1.58 
42    1.959   0.010   0.005  -0.000  1.58  1.54 
43    1.949   0.010   0.005  -0.000  1.54  1.49 
44    1.920   0.010   0.005  -0.000  1.49  1.45 
45    1.899   0.010   0.005  -0.000  1.45  1.41 
46    1.884   0.010   0.005  -0.000  1.41  1.38 
47    1.907   0.010   0.005  -0.000  1.38  1.34 
48    1.938   0.010   0.005  -0.000  1.34  1.31 
49    1.948   0.010   0.005  -0.000  1.31  1.24 
50    1.948   0.010   0.005  -0.000  1.24  1.18 
51    1.943   0.010   0.005  -0.000  1.18  1.13 
52    1.955   0.010   0.005  -0.000  1.13  1.08 
53    1.964   0.010   0.005  -0.000  1.08  1.03 
54    1.963   0.010   0.005  -0.000  1.03  0.99 
55    1.964   0.010   0.005  -0.000  0.99  0.95 
56    1.965   0.010   0.005  -0.000  0.95  0.92 
57    1.971   0.010   0.005  -0.000  0.92  0.89 
58    1.977   0.010   0.005  -0.000  0.89  0.86 
59    1.985   0.010   0.005  -0.000  0.86  0.83 
60    1.994   0.010   0.005  -0.000  0.83  0.80 
61    2.012   0.010   0.005  -0.000  0.80  0.74 
62    2.045   0.010   0.005  -0.000  0.74  0.69 
63    2.089   0.010   0.005  0.000  0.69  0.64 
64    2.136   0.011   0.005  0.000  0.64  0.60 
65    2.207   0.012   0.005  -0.000  0.60  0.56 
66    2.278   0.013   0.006  -0.000  0.56  0.53 
67    2.354   0.013   0.006  -0.000  0.53  0.51 
68    2.443   0.014   0.006  -0.000  0.51  0.48 
69    2.528   0.015   0.006  -0.000  0.48  0.46 
70    2.605   0.016   0.006  -0.000  0.46  0.44 
71    2.674   0.017   0.006  -0.000  0.44  0.42 
72    2.741   0.018   0.006  -0.000  0.42  0.40 
73    2.811   0.019   0.007  0.000  0.40  0.38 
74    3.377   0.024   0.007  0.000  0.38  0.36 
75    4.459   0.033   0.007  0.000  0.36  0.34 
76    5.488   0.041   0.007  0.000  0.34  0.33 
77    6.470   0.049   0.008  0.000  0.33  0.31 
78    7.322   0.056   0.008  0.000  0.31  0.30 
79    8.928   0.063   0.007  0.000  0.30  0.29 
80    11.190   0.070   0.006  0.000  0.29  0.28 
81    12.501   0.074   0.006  -0.000  0.28  0.27 
82    11.915   0.077   0.006  -0.000  0.27  0.26 
83    9.820   0.078   0.008  -0.000  0.26  0.25 
84    6.996   0.077   0.011  -0.000  0.25  0.24 

IR: 
Bin  Qext    Qscat     W0      g        L1       L2
 1    0.495   0.010   0.020  0.000  1000.00  292.68 
 2    0.495   0.010   0.020  0.000  292.68  171.43 
 3    0.495   0.010   0.020  0.000  171.43  121.21 
 4    0.495   0.010   0.020  0.000  121.21  93.75 
 5    0.495   0.010   0.020  0.000  93.75  76.43 
 6    0.495   0.010   0.020  0.000  76.43  64.52 
 7    0.495   0.010   0.020  0.000  64.52  55.81 
 8    0.672   0.010   0.015  0.000  55.81  49.18 
 9    1.068   0.010   0.009  0.000  49.18  43.96 
10    0.894   0.010   0.011  0.000  43.96  39.74 
11    0.740   0.010   0.014  -0.000  39.74  36.25 
12    1.415   0.010   0.007  -0.000  36.25  33.33 
13    2.756   0.010   0.004  -0.000  33.33  31.17 
14    4.033   0.010   0.002  0.000  31.17  29.28 
15    4.610   0.010   0.002  0.000  29.28  27.60 
16    5.199   0.010   0.002  0.000  27.60  26.10 
17    7.908   0.010   0.001  0.000  26.10  24.76 
18    14.833   0.010   0.001  0.000  24.76  23.54 
19    25.339   0.010   0.000  0.000  23.54  22.45 
20    36.411   0.010   0.000  0.000  22.45  21.45 
21    44.662   0.010   0.000  0.000  21.45  20.53 
22    45.701   0.010   0.000  0.000  20.53  19.69 
23    38.442   0.010   0.000  0.000  19.69  18.92 
24    27.202   0.010   0.000  0.000  18.92  18.20 
25    20.759   0.010   0.000  0.000  18.20  17.96 
26    17.263   0.010   0.001  0.000  17.96  17.73 
27    14.496   0.010   0.001  0.000  17.73  17.50 
28    11.950   0.010   0.001  0.000  17.50  17.28 
29    10.401   0.010   0.001  0.000  17.28  17.07 
30    9.262   0.010   0.001  0.000  17.07  16.86 
31    8.510   0.010   0.001  0.000  16.86  16.65 
32    8.481   0.010   0.001  0.000  16.65  16.45 
33    8.438   0.010   0.001  0.000  16.45  16.26 
34    8.449   0.010   0.001  0.000  16.26  16.07 
35    8.495   0.010   0.001  0.000  16.07  15.88 
36    8.562   0.010   0.001  0.000  15.88  15.70 
37    8.283   0.010   0.001  0.000  15.70  15.56 
38    7.892   0.010   0.001  0.000  15.56  15.43 
39    7.506   0.010   0.001  0.000  15.43  15.30 
40    7.122   0.010   0.001  0.000  15.30  15.17 
41    6.535   0.010   0.002  0.000  15.17  15.04 
42    5.873   0.010   0.002  0.000  15.04  14.91 
43    5.216   0.010   0.002  0.000  14.91  14.79 
44    5.216   0.010   0.002  0.000  14.79  14.67 
45    4.566   0.010   0.002  0.000  14.67  14.55 
46    4.122   0.010   0.002  0.000  14.55  14.43 
47    3.885   0.010   0.003  0.000  14.43  14.31 
48    3.650   0.010   0.003  0.000  14.31  14.20 
49    3.417   0.010   0.003  0.000  14.20  14.08 
50    3.264   0.010   0.003  0.000  14.08  13.97 
51    3.728   0.010   0.003  0.000  13.97  13.85 
52    4.189   0.010   0.002  0.000  13.85  13.74 
53    4.646   0.010   0.002  0.000  13.74  13.63 
54    5.098   0.010   0.002  0.000  13.63  13.52 
55    5.523   0.010   0.002  0.000  13.52  13.41 
56    5.923   0.010   0.002  0.000  13.41  13.31 
57    5.923   0.010   0.002  0.000  13.31  13.20 
58    6.320   0.010   0.002  0.000  13.20  13.10 
59    6.714   0.010   0.001  -0.000  13.10  13.00 
60    7.104   0.010   0.001  -0.000  13.00  12.90 
61    6.927   0.010   0.001  -0.000  12.90  12.63 
62    6.439   0.010   0.002  -0.000  12.63  12.38 
63    7.224   0.010   0.001  -0.000  12.38  12.13 
64    8.718   0.010   0.001  -0.000  12.13  11.90 
65    11.052   0.010   0.001  -0.000  11.90  11.67 
66    17.354   0.010   0.001  -0.000  11.67  11.45 
67    25.631   0.010   0.000  -0.000  11.45  11.24 
68    33.131   0.010   0.000  -0.000  11.24  11.04 
69    38.741   0.010   0.000  -0.000  11.04  10.85 
70    42.977   0.010   0.000  -0.000  10.85  10.66 
71    39.466   0.010   0.000  0.000  10.66  10.48 
72    34.734   0.010   0.000  0.000  10.48  10.30 
73    29.843   0.010   0.000  0.000  10.30  10.03 
74    21.929   0.010   0.000  0.000  10.03  9.78 
75    12.462   0.010   0.001  0.000  9.78  9.54 
76    8.691   0.010   0.001  0.000  9.54  9.31 
77    7.434   0.010   0.001  0.000  9.31  9.09 
78    6.201   0.010   0.002  0.000  9.09  8.88 
79    4.628   0.010   0.002  0.000  8.88  8.68 
80    3.087   0.010   0.003  0.000  8.68  8.49 
81    2.240   0.010   0.004  -0.000  8.49  8.30 
82    2.066   0.010   0.005  -0.000  8.30  8.13 
83    1.901   0.010   0.005  -0.000  8.13  7.96 
84    1.809   0.010   0.006  -0.000  7.96  7.80 
85    1.749   0.010   0.006  -0.000  7.80  7.35 
86    1.788   0.010   0.006  -0.000  7.35  6.95 
87    1.858   0.010   0.005  -0.000  6.95  6.59 
88    1.806   0.010   0.006  -0.001  6.59  6.27 
89    1.734   0.010   0.006  -0.001  6.27  5.97 
90    1.799   0.010   0.006  -0.000  5.97  5.71 
91    1.935   0.010   0.005  -0.000  5.71  5.46 
92    1.964   0.010   0.005  -0.001  5.46  5.24 
93    1.912   0.010   0.005  -0.000  5.24  5.03 
94    1.965   0.010   0.005  -0.000  5.03  4.84 
95    2.080   0.010   0.005  -0.000  4.84  4.66 
96    2.103   0.010   0.005  -0.000  4.66  4.50 
