Al nanorod, 9 um in length, 160nm diameter (single orientation) 
Created from file Al_9um_p0t0.txt
Bin  Qext    Qscat     W0      g     L1     L2
 1    6.557   6.379   0.973  0.031  4.50  4.36 
 2    6.557   6.379   0.973  0.031  4.36  4.23 
 3    8.469   7.986   0.943  0.025  4.23  4.10 
 4    8.469   7.986   0.943  0.025  4.10  3.98 
 5    8.469   7.986   0.943  0.025  3.98  3.87 
 6    8.469   7.986   0.943  0.025  3.87  3.77 
 7    8.469   7.986   0.943  0.025  3.77  3.67 
 8    6.348   6.204   0.977  0.047  3.67  3.57 
 9    6.348   6.204   0.977  0.047  3.57  3.48 
10    6.348   6.204   0.977  0.047  3.48  3.40 
11    6.348   6.204   0.977  0.047  3.40  3.32 
12    6.348   6.204   0.977  0.047  3.32  3.24 
13    6.348   6.204   0.977  0.047  3.24  3.16 
14    6.348   6.204   0.977  0.047  3.16  3.08 
15    6.348   6.204   0.977  0.047  3.08  3.01 
16    6.759   6.436   0.952  0.050  3.01  2.94 
17    6.759   6.436   0.952  0.050  2.94  2.87 
18    6.759   6.436   0.952  0.050  2.87  2.81 
19    6.759   6.436   0.952  0.050  2.81  2.75 
20    6.759   6.436   0.952  0.050  2.75  2.69 
21    6.759   6.436   0.952  0.050  2.69  2.64 
22    6.759   6.436   0.952  0.050  2.64  2.58 
23    6.759   6.436   0.952  0.050  2.58  2.53 
24    6.759   6.436   0.952  0.050  2.53  2.48 
25    5.382   5.175   0.962  0.080  2.48  2.41 
26    5.382   5.175   0.962  0.080  2.41  2.35 
27    5.382   5.175   0.962  0.080  2.35  2.29 
28    5.382   5.175   0.962  0.080  2.29  2.23 
29    5.382   5.175   0.962  0.080  2.23  2.18 
30    5.382   5.175   0.962  0.080  2.18  2.13 
31    5.382   5.175   0.962  0.080  2.13  2.08 
32    5.382   5.175   0.962  0.080  2.08  2.03 
33    5.382   5.175   0.962  0.080  2.03  1.99 
34    5.382   5.175   0.962  0.080  1.99  1.94 
35    5.382   5.175   0.962  0.080  1.94  1.90 
36    5.382   5.175   0.962  0.080  1.90  1.86 
37    4.695   4.604   0.981  0.112  1.86  1.80 
38    4.695   4.604   0.981  0.112  1.80  1.74 
39    4.695   4.604   0.981  0.112  1.74  1.68 
40    4.695   4.604   0.981  0.112  1.68  1.63 
41    4.695   4.604   0.981  0.112  1.63  1.58 
42    4.695   4.604   0.981  0.112  1.58  1.54 
43    4.695   4.604   0.981  0.112  1.54  1.49 
44    4.695   4.604   0.981  0.112  1.49  1.45 
45    4.695   4.604   0.981  0.112  1.45  1.41 
46    4.695   4.604   0.981  0.112  1.41  1.38 
47    4.695   4.604   0.981  0.112  1.38  1.34 
48    4.695   4.604   0.981  0.112  1.34  1.31 
49    4.195   4.066   0.969  0.152  1.31  1.24 
50    4.195   4.066   0.969  0.152  1.24  1.18 
51    4.195   4.066   0.969  0.152  1.18  1.13 
52    4.195   4.066   0.969  0.152  1.13  1.08 
53    4.195   4.066   0.969  0.152  1.08  1.03 
54    4.195   4.066   0.969  0.152  1.03  0.99 
55    3.725   3.481   0.935  0.146  0.99  0.95 
56    3.725   3.481   0.935  0.146  0.95  0.92 
57    3.644   3.325   0.912  0.168  0.92  0.89 
58    3.644   3.325   0.912  0.168  0.89  0.86 
59    3.609   3.291   0.912  0.189  0.86  0.83 
60    3.609   3.291   0.912  0.189  0.83  0.80 
61    3.609   3.291   0.912  0.189  0.80  0.74 
62    3.491   3.271   0.937  0.198  0.74  0.69 
63    3.491   3.271   0.937  0.198  0.69  0.64 
64    3.350   3.171   0.947  0.211  0.64  0.60 
65    3.350   3.171   0.947  0.211  0.60  0.56 
66    3.258   3.081   0.945  0.229  0.56  0.53 
67    3.258   3.081   0.945  0.229  0.53  0.51 
68    3.258   3.081   0.945  0.229  0.51  0.48 
69    3.138   2.957   0.943  0.238  0.48  0.46 
70    3.138   2.957   0.943  0.238  0.46  0.44 
71    3.138   2.957   0.943  0.238  0.44  0.42 
72    3.138   2.957   0.943  0.238  0.42  0.40 
73    3.138   2.957   0.943  0.238  0.40  0.38 
74    3.014   2.838   0.942  0.236  0.38  0.36 
75    3.014   2.838   0.942  0.236  0.36  0.34 
76    3.014   2.838   0.942  0.236  0.34  0.33 
77    3.014   2.838   0.942  0.236  0.33  0.31 
78    3.014   2.838   0.942  0.236  0.31  0.30 
79    3.014   2.838   0.942  0.236  0.30  0.29 
80    2.880   2.700   0.937  0.229  0.29  0.28 
81    2.880   2.700   0.937  0.229  0.28  0.27 
82    2.880   2.700   0.937  0.229  0.27  0.26 
83    2.880   2.700   0.937  0.229  0.26  0.25 
84    2.880   2.700   0.937  0.229  0.25  0.24 

IR: 
Bin  Qext    Qscat     W0      g        L1       L2
 1    0.248   0.175   0.707  -0.002  1000.00  292.68 
 2    0.248   0.175   0.707  -0.002  292.68  171.43 
 3    0.248   0.175   0.707  -0.002  171.43  121.21 
 4    0.248   0.175   0.707  -0.002  121.21  93.75 
 5    0.248   0.175   0.707  -0.002  93.75  76.43 
 6    0.248   0.175   0.707  -0.002  76.43  64.52 
 7    0.248   0.175   0.707  -0.002  64.52  55.81 
 8    0.303   0.232   0.765  -0.002  55.81  49.18 
 9    0.668   0.410   0.614  -0.002  49.18  43.96 
10    0.896   0.689   0.769  -0.002  43.96  39.74 
11    1.575   1.138   0.723  -0.002  39.74  36.25 
12    2.375   1.902   0.801  -0.002  36.25  33.33 
13    3.671   2.918   0.795  -0.002  33.33  31.17 
14    5.830   4.826   0.828  -0.001  31.17  29.28 
15    8.967   7.543   0.841  -0.001  29.28  27.60 
16    13.459   11.344   0.843  -0.001  27.60  26.10 
17    20.870   17.916   0.858  -0.001  26.10  24.76 
18    37.174   32.014   0.861  -0.001  24.76  23.54 
19    67.682   58.937   0.871  -0.000  23.54  22.45 
20    102.333   89.828   0.878  -0.000  22.45  21.45 
21    136.465   120.323   0.882  -0.000  21.45  20.53 
22    142.207   126.377   0.889  0.000  20.53  19.69 
23    114.555   102.482   0.895  0.000  19.69  18.92 
24    81.254   73.071   0.899  0.001  18.92  18.20 
25    81.254   73.071   0.899  0.001  18.20  17.96 
26    81.254   73.071   0.899  0.001  17.96  17.73 
27    56.794   51.529   0.907  0.001  17.73  17.50 
28    56.794   51.529   0.907  0.001  17.50  17.28 
29    56.794   51.529   0.907  0.001  17.28  17.07 
30    56.794   51.529   0.907  0.001  17.07  16.86 
31    41.513   37.902   0.913  0.001  16.86  16.65 
32    41.513   37.902   0.913  0.001  16.65  16.45 
33    41.513   37.902   0.913  0.001  16.45  16.26 
34    41.513   37.902   0.913  0.001  16.26  16.07 
35    41.513   37.902   0.913  0.001  16.07  15.88 
36    31.547   28.966   0.918  0.002  15.88  15.70 
37    31.547   28.966   0.918  0.002  15.70  15.56 
38    31.547   28.966   0.918  0.002  15.56  15.43 
39    31.547   28.966   0.918  0.002  15.43  15.30 
40    31.547   28.966   0.918  0.002  15.30  15.17 
41    31.547   28.966   0.918  0.002  15.17  15.04 
42    24.612   22.772   0.925  0.003  15.04  14.91 
43    24.612   22.772   0.925  0.003  14.91  14.79 
44    24.612   22.772   0.925  0.003  14.79  14.67 
45    24.612   22.772   0.925  0.003  14.67  14.55 
46    24.612   22.772   0.925  0.003  14.55  14.43 
47    24.612   22.772   0.925  0.003  14.43  14.31 
48    24.612   22.772   0.925  0.003  14.31  14.20 
49    24.612   22.772   0.925  0.003  14.20  14.08 
50    19.812   18.448   0.931  0.003  14.08  13.97 
51    19.812   18.448   0.931  0.003  13.97  13.85 
52    19.812   18.448   0.931  0.003  13.85  13.74 
53    19.812   18.448   0.931  0.003  13.74  13.63 
54    19.812   18.448   0.931  0.003  13.63  13.52 
55    19.812   18.448   0.931  0.003  13.52  13.41 
56    19.812   18.448   0.931  0.003  13.41  13.31 
57    19.812   18.448   0.931  0.003  13.31  13.20 
58    16.565   15.510   0.936  0.004  13.20  13.10 
59    16.565   15.510   0.936  0.004  13.10  13.00 
60    16.565   15.510   0.936  0.004  13.00  12.90 
61    16.565   15.510   0.936  0.004  12.90  12.63 
62    16.565   15.510   0.936  0.004  12.63  12.38 
63    13.876   13.058   0.941  0.005  12.38  12.13 
64    13.876   13.058   0.941  0.005  12.13  11.90 
65    13.876   13.058   0.941  0.005  11.90  11.67 
66    13.876   13.058   0.941  0.005  11.67  11.45 
67    11.923   11.276   0.946  0.006  11.45  11.24 
68    11.923   11.276   0.946  0.006  11.24  11.04 
69    11.923   11.276   0.946  0.006  11.04  10.85 
70    11.923   11.276   0.946  0.006  10.85  10.66 
71    11.923   11.276   0.946  0.006  10.66  10.48 
72    10.266   9.706   0.945  0.008  10.48  10.30 
73    10.266   9.706   0.945  0.008  10.30  10.03 
74    10.266   9.706   0.945  0.008  10.03  9.78 
75    9.721   9.365   0.963  0.008  9.78  9.54 
76    9.301   8.815   0.948  0.009  9.54  9.31 
77    9.301   8.815   0.948  0.009  9.31  9.09 
78    9.301   8.815   0.948  0.009  9.09  8.88 
79    8.430   7.896   0.937  0.010  8.88  8.68 
80    8.430   7.896   0.937  0.010  8.68  8.49 
81    8.430   7.896   0.937  0.010  8.49  8.30 
82    7.828   7.522   0.961  0.012  8.30  8.13 
83    7.828   7.522   0.961  0.012  8.13  7.96 
84    7.828   7.522   0.961  0.012  7.96  7.80 
85    7.953   7.597   0.955  0.012  7.80  7.35 
86    7.953   7.597   0.955  0.012  7.35  6.95 
87    11.925   11.057   0.927  0.007  6.95  6.59 
88    15.805   14.801   0.936  0.009  6.59  6.27 
89    15.805   14.801   0.936  0.009  6.27  5.97 
90    9.881   9.435   0.955  0.017  5.97  5.71 
91    9.881   9.435   0.955  0.017  5.71  5.46 
92    7.736   7.391   0.956  0.024  5.46  5.24 
93    7.736   7.391   0.956  0.024  5.24  5.03 
94    7.736   7.391   0.956  0.024  5.03  4.84 
95    6.557   6.379   0.973  0.031  4.84  4.66 
96    6.557   6.379   0.973  0.031  4.66  4.50 
