Aluminium rod 8um lenght, 60nm diameter 
Created from file Al_terraforming_nanoparticles_8um_60nm.dat
Bin  Qext    Qscat     W0      g     L1     L2
 1    23.092   23.092   1.000  0.000  4.50  4.36 
 2    16.416   16.416   1.000  0.000  4.36  4.23 
 3    14.517   14.517   1.000  0.000  4.23  4.10 
 4    14.552   14.552   1.000  0.000  4.10  3.98 
 5    14.586   14.586   1.000  0.000  3.98  3.87 
 6    15.024   15.024   1.000  0.000  3.87  3.77 
 7    15.869   15.869   1.000  0.000  3.77  3.67 
 8    16.572   16.572   1.000  0.000  3.67  3.57 
 9    17.144   17.144   1.000  0.000  3.57  3.48 
10    16.774   16.774   1.000  0.000  3.48  3.40 
11    15.992   15.992   1.000  0.000  3.40  3.32 
12    15.230   15.230   1.000  0.000  3.32  3.24 
13    14.488   14.488   1.000  0.000  3.24  3.16 
14    13.732   13.732   1.000  0.000  3.16  3.08 
15    12.702   12.702   1.000  0.000  3.08  3.01 
16    11.494   11.494   1.000  0.000  3.01  2.94 
17    10.510   10.510   1.000  0.000  2.94  2.87 
18    9.550   9.550   1.000  0.000  2.87  2.81 
19    8.633   8.633   1.000  0.000  2.81  2.75 
20    8.145   8.145   1.000  0.000  2.75  2.69 
21    7.746   7.746   1.000  0.000  2.69  2.64 
22    7.434   7.434   1.000  0.000  2.64  2.58 
23    7.051   7.051   1.000  0.000  2.58  2.53 
24    6.676   6.676   1.000  0.000  2.53  2.48 
25    6.309   6.309   1.000  0.000  2.48  2.41 
26    5.996   5.996   1.000  0.000  2.41  2.35 
27    5.891   5.891   1.000  0.000  2.35  2.29 
28    5.789   5.789   1.000  0.000  2.29  2.23 
29    5.690   5.690   1.000  0.000  2.23  2.18 
30    5.608   5.608   1.000  0.000  2.18  2.13 
31    5.529   5.529   1.000  0.000  2.13  2.08 
32    5.443   5.443   1.000  0.000  2.08  2.03 
33    5.482   5.482   1.000  0.000  2.03  1.99 
34    5.573   5.573   1.000  0.000  1.99  1.94 
35    5.662   5.662   1.000  0.000  1.94  1.90 
36    5.750   5.750   1.000  0.000  1.90  1.86 
37    5.852   5.852   1.000  0.000  1.86  1.80 
38    5.968   5.968   1.000  0.000  1.80  1.74 
39    6.096   6.096   1.000  0.000  1.74  1.68 
40    6.107   6.107   1.000  0.000  1.68  1.63 
41    5.918   5.918   1.000  0.000  1.63  1.58 
42    5.756   5.756   1.000  0.000  1.58  1.54 
43    5.572   5.572   1.000  0.000  1.54  1.49 
44    5.394   5.394   1.000  0.000  1.49  1.45 
45    5.245   5.245   1.000  0.000  1.45  1.41 
46    5.100   5.100   1.000  0.000  1.41  1.38 
47    4.959   4.959   1.000  0.000  1.38  1.34 
48    4.822   4.822   1.000  0.000  1.34  1.31 
49    4.709   4.709   1.000  0.000  1.31  1.24 
50    4.611   4.611   1.000  0.000  1.24  1.18 
51    4.516   4.516   1.000  0.000  1.18  1.13 
52    4.435   4.435   1.000  0.000  1.13  1.08 
53    4.357   4.357   1.000  0.000  1.08  1.03 
54    4.282   4.282   1.000  0.000  1.03  0.99 
55    4.217   4.217   1.000  0.000  0.99  0.95 
56    4.180   4.180   1.000  0.000  0.95  0.92 
57    4.284   4.284   1.000  0.000  0.92  0.89 
58    4.396   4.396   1.000  0.000  0.89  0.86 
59    4.505   4.505   1.000  0.000  0.86  0.83 
60    4.597   4.597   1.000  0.000  0.83  0.80 
61    4.748   4.748   1.000  0.000  0.80  0.74 
62    4.961   4.961   1.000  0.000  0.74  0.69 
63    5.146   5.146   1.000  0.000  0.69  0.64 
64    5.299   5.299   1.000  0.000  0.64  0.60 
65    5.435   5.435   1.000  0.000  0.60  0.56 
66    5.693   5.693   1.000  0.000  0.56  0.53 
67    6.012   6.012   1.000  0.000  0.53  0.51 
68    6.315   6.315   1.000  0.000  0.51  0.48 
69    6.603   6.603   1.000  0.000  0.48  0.46 
70    6.853   6.853   1.000  0.000  0.46  0.44 
71    7.070   7.070   1.000  0.000  0.44  0.42 
72    7.278   7.278   1.000  0.000  0.42  0.40 
73    7.496   7.496   1.000  0.000  0.40  0.38 
74    7.723   7.723   1.000  0.000  0.38  0.36 
75    7.920   7.920   1.000  0.000  0.36  0.34 
76    8.108   8.108   1.000  0.000  0.34  0.33 
77    8.287   8.287   1.000  0.000  0.33  0.31 
78    8.442   8.442   1.000  0.000  0.31  0.30 
79    8.577   8.577   1.000  0.000  0.30  0.29 
80    8.705   8.705   1.000  0.000  0.29  0.28 
81    8.829   8.829   1.000  0.000  0.28  0.27 
82    8.935   8.935   1.000  0.000  0.27  0.26 
83    9.038   9.038   1.000  0.000  0.26  0.25 
84    9.137   9.137   1.000  0.000  0.25  0.24 

IR: 
Bin  Qext    Qscat     W0      g        L1       L2
 1    0.775   0.231   0.298  0.000  1000.00  292.68 
 2    0.775   0.231   0.298  0.000  292.68  171.43 
 3    0.775   0.231   0.298  0.000  171.43  121.21 
 4    0.775   0.231   0.298  0.000  121.21  93.75 
 5    0.775   0.231   0.298  0.000  93.75  76.43 
 6    0.775   0.231   0.298  0.000  76.43  64.52 
 7    0.775   0.231   0.298  0.000  64.52  55.81 
 8    1.492   0.286   0.192  -0.019  55.81  49.18 
 9    3.152   0.415   0.132  -0.016  49.18  43.96 
10    3.457   0.485   0.140  -0.003  43.96  39.74 
11    2.906   0.618   0.213  0.011  39.74  36.25 
12    3.131   1.002   0.320  0.019  36.25  33.33 
13    4.766   1.679   0.352  0.018  33.33  31.17 
14    6.937   2.625   0.378  0.016  31.17  29.28 
15    8.941   4.025   0.450  0.017  29.28  27.60 
16    11.571   6.362   0.550  0.022  27.60  26.10 
17    17.766   10.521   0.592  0.031  26.10  24.76 
18    32.431   18.057   0.557  0.041  24.76  23.54 
19    56.512   28.868   0.511  0.051  23.54  22.45 
20    87.038   42.044   0.483  0.059  22.45  21.45 
21    120.136   56.810   0.473  0.067  21.45  20.53 
22    146.519   70.165   0.479  0.075  20.53  19.69 
23    156.491   78.232   0.500  0.081  19.69  18.92 
24    147.702   78.484   0.531  0.086  18.92  18.20 
25    136.220   75.497   0.554  0.087  18.20  17.96 
26    127.408   72.539   0.569  0.088  17.96  17.73 
27    117.728   68.949   0.586  0.088  17.73  17.50 
28    107.700   64.840   0.602  0.089  17.50  17.28 
29    97.429   60.314   0.619  0.089  17.28  17.07 
30    87.585   55.580   0.635  0.088  17.07  16.86 
31    78.069   50.712   0.650  0.087  16.86  16.65 
32    72.497   47.614   0.657  0.086  16.65  16.45 
33    64.586   42.999   0.666  0.085  16.45  16.26 
34    57.867   38.753   0.670  0.083  16.26  16.07 
35    53.638   36.007   0.671  0.082  16.07  15.88 
36    49.024   32.608   0.665  0.080  15.88  15.70 
37    44.872   29.496   0.657  0.078  15.70  15.56 
38    42.841   27.823   0.649  0.076  15.56  15.43 
39    40.830   26.199   0.642  0.075  15.43  15.30 
40    39.278   24.921   0.634  0.073  15.30  15.17 
41    37.914   23.794   0.628  0.072  15.17  15.04 
42    36.561   22.696   0.621  0.070  15.04  14.91 
43    35.437   21.918   0.619  0.069  14.91  14.79 
44    35.437   21.918   0.619  0.069  14.79  14.67 
45    34.332   21.165   0.616  0.067  14.67  14.55 
46    33.231   20.444   0.615  0.066  14.55  14.43 
47    32.099   19.873   0.619  0.064  14.43  14.31 
48    30.978   19.298   0.623  0.062  14.31  14.20 
49    29.842   18.734   0.628  0.060  14.20  14.08 
50    28.632   18.210   0.636  0.058  14.08  13.97 
51    27.433   17.672   0.644  0.055  13.97  13.85 
52    26.249   17.130   0.653  0.053  13.85  13.74 
53    25.095   16.609   0.662  0.050  13.74  13.63 
54    23.951   16.072   0.671  0.047  13.63  13.52 
55    22.856   15.535   0.680  0.045  13.52  13.41 
56    21.962   15.061   0.686  0.042  13.41  13.31 
57    21.962   15.061   0.686  0.042  13.31  13.20 
58    21.077   14.581   0.692  0.040  13.20  13.10 
59    20.207   14.098   0.698  0.037  13.10  13.00 
60    19.698   13.740   0.698  0.035  13.00  12.90 
61    18.943   13.208   0.697  0.031  12.90  12.63 
62    18.286   12.553   0.686  0.024  12.63  12.38 
63    18.009   12.051   0.669  0.016  12.38  12.13 
64    17.970   11.721   0.652  0.008  12.13  11.90 
65    17.853   11.389   0.638  -0.001  11.90  11.67 
66    17.693   11.078   0.626  -0.011  11.67  11.45 
67    17.344   10.829   0.624  -0.024  11.45  11.24 
68    17.341   10.988   0.634  -0.033  11.24  11.04 
69    17.619   11.404   0.647  -0.037  11.04  10.85 
70    19.447   12.624   0.649  -0.026  10.85  10.66 
71    21.857   14.129   0.646  -0.009  10.66  10.48 
72    26.743   16.652   0.623  0.019  10.48  10.30 
73    32.303   19.191   0.594  0.050  10.30  10.03 
74    41.090   23.138   0.563  0.090  10.03  9.78 
75    50.630   27.290   0.539  0.134  9.78  9.54 
76    56.566   30.434   0.538  0.171  9.54  9.31 
77    55.316   30.935   0.559  0.199  9.31  9.09 
78    51.508   30.135   0.585  0.217  9.09  8.88 
79    43.628   27.140   0.622  0.225  8.88  8.68 
80    36.088   23.714   0.657  0.229  8.68  8.49 
81    29.096   19.955   0.686  0.224  8.49  8.30 
82    23.485   16.473   0.701  0.219  8.30  8.13 
83    20.232   13.983   0.691  0.216  8.13  7.96 
84    17.732   12.113   0.683  0.216  7.96  7.80 
85    16.121   11.017   0.683  0.222  7.80  7.35 
86    14.065   9.753   0.693  0.176  7.35  6.95 
87    17.625   11.350   0.644  0.126  6.95  6.59 
88    28.437   17.074   0.600  0.180  6.59  6.27 
89    36.352   21.142   0.582  0.271  6.27  5.97 
90    27.058   17.864   0.660  0.300  5.97  5.71 
91    17.807   12.760   0.717  0.317  5.71  5.46 
92    14.249   9.959   0.699  0.327  5.46  5.24 
93    13.232   9.042   0.683  0.273  5.24  5.03 
94    15.474   10.145   0.656  0.236  5.03  4.84 
95    23.627   14.270   0.604  0.256  4.84  4.66 
96    29.066   16.572   0.570  0.279  4.66  4.50 
