SiO2 Micro rods 9um long, 1um diameter 
Cross_sections_SiO2_Rod_9um_1um_1um_25nmMesh_0.2um55um_20250512.txt
Bin  Qext    Qscat     W0      g     L1     L2
 1    1.031   1.031   1.000  0.188  4.50  4.36 
 2    1.031   1.031   1.000  0.188  4.36  4.23 
 3    1.031   1.031   1.000  0.188  4.23  4.10 
 4    1.305   1.293   0.991  0.238  4.10  3.98 
 5    1.305   1.293   0.991  0.238  3.98  3.87 
 6    1.305   1.293   0.991  0.238  3.87  3.77 
 7    1.305   1.293   0.991  0.238  3.77  3.67 
 8    1.567   1.512   0.965  0.315  3.67  3.57 
 9    1.567   1.512   0.965  0.315  3.57  3.48 
10    1.567   1.512   0.965  0.315  3.48  3.40 
11    1.567   1.512   0.965  0.315  3.40  3.32 
12    1.862   1.799   0.966  0.431  3.32  3.24 
13    1.862   1.799   0.966  0.431  3.24  3.16 
14    1.862   1.799   0.966  0.431  3.16  3.08 
15    1.862   1.799   0.966  0.431  3.08  3.01 
16    1.862   1.799   0.966  0.431  3.01  2.94 
17    2.230   2.179   0.977  0.586  2.94  2.87 
18    2.230   2.179   0.977  0.586  2.87  2.81 
19    2.230   2.179   0.977  0.586  2.81  2.75 
20    2.230   2.179   0.977  0.586  2.75  2.69 
21    2.230   2.179   0.977  0.586  2.69  2.64 
22    2.230   2.179   0.977  0.586  2.64  2.58 
23    3.090   3.020   0.977  0.695  2.58  2.53 
24    3.090   3.020   0.977  0.695  2.53  2.48 
25    3.090   3.020   0.977  0.695  2.48  2.41 
26    3.090   3.020   0.977  0.695  2.41  2.35 
27    3.090   3.020   0.977  0.695  2.35  2.29 
28    3.090   3.020   0.977  0.695  2.29  2.23 
29    4.369   4.305   0.985  0.676  2.23  2.18 
30    4.369   4.305   0.985  0.676  2.18  2.13 
31    4.369   4.305   0.985  0.676  2.13  2.08 
32    4.369   4.305   0.985  0.676  2.08  2.03 
33    4.369   4.305   0.985  0.676  2.03  1.99 
34    4.369   4.305   0.985  0.676  1.99  1.94 
35    4.369   4.305   0.985  0.676  1.94  1.90 
36    4.369   4.305   0.985  0.676  1.90  1.86 
37    5.184   5.168   0.997  0.689  1.86  1.80 
38    5.184   5.168   0.997  0.689  1.80  1.74 
39    5.184   5.168   0.997  0.689  1.74  1.68 
40    5.184   5.168   0.997  0.689  1.68  1.63 
41    5.184   5.168   0.997  0.689  1.63  1.58 
42    5.184   5.168   0.997  0.689  1.58  1.54 
43    5.184   5.168   0.997  0.689  1.54  1.49 
44    7.336   7.312   0.997  0.818  1.49  1.45 
45    7.336   7.312   0.997  0.818  1.45  1.41 
46    7.336   7.312   0.997  0.818  1.41  1.38 
47    7.336   7.312   0.997  0.818  1.38  1.34 
48    7.336   7.312   0.997  0.818  1.34  1.31 
49    7.336   7.312   0.997  0.818  1.31  1.24 
50    7.336   7.312   0.997  0.818  1.24  1.18 
51    7.336   7.312   0.997  0.818  1.18  1.13 
52    10.088   10.045   0.996  0.839  1.13  1.08 
53    10.088   10.045   0.996  0.839  1.08  1.03 
54    10.088   10.045   0.996  0.839  1.03  0.99 
55    10.088   10.045   0.996  0.839  0.99  0.95 
56    10.088   10.045   0.996  0.839  0.95  0.92 
57    10.088   10.045   0.996  0.839  0.92  0.89 
58    10.088   10.045   0.996  0.839  0.89  0.86 
59    10.088   10.045   0.996  0.839  0.86  0.83 
60    10.088   10.045   0.996  0.839  0.83  0.80 
61    10.088   10.045   0.996  0.839  0.80  0.74 
62    4.569   4.528   0.991  0.629  0.74  0.69 
63    4.569   4.528   0.991  0.629  0.69  0.64 
64    4.569   4.528   0.991  0.629  0.64  0.60 
65    4.569   4.528   0.991  0.629  0.60  0.56 
66    4.569   4.528   0.991  0.629  0.56  0.53 
67    4.569   4.528   0.991  0.629  0.53  0.51 
68    4.569   4.528   0.991  0.629  0.51  0.48 
69    4.569   4.528   0.991  0.629  0.48  0.46 
70    4.569   4.528   0.991  0.629  0.46  0.44 
71    4.569   4.528   0.991  0.629  0.44  0.42 
72    4.569   4.528   0.991  0.629  0.42  0.40 
73    4.569   4.528   0.991  0.629  0.40  0.38 
74    7.293   7.238   0.992  0.456  0.38  0.36 
75    7.293   7.238   0.992  0.456  0.36  0.34 
76    7.293   7.238   0.992  0.456  0.34  0.33 
77    7.293   7.238   0.992  0.456  0.33  0.31 
78    7.293   7.238   0.992  0.456  0.31  0.30 
79    7.293   7.238   0.992  0.456  0.30  0.29 
80    7.293   7.238   0.992  0.456  0.29  0.28 
81    7.293   7.238   0.992  0.456  0.28  0.27 
82    7.293   7.238   0.992  0.456  0.27  0.26 
83    7.293   7.238   0.992  0.456  0.26  0.25 
84    7.293   7.238   0.992  0.456  0.25  0.24 

IR: 
Bin  Qext    Qscat     W0      g        L1       L2
 1    0.098   0.002   0.016  0.002  1000.00  292.68 
 2    0.098   0.002   0.016  0.002  292.68  171.43 
 3    0.098   0.002   0.016  0.002  171.43  121.21 
 4    0.098   0.002   0.016  0.002  121.21  93.75 
 5    0.098   0.002   0.016  0.002  93.75  76.43 
 6    0.098   0.002   0.016  0.002  76.43  64.52 
 7    0.098   0.002   0.016  0.002  64.52  55.81 
 8    0.173   0.003   0.015  0.005  55.81  49.18 
 9    0.332   0.005   0.015  0.010  49.18  43.96 
10    0.383   0.006   0.015  0.012  43.96  39.74 
11    0.266   0.005   0.019  0.006  39.74  36.25 
12    0.057   0.007   0.114  -0.005  36.25  33.33 
13    0.015   0.015   1.000  -0.005  33.33  31.17 
14    0.031   0.031   1.000  -0.001  31.17  29.28 
15    0.276   0.059   0.215  0.003  29.28  27.60 
16    0.914   0.095   0.104  0.006  27.60  26.10 
17    1.709   0.130   0.076  0.008  26.10  24.76 
18    2.423   0.155   0.064  0.009  24.76  23.54 
19    2.848   0.163   0.057  0.010  23.54  22.45 
20    2.900   0.150   0.052  0.010  22.45  21.45 
21    2.574   0.121   0.047  0.010  21.45  20.53 
22    1.899   0.079   0.042  0.008  20.53  19.69 
23    1.068   0.036   0.033  0.003  19.69  18.92 
24    0.468   0.010   0.022  -0.013  18.92  18.20 
25    0.340   0.006   0.017  -0.020  18.20  17.96 
26    0.151   0.001   0.009  -0.057  17.96  17.73 
27    0.039   0.002   0.041  0.054  17.73  17.50 
28    0.039   0.002   0.041  0.054  17.50  17.28 
29    0.008   0.006   0.845  0.041  17.28  17.07 
30    0.008   0.006   0.845  0.041  17.07  16.86 
31    0.047   0.015   0.318  0.030  16.86  16.65 
32    0.137   0.025   0.186  0.023  16.65  16.45 
33    0.137   0.025   0.186  0.023  16.45  16.26 
34    0.252   0.037   0.146  0.018  16.26  16.07 
35    0.252   0.037   0.146  0.018  16.07  15.88 
36    0.361   0.047   0.131  0.012  15.88  15.70 
37    0.361   0.047   0.131  0.012  15.70  15.56 
38    0.361   0.047   0.131  0.012  15.56  15.43 
39    0.437   0.057   0.129  0.007  15.43  15.30 
40    0.437   0.057   0.129  0.007  15.30  15.17 
41    0.437   0.057   0.129  0.007  15.17  15.04 
42    0.465   0.065   0.139  0.002  15.04  14.91 
43    0.465   0.065   0.139  0.002  14.91  14.79 
44    0.465   0.065   0.139  0.002  14.79  14.67 
45    0.450   0.074   0.165  0.001  14.67  14.55 
46    0.450   0.074   0.165  0.001  14.55  14.43 
47    0.450   0.074   0.165  0.001  14.43  14.31 
48    0.418   0.089   0.212  0.005  14.31  14.20 
49    0.418   0.089   0.212  0.005  14.20  14.08 
50    0.418   0.089   0.212  0.005  14.08  13.97 
51    0.408   0.111   0.272  0.012  13.97  13.85 
52    0.408   0.111   0.272  0.012  13.85  13.74 
53    0.408   0.111   0.272  0.012  13.74  13.63 
54    0.459   0.143   0.312  0.020  13.63  13.52 
55    0.459   0.143   0.312  0.020  13.52  13.41 
56    0.459   0.143   0.312  0.020  13.41  13.31 
57    0.584   0.184   0.315  0.025  13.31  13.20 
58    0.584   0.184   0.315  0.025  13.20  13.10 
59    0.584   0.184   0.315  0.025  13.10  13.00 
60    0.584   0.184   0.315  0.025  13.00  12.90 
61    0.757   0.228   0.301  0.028  12.90  12.63 
62    0.921   0.271   0.295  0.025  12.63  12.38 
63    0.921   0.271   0.295  0.025  12.38  12.13 
64    1.027   0.324   0.316  0.019  12.13  11.90 
65    1.027   0.324   0.316  0.019  11.90  11.67 
66    1.108   0.421   0.380  0.013  11.67  11.45 
67    1.340   0.628   0.469  0.014  11.45  11.24 
68    1.340   0.628   0.469  0.014  11.24  11.04 
69    2.012   1.017   0.506  0.022  11.04  10.85 
70    2.012   1.017   0.506  0.022  10.85  10.66 
71    3.331   1.605   0.482  0.032  10.66  10.48 
72    3.331   1.605   0.482  0.032  10.48  10.30 
73    5.089   2.262   0.445  0.040  10.30  10.03 
74    6.455   2.683   0.416  0.047  10.03  9.78 
75    6.455   2.683   0.416  0.047  9.78  9.54 
76    6.314   2.533   0.401  0.053  9.54  9.31 
77    4.297   1.761   0.410  0.057  9.31  9.09 
78    4.297   1.761   0.410  0.057  9.09  8.88 
79    1.655   0.788   0.476  0.060  8.88  8.68 
80    1.655   0.788   0.476  0.060  8.68  8.49 
81    0.306   0.188   0.616  0.051  8.49  8.30 
82    0.306   0.188   0.616  0.051  8.30  8.13 
83    0.348   0.047   0.137  0.030  8.13  7.96 
84    0.348   0.047   0.137  0.030  7.96  7.80 
85    0.148   0.018   0.120  0.068  7.80  7.35 
86    0.009   0.009   1.000  0.051  7.35  6.95 
87    0.179   0.045   0.251  0.076  6.95  6.59 
88    0.080   0.080   1.000  0.069  6.59  6.27 
89    0.249   0.199   0.799  0.085  6.27  5.97 
90    0.270   0.270   1.000  0.094  5.97  5.71 
91    0.270   0.270   1.000  0.094  5.71  5.46 
92    0.536   0.429   0.800  0.109  5.46  5.24 
93    0.627   0.627   1.000  0.127  5.24  5.03 
94    0.627   0.627   1.000  0.127  5.03  4.84 
95    0.808   0.808   1.000  0.153  4.84  4.66 
96    0.808   0.808   1.000  0.153  4.66  4.50 
