Nano ribbon  9um 1um 0.1um 
Created from file Al_nanoribbon_9um1um0.1um.txt
Bin  Qext    Qscat     W0      g     L1     L2
 1    17.572   17.223   0.980  0.022  4.50  4.36 
 2    17.572   17.223   0.980  0.022  4.36  4.23 
 3    17.572   17.223   0.980  0.022  4.23  4.10 
 4    21.280   20.885   0.981  0.020  4.10  3.98 
 5    21.280   20.885   0.981  0.020  3.98  3.87 
 6    21.280   20.885   0.981  0.020  3.87  3.77 
 7    21.280   20.885   0.981  0.020  3.77  3.67 
 8    18.961   18.663   0.984  0.027  3.67  3.57 
 9    18.961   18.663   0.984  0.027  3.57  3.48 
10    18.961   18.663   0.984  0.027  3.48  3.40 
11    18.961   18.663   0.984  0.027  3.40  3.32 
12    17.193   16.927   0.985  0.032  3.32  3.24 
13    17.193   16.927   0.985  0.032  3.24  3.16 
14    17.193   16.927   0.985  0.032  3.16  3.08 
15    17.193   16.927   0.985  0.032  3.08  3.01 
16    17.193   16.927   0.985  0.032  3.01  2.94 
17    18.719   18.373   0.982  0.028  2.94  2.87 
18    18.719   18.373   0.982  0.028  2.87  2.81 
19    18.719   18.373   0.982  0.028  2.81  2.75 
20    18.719   18.373   0.982  0.028  2.75  2.69 
21    18.719   18.373   0.982  0.028  2.69  2.64 
22    18.719   18.373   0.982  0.028  2.64  2.58 
23    17.178   16.886   0.983  0.037  2.58  2.53 
24    17.178   16.886   0.983  0.037  2.53  2.48 
25    17.178   16.886   0.983  0.037  2.48  2.41 
26    17.178   16.886   0.983  0.037  2.41  2.35 
27    17.178   16.886   0.983  0.037  2.35  2.29 
28    17.178   16.886   0.983  0.037  2.29  2.23 
29    17.850   17.540   0.983  0.036  2.23  2.18 
30    17.850   17.540   0.983  0.036  2.18  2.13 
31    17.850   17.540   0.983  0.036  2.13  2.08 
32    17.850   17.540   0.983  0.036  2.08  2.03 
33    17.850   17.540   0.983  0.036  2.03  1.99 
34    17.850   17.540   0.983  0.036  1.99  1.94 
35    17.850   17.540   0.983  0.036  1.94  1.90 
36    17.850   17.540   0.983  0.036  1.90  1.86 
37    17.656   17.320   0.981  0.036  1.86  1.80 
38    17.656   17.320   0.981  0.036  1.80  1.74 
39    17.656   17.320   0.981  0.036  1.74  1.68 
40    17.656   17.320   0.981  0.036  1.68  1.63 
41    17.656   17.320   0.981  0.036  1.63  1.58 
42    17.656   17.320   0.981  0.036  1.58  1.54 
43    17.656   17.320   0.981  0.036  1.54  1.49 
44    17.244   16.781   0.973  0.033  1.49  1.45 
45    17.244   16.781   0.973  0.033  1.45  1.41 
46    17.244   16.781   0.973  0.033  1.41  1.38 
47    17.244   16.781   0.973  0.033  1.38  1.34 
48    17.244   16.781   0.973  0.033  1.34  1.31 
49    17.244   16.781   0.973  0.033  1.31  1.24 
50    17.244   16.781   0.973  0.033  1.24  1.18 
51    17.244   16.781   0.973  0.033  1.18  1.13 
52    17.081   16.417   0.961  0.040  1.13  1.08 
53    17.081   16.417   0.961  0.040  1.08  1.03 
54    17.081   16.417   0.961  0.040  1.03  0.99 
55    17.081   16.417   0.961  0.040  0.99  0.95 
56    17.081   16.417   0.961  0.040  0.95  0.92 
57    17.081   16.417   0.961  0.040  0.92  0.89 
58    17.081   16.417   0.961  0.040  0.89  0.86 
59    17.081   16.417   0.961  0.040  0.86  0.83 
60    17.081   16.417   0.961  0.040  0.83  0.80 
61    17.081   16.417   0.961  0.040  0.80  0.74 
62    16.980   15.761   0.928  0.071  0.74  0.69 
63    16.980   15.761   0.928  0.071  0.69  0.64 
64    16.980   15.761   0.928  0.071  0.64  0.60 
65    16.980   15.761   0.928  0.071  0.60  0.56 
66    16.980   15.761   0.928  0.071  0.56  0.53 
67    16.980   15.761   0.928  0.071  0.53  0.51 
68    16.980   15.761   0.928  0.071  0.51  0.48 
69    16.980   15.761   0.928  0.071  0.48  0.46 
70    16.980   15.761   0.928  0.071  0.46  0.44 
71    16.980   15.761   0.928  0.071  0.44  0.42 
72    16.980   15.761   0.928  0.071  0.42  0.40 
73    16.980   15.761   0.928  0.071  0.40  0.38 
74    16.512   12.383   0.750  0.294  0.38  0.36 
75    16.512   12.383   0.750  0.294  0.36  0.34 
76    16.512   12.383   0.750  0.294  0.34  0.33 
77    16.512   12.383   0.750  0.294  0.33  0.31 
78    16.512   12.383   0.750  0.294  0.31  0.30 
79    16.512   12.383   0.750  0.294  0.30  0.29 
80    16.512   12.383   0.750  0.294  0.29  0.28 
81    16.512   12.383   0.750  0.294  0.28  0.27 
82    16.512   12.383   0.750  0.294  0.27  0.26 
83    16.512   12.383   0.750  0.294  0.26  0.25 
84    16.512   12.383   0.750  0.294  0.25  0.24 

IR: 
Bin  Qext    Qscat     W0      g        L1       L2
 1    3.219   0.928   0.288  0.000  1000.00  292.68 
 2    3.219   0.928   0.288  0.000  292.68  171.43 
 3    3.219   0.928   0.288  0.000  171.43  121.21 
 4    3.219   0.928   0.288  0.000  121.21  93.75 
 5    3.219   0.928   0.288  0.000  93.75  76.43 
 6    3.219   0.928   0.288  0.000  76.43  64.52 
 7    3.219   0.928   0.288  0.000  64.52  55.81 
 8    2.991   0.869   0.290  0.000  55.81  49.18 
 9    1.053   0.829   0.788  0.000  49.18  43.96 
10    0.001   1.831   1831.316  0.000  43.96  39.74 
11    2.935   4.223   1.439  0.000  39.74  36.25 
12    8.990   7.249   0.806  0.000  36.25  33.33 
13    13.988   10.121   0.724  0.000  33.33  31.17 
14    17.139   14.138   0.825  0.000  31.17  29.28 
15    23.912   23.764   0.994  0.000  29.28  27.60 
16    41.981   43.488   1.036  0.000  27.60  26.10 
17    76.193   75.213   0.987  0.000  26.10  24.76 
18    119.946   113.150   0.943  0.000  24.76  23.54 
19    159.829   147.460   0.923  0.000  23.54  22.45 
20    187.021   172.404   0.922  0.000  22.45  21.45 
21    190.127   177.909   0.936  0.000  21.45  20.53 
22    170.180   163.398   0.960  0.000  20.53  19.69 
23    136.723   134.482   0.984  0.001  19.69  18.92 
24    109.094   107.379   0.984  0.001  18.92  18.20 
25    102.832   100.872   0.981  0.001  18.20  17.96 
26    92.363   89.436   0.968  0.001  17.96  17.73 
27    84.048   80.082   0.953  0.001  17.73  17.50 
28    84.048   80.082   0.953  0.001  17.50  17.28 
29    77.540   72.913   0.940  0.001  17.28  17.07 
30    77.540   72.913   0.940  0.001  17.07  16.86 
31    72.179   67.606   0.937  0.002  16.86  16.65 
32    67.229   63.500   0.945  0.002  16.65  16.45 
33    67.229   63.500   0.945  0.002  16.45  16.26 
34    62.164   59.811   0.962  0.002  16.26  16.07 
35    62.164   59.811   0.962  0.002  16.07  15.88 
36    56.884   55.900   0.983  0.002  15.88  15.70 
37    56.884   55.900   0.983  0.002  15.70  15.56 
38    56.884   55.900   0.983  0.002  15.56  15.43 
39    51.740   51.533   0.996  0.002  15.43  15.30 
40    51.740   51.533   0.996  0.002  15.30  15.17 
41    51.740   51.533   0.996  0.002  15.17  15.04 
42    47.307   46.974   0.993  0.003  15.04  14.91 
43    47.307   46.974   0.993  0.003  14.91  14.79 
44    47.307   46.974   0.993  0.003  14.79  14.67 
45    43.988   42.835   0.974  0.003  14.67  14.55 
46    43.988   42.835   0.974  0.003  14.55  14.43 
47    43.988   42.835   0.974  0.003  14.43  14.31 
48    41.685   39.696   0.952  0.003  14.31  14.20 
49    41.685   39.696   0.952  0.003  14.20  14.08 
50    41.685   39.696   0.952  0.003  14.08  13.97 
51    39.795   37.680   0.947  0.003  13.97  13.85 
52    39.795   37.680   0.947  0.003  13.85  13.74 
53    39.795   37.680   0.947  0.003  13.74  13.63 
54    37.651   36.285   0.964  0.004  13.63  13.52 
55    37.651   36.285   0.964  0.004  13.52  13.41 
56    37.651   36.285   0.964  0.004  13.41  13.31 
57    35.089   34.706   0.989  0.004  13.31  13.20 
58    35.089   34.706   0.989  0.004  13.20  13.10 
59    35.089   34.706   0.989  0.004  13.10  13.00 
60    35.089   34.706   0.989  0.004  13.00  12.90 
61    32.612   32.511   0.997  0.004  12.90  12.63 
62    30.818   30.098   0.977  0.005  12.63  12.38 
63    30.818   30.098   0.977  0.005  12.38  12.13 
64    29.638   28.313   0.955  0.005  12.13  11.90 
65    29.638   28.313   0.955  0.005  11.90  11.67 
66    28.392   27.406   0.965  0.005  11.67  11.45 
67    26.787   26.576   0.992  0.006  11.45  11.24 
68    26.787   26.576   0.992  0.006  11.24  11.04 
69    25.355   25.065   0.989  0.006  11.04  10.85 
70    25.355   25.065   0.989  0.006  10.85  10.66 
71    24.385   23.476   0.963  0.007  10.66  10.48 
72    24.385   23.476   0.963  0.007  10.48  10.30 
73    23.369   22.741   0.973  0.007  10.30  10.03 
74    22.260   22.118   0.994  0.008  10.03  9.78 
75    22.260   22.118   0.994  0.008  9.78  9.54 
76    21.420   20.784   0.970  0.008  9.54  9.31 
77    20.498   19.990   0.975  0.009  9.31  9.09 
78    20.498   19.990   0.975  0.009  9.09  8.88 
79    19.814   19.574   0.988  0.010  8.88  8.68 
80    19.814   19.574   0.988  0.010  8.68  8.49 
81    19.225   18.572   0.966  0.010  8.49  8.30 
82    19.225   18.572   0.966  0.010  8.30  8.13 
83    18.950   18.695   0.987  0.010  8.13  7.96 
84    18.950   18.695   0.987  0.010  7.96  7.80 
85    19.775   19.040   0.963  0.010  7.80  7.35 
86    22.978   22.447   0.977  0.008  7.35  6.95 
87    29.355   28.344   0.966  0.007  6.95  6.59 
88    30.755   29.995   0.975  0.008  6.59  6.27 
89    26.567   26.027   0.980  0.011  6.27  5.97 
90    22.984   22.555   0.981  0.014  5.97  5.71 
91    22.984   22.555   0.981  0.014  5.71  5.46 
92    20.650   20.288   0.982  0.017  5.46  5.24 
93    19.093   18.730   0.981  0.020  5.24  5.03 
94    19.093   18.730   0.981  0.020  5.03  4.84 
95    17.847   17.568   0.984  0.022  4.84  4.66 
96    17.847   17.568   0.984  0.022  4.66  4.50 
