Al2O3 porous sphere r=0.5um, porosity 90pct 
Created from file Al2O3_0.5um_sca_asy.xlsx
Bin  Qext    Qscat     W0      g     L1     L2
 1    0.001   0.001   1.000  0.084  4.50  4.36 
 2    0.001   0.001   1.000  0.089  4.36  4.23 
 3    0.001   0.001   1.000  0.095  4.23  4.10 
 4    0.001   0.001   1.000  0.101  4.10  3.98 
 5    0.001   0.001   1.000  0.107  3.98  3.87 
 6    0.002   0.002   1.000  0.113  3.87  3.77 
 7    0.002   0.002   1.000  0.120  3.77  3.67 
 8    0.002   0.002   1.000  0.127  3.67  3.57 
 9    0.002   0.002   1.000  0.133  3.57  3.48 
10    0.002   0.002   1.000  0.141  3.48  3.40 
11    0.003   0.003   1.000  0.148  3.40  3.32 
12    0.003   0.003   1.000  0.156  3.32  3.24 
13    0.003   0.003   1.000  0.164  3.24  3.16 
14    0.003   0.003   1.000  0.172  3.16  3.08 
15    0.004   0.004   1.000  0.181  3.08  3.01 
16    0.004   0.004   1.000  0.190  3.01  2.94 
17    0.004   0.004   1.000  0.199  2.94  2.87 
18    0.005   0.005   1.000  0.209  2.87  2.81 
19    0.005   0.005   1.000  0.219  2.81  2.75 
20    0.005   0.005   1.000  0.228  2.75  2.69 
21    0.006   0.006   1.000  0.238  2.69  2.64 
22    0.006   0.006   1.000  0.248  2.64  2.58 
23    0.006   0.006   1.000  0.258  2.58  2.53 
24    0.007   0.007   1.000  0.269  2.53  2.48 
25    0.007   0.007   1.000  0.283  2.48  2.41 
26    0.008   0.008   1.000  0.298  2.41  2.35 
27    0.009   0.009   1.000  0.314  2.35  2.29 
28    0.009   0.009   1.000  0.331  2.29  2.23 
29    0.010   0.010   1.000  0.350  2.23  2.18 
30    0.011   0.011   1.000  0.368  2.18  2.13 
31    0.012   0.012   1.000  0.385  2.13  2.08 
32    0.012   0.012   1.000  0.401  2.08  2.03 
33    0.013   0.013   1.000  0.419  2.03  1.99 
34    0.014   0.014   1.000  0.437  1.99  1.94 
35    0.015   0.015   1.000  0.454  1.94  1.90 
36    0.015   0.015   1.000  0.472  1.90  1.86 
37    0.017   0.017   1.000  0.497  1.86  1.80 
38    0.018   0.018   1.000  0.529  1.80  1.74 
39    0.020   0.020   1.000  0.556  1.74  1.68 
40    0.021   0.021   1.000  0.582  1.68  1.63 
41    0.023   0.023   1.000  0.608  1.63  1.58 
42    0.025   0.025   1.000  0.633  1.58  1.54 
43    0.027   0.027   1.000  0.655  1.54  1.49 
44    0.028   0.028   1.000  0.674  1.49  1.45 
45    0.030   0.030   1.000  0.691  1.45  1.41 
46    0.033   0.033   1.000  0.707  1.41  1.38 
47    0.035   0.035   1.000  0.720  1.38  1.34 
48    0.037   0.037   1.000  0.731  1.34  1.31 
49    0.041   0.041   1.000  0.745  1.31  1.24 
50    0.047   0.047   1.000  0.758  1.24  1.18 
51    0.053   0.053   1.000  0.769  1.18  1.13 
52    0.060   0.060   1.000  0.779  1.13  1.08 
53    0.066   0.066   1.000  0.788  1.08  1.03 
54    0.073   0.073   1.000  0.799  1.03  0.99 
55    0.080   0.080   1.000  0.811  0.99  0.95 
56    0.088   0.088   1.000  0.825  0.95  0.92 
57    0.096   0.096   1.000  0.839  0.92  0.89 
58    0.104   0.104   1.000  0.849  0.89  0.86 
59    0.112   0.112   1.000  0.859  0.86  0.83 
60    0.120   0.120   1.000  0.867  0.83  0.80 
61    0.137   0.137   1.000  0.877  0.80  0.74 
62    0.165   0.165   1.000  0.889  0.74  0.69 
63    0.191   0.191   1.000  0.898  0.69  0.64 
64    0.223   0.223   1.000  0.910  0.64  0.60 
65    0.257   0.257   1.000  0.921  0.60  0.56 
66    0.289   0.289   1.000  0.926  0.56  0.53 
67    0.327   0.327   1.000  0.931  0.53  0.51 
68    0.364   0.364   1.000  0.936  0.51  0.48 
69    0.407   0.407   1.000  0.942  0.48  0.46 
70    0.459   0.459   1.000  0.947  0.46  0.44 
71    0.507   0.507   1.000  0.949  0.44  0.42 
72    0.548   0.548   1.000  0.952  0.42  0.40 
73    0.612   0.612   1.000  0.956  0.40  0.38 
74    0.707   0.706   1.000  0.960  0.38  0.36 
75    0.774   0.774   1.000  0.962  0.36  0.34 
76    0.853   0.853   1.000  0.964  0.34  0.33 
77    0.943   0.942   1.000  0.967  0.33  0.31 
78    1.050   1.049   1.000  0.969  0.31  0.30 
79    1.173   1.172   0.999  0.970  0.30  0.29 
80    1.269   1.268   0.999  0.972  0.29  0.28 
81    1.378   1.376   0.999  0.973  0.28  0.27 
82    1.500   1.498   0.999  0.974  0.27  0.26 
83    1.640   1.637   0.998  0.975  0.26  0.25 
84    1.801   1.797   0.998  0.976  0.25  0.24 

IR: 
Bin  Qext    Qscat     W0      g        L1       L2
 1    0.001   0.000   0.001  0.001  1000.00  292.68 
 2    0.001   0.000   0.001  0.001  292.68  171.43 
 3    0.001   0.000   0.001  0.001  171.43  121.21 
 4    0.001   0.000   0.001  0.001  121.21  93.75 
 5    0.001   0.000   0.001  0.001  93.75  76.43 
 6    0.001   0.000   0.001  0.001  76.43  64.52 
 7    0.001   0.000   0.001  0.001  64.52  55.81 
 8    0.001   0.000   0.001  0.001  55.81  49.18 
 9    0.002   0.000   0.000  0.001  49.18  43.96 
10    0.004   0.000   0.000  0.001  43.96  39.74 
11    0.007   0.000   0.000  0.001  39.74  36.25 
12    0.011   0.000   0.000  0.001  36.25  33.33 
13    0.017   0.000   0.000  0.002  33.33  31.17 
14    0.022   0.000   0.000  0.002  31.17  29.28 
15    0.027   0.000   0.000  0.002  29.28  27.60 
16    0.032   0.000   0.000  0.002  27.60  26.10 
17    0.036   0.000   0.000  0.003  26.10  24.76 
18    0.040   0.000   0.000  0.003  24.76  23.54 
19    0.043   0.000   0.000  0.003  23.54  22.45 
20    0.046   0.000   0.000  0.003  22.45  21.45 
21    0.050   0.000   0.000  0.004  21.45  20.53 
22    0.055   0.000   0.001  0.004  20.53  19.69 
23    0.061   0.000   0.001  0.004  19.69  18.92 
24    0.067   0.000   0.001  0.005  18.92  18.20 
25    0.072   0.000   0.001  0.005  18.20  17.96 
26    0.075   0.000   0.001  0.005  17.96  17.73 
27    0.078   0.000   0.001  0.005  17.73  17.50 
28    0.080   0.000   0.001  0.005  17.50  17.28 
29    0.083   0.000   0.001  0.006  17.28  17.07 
30    0.085   0.000   0.001  0.006  17.07  16.86 
31    0.088   0.000   0.001  0.006  16.86  16.65 
32    0.090   0.000   0.001  0.006  16.65  16.45 
33    0.093   0.000   0.001  0.006  16.45  16.26 
34    0.095   0.000   0.001  0.006  16.26  16.07 
35    0.097   0.000   0.001  0.006  16.07  15.88 
36    0.098   0.000   0.001  0.006  15.88  15.70 
37    0.100   0.000   0.001  0.007  15.70  15.56 
38    0.101   0.000   0.001  0.007  15.56  15.43 
39    0.102   0.000   0.001  0.007  15.43  15.30 
40    0.103   0.000   0.001  0.007  15.30  15.17 
41    0.104   0.000   0.001  0.007  15.17  15.04 
42    0.104   0.000   0.001  0.007  15.04  14.91 
43    0.105   0.000   0.001  0.007  14.91  14.79 
44    0.105   0.000   0.001  0.007  14.79  14.67 
45    0.105   0.000   0.001  0.007  14.67  14.55 
46    0.105   0.000   0.001  0.008  14.55  14.43 
47    0.105   0.000   0.001  0.008  14.43  14.31 
48    0.104   0.000   0.001  0.008  14.31  14.20 
49    0.104   0.000   0.001  0.008  14.20  14.08 
50    0.103   0.000   0.001  0.008  14.08  13.97 
51    0.102   0.000   0.001  0.008  13.97  13.85 
52    0.101   0.000   0.001  0.008  13.85  13.74 
53    0.100   0.000   0.001  0.008  13.74  13.63 
54    0.098   0.000   0.001  0.009  13.63  13.52 
55    0.097   0.000   0.001  0.009  13.52  13.41 
56    0.095   0.000   0.001  0.009  13.41  13.31 
57    0.093   0.000   0.001  0.009  13.31  13.20 
58    0.091   0.000   0.001  0.009  13.20  13.10 
59    0.089   0.000   0.001  0.009  13.10  13.00 
60    0.087   0.000   0.001  0.009  13.00  12.90 
61    0.083   0.000   0.001  0.010  12.90  12.63 
62    0.076   0.000   0.001  0.010  12.63  12.38 
63    0.069   0.000   0.001  0.010  12.38  12.13 
64    0.063   0.000   0.001  0.011  12.13  11.90 
65    0.056   0.000   0.001  0.011  11.90  11.67 
66    0.050   0.000   0.001  0.012  11.67  11.45 
67    0.045   0.000   0.001  0.012  11.45  11.24 
68    0.042   0.000   0.001  0.013  11.24  11.04 
69    0.039   0.000   0.001  0.013  11.04  10.85 
70    0.038   0.000   0.001  0.014  10.85  10.66 
71    0.036   0.000   0.001  0.014  10.66  10.48 
72    0.032   0.000   0.001  0.015  10.48  10.30 
73    0.022   0.000   0.001  0.015  10.30  10.03 
74    0.013   0.000   0.000  0.016  10.03  9.78 
75    0.009   0.000   0.000  0.017  9.78  9.54 
76    0.006   0.000   0.000  0.018  9.54  9.31 
77    0.005   0.000   0.000  0.019  9.31  9.09 
78    0.003   0.000   0.001  0.020  9.09  8.88 
79    0.002   0.000   0.004  0.021  8.88  8.68 
80    0.001   0.000   0.013  0.022  8.68  8.49 
81    0.000   0.000   0.043  0.023  8.49  8.30 
82    0.000   0.000   0.128  0.024  8.30  8.13 
83    0.000   0.000   0.296  0.025  8.13  7.96 
84    0.000   0.000   0.517  0.026  7.96  7.80 
85    0.000   0.000   0.850  0.028  7.80  7.35 
86    0.000   0.000   0.990  0.032  7.35  6.95 
87    0.000   0.000   0.999  0.035  6.95  6.59 
88    0.000   0.000   1.000  0.039  6.59  6.27 
89    0.000   0.000   1.000  0.043  6.27  5.97 
90    0.000   0.000   1.000  0.048  5.97  5.71 
91    0.000   0.000   1.000  0.052  5.71  5.46 
92    0.000   0.000   1.000  0.057  5.46  5.24 
93    0.000   0.000   1.000  0.062  5.24  5.03 
94    0.001   0.001   1.000  0.067  5.03  4.84 
95    0.001   0.001   1.000  0.073  4.84  4.66 
96    0.001   0.001   1.000  0.078  4.66  4.50 
