Enstatite 100nm radius 
Created from file enstatite_opac_m1.dat
Bin  Qext    Qscat     W0      g     L1     L2
 1    0.001   0.001   0.574  0.020  4.50  4.36 
 2    0.001   0.001   0.651  0.021  4.36  4.23 
 3    0.001   0.001   0.738  0.023  4.23  4.10 
 4    0.001   0.001   0.837  0.024  4.10  3.98 
 5    0.001   0.001   0.946  0.025  3.98  3.87 
 6    0.001   0.001   0.972  0.027  3.87  3.77 
 7    0.001   0.001   0.976  0.029  3.77  3.67 
 8    0.001   0.001   0.978  0.030  3.67  3.57 
 9    0.002   0.001   0.981  0.032  3.57  3.48 
10    0.002   0.002   0.983  0.034  3.48  3.40 
11    0.002   0.002   0.984  0.035  3.40  3.32 
12    0.002   0.002   0.985  0.036  3.32  3.24 
13    0.002   0.002   0.987  0.038  3.24  3.16 
14    0.003   0.003   0.988  0.041  3.16  3.08 
15    0.003   0.003   0.989  0.042  3.08  3.01 
16    0.003   0.003   0.990  0.044  3.01  2.94 
17    0.003   0.003   0.991  0.047  2.94  2.87 
18    0.004   0.004   0.992  0.050  2.87  2.81 
19    0.004   0.004   0.992  0.052  2.81  2.75 
20    0.004   0.004   0.993  0.054  2.75  2.69 
21    0.005   0.005   0.993  0.056  2.69  2.64 
22    0.005   0.005   0.994  0.058  2.64  2.58 
23    0.006   0.006   0.994  0.060  2.58  2.53 
24    0.006   0.006   0.995  0.063  2.53  2.48 
25    0.007   0.007   0.995  0.065  2.48  2.41 
26    0.007   0.007   0.995  0.069  2.41  2.35 
27    0.008   0.008   0.996  0.073  2.35  2.29 
28    0.009   0.009   0.996  0.076  2.29  2.23 
29    0.010   0.010   0.996  0.081  2.23  2.18 
30    0.012   0.012   0.997  0.086  2.18  2.13 
31    0.013   0.012   0.997  0.089  2.13  2.08 
32    0.013   0.013   0.997  0.092  2.08  2.03 
33    0.014   0.014   0.997  0.096  2.03  1.99 
34    0.016   0.016   0.998  0.102  1.99  1.94 
35    0.018   0.018   0.998  0.108  1.94  1.90 
36    0.020   0.020   0.998  0.112  1.90  1.86 
37    0.022   0.022   0.998  0.117  1.86  1.80 
38    0.024   0.024   0.998  0.124  1.80  1.74 
39    0.029   0.028   0.998  0.134  1.74  1.68 
40    0.032   0.032   0.999  0.142  1.68  1.63 
41    0.036   0.036   0.999  0.150  1.63  1.58 
42    0.042   0.041   0.999  0.162  1.58  1.54 
43    0.046   0.046   0.999  0.172  1.54  1.49 
44    0.050   0.050   0.999  0.179  1.49  1.45 
45    0.057   0.057   0.999  0.190  1.45  1.41 
46    0.064   0.063   0.999  0.202  1.41  1.38 
47    0.068   0.068   0.999  0.209  1.38  1.34 
48    0.075   0.075   0.999  0.221  1.34  1.31 
49    0.086   0.086   0.999  0.238  1.31  1.24 
50    0.104   0.104   0.999  0.261  1.24  1.18 
51    0.124   0.123   1.000  0.285  1.18  1.13 
52    0.147   0.147   1.000  0.311  1.13  1.08 
53    0.174   0.174   1.000  0.337  1.08  1.03 
54    0.199   0.199   1.000  0.358  1.03  0.99 
55    0.227   0.227   1.000  0.379  0.99  0.95 
56    0.257   0.257   1.000  0.400  0.95  0.92 
57    0.291   0.291   1.000  0.420  0.92  0.89 
58    0.319   0.319   1.000  0.435  0.89  0.86 
59    0.350   0.350   1.000  0.450  0.86  0.83 
60    0.393   0.393   1.000  0.468  0.83  0.80 
61    0.468   0.468   1.000  0.494  0.80  0.74 
62    0.580   0.580   1.000  0.526  0.74  0.69 
63    0.695   0.695   1.000  0.550  0.69  0.64 
64    0.807   0.807   1.000  0.568  0.64  0.60 
65    0.949   0.949   1.000  0.587  0.60  0.56 
66    1.078   1.078   1.000  0.602  0.56  0.53 
67    1.188   1.188   1.000  0.613  0.53  0.51 
68    1.326   1.326   1.000  0.625  0.51  0.48 
69    1.449   1.449   1.000  0.633  0.48  0.46 
70    1.572   1.572   1.000  0.640  0.46  0.44 
71    1.692   1.692   1.000  0.647  0.44  0.42 
72    1.783   1.783   1.000  0.651  0.42  0.40 
73    1.894   1.893   1.000  0.656  0.40  0.38 
74    2.015   2.015   1.000  0.660  0.38  0.36 
75    2.103   2.103   1.000  0.662  0.36  0.34 
76    2.167   2.167   1.000  0.663  0.34  0.33 
77    2.239   2.238   0.999  0.661  0.33  0.31 
78    2.298   2.297   0.999  0.657  0.31  0.30 
79    2.329   2.328   0.999  0.652  0.30  0.29 
80    2.346   2.345   0.999  0.646  0.29  0.28 
81    2.349   2.348   0.999  0.639  0.28  0.27 
82    2.339   2.337   0.999  0.631  0.27  0.26 
83    2.322   2.321   0.999  0.623  0.26  0.25 
84    2.298   2.296   0.999  0.615  0.25  0.24 

IR: 
Bin  Qext    Qscat     W0      g        L1       L2
 1    0.001   0.000   0.000  0.000  1000.00  292.68 
 2    0.001   0.000   0.000  0.000  292.68  171.43 
 3    0.001   0.000   0.000  0.000  171.43  121.21 
 4    0.001   0.000   0.000  0.000  121.21  93.75 
 5    0.001   0.000   0.000  0.000  93.75  76.43 
 6    0.002   0.000   0.000  0.000  76.43  64.52 
 7    0.003   0.000   0.000  0.000  64.52  55.81 
 8    0.004   0.000   0.000  0.000  55.81  49.18 
 9    0.005   0.000   0.000  0.000  49.18  43.96 
10    0.006   0.000   0.000  0.000  43.96  39.74 
11    0.008   0.000   0.000  0.000  39.74  36.25 
12    0.010   0.000   0.000  0.001  36.25  33.33 
13    0.013   0.000   0.000  0.001  33.33  31.17 
14    0.015   0.000   0.000  0.001  31.17  29.28 
15    0.017   0.000   0.000  0.001  29.28  27.60 
16    0.020   0.000   0.000  0.001  27.60  26.10 
17    0.023   0.000   0.000  0.001  26.10  24.76 
18    0.025   0.000   0.000  0.001  24.76  23.54 
19    0.029   0.000   0.000  0.001  23.54  22.45 
20    0.033   0.000   0.000  0.001  22.45  21.45 
21    0.037   0.000   0.000  0.001  21.45  20.53 
22    0.043   0.000   0.000  0.001  20.53  19.69 
23    0.050   0.000   0.000  0.001  19.69  18.92 
24    0.058   0.000   0.000  0.001  18.92  18.20 
25    0.064   0.000   0.000  0.001  18.20  17.96 
26    0.066   0.000   0.000  0.001  17.96  17.73 
27    0.065   0.000   0.000  0.001  17.73  17.50 
28    0.065   0.000   0.000  0.001  17.50  17.28 
29    0.062   0.000   0.000  0.001  17.28  17.07 
30    0.057   0.000   0.000  0.001  17.07  16.86 
31    0.057   0.000   0.000  0.001  16.86  16.65 
32    0.049   0.000   0.000  0.001  16.65  16.45 
33    0.049   0.000   0.000  0.001  16.45  16.26 
34    0.041   0.000   0.000  0.001  16.26  16.07 
35    0.034   0.000   0.000  0.001  16.07  15.88 
36    0.034   0.000   0.000  0.001  15.88  15.70 
37    0.027   0.000   0.000  0.002  15.70  15.56 
38    0.027   0.000   0.000  0.002  15.56  15.43 
39    0.023   0.000   0.000  0.002  15.43  15.30 
40    0.023   0.000   0.000  0.002  15.30  15.17 
41    0.023   0.000   0.000  0.002  15.17  15.04 
42    0.019   0.000   0.000  0.002  15.04  14.91 
43    0.019   0.000   0.000  0.002  14.91  14.79 
44    0.018   0.000   0.000  0.002  14.79  14.67 
45    0.018   0.000   0.000  0.002  14.67  14.55 
46    0.017   0.000   0.000  0.002  14.55  14.43 
47    0.017   0.000   0.000  0.002  14.43  14.31 
48    0.017   0.000   0.000  0.002  14.31  14.20 
49    0.017   0.000   0.000  0.002  14.20  14.08 
50    0.017   0.000   0.000  0.002  14.08  13.97 
51    0.016   0.000   0.001  0.002  13.97  13.85 
52    0.016   0.000   0.001  0.002  13.85  13.74 
53    0.016   0.000   0.001  0.002  13.74  13.63 
54    0.016   0.000   0.001  0.002  13.63  13.52 
55    0.016   0.000   0.001  0.002  13.52  13.41 
56    0.015   0.000   0.001  0.002  13.41  13.31 
57    0.015   0.000   0.001  0.002  13.31  13.20 
58    0.015   0.000   0.001  0.003  13.20  13.10 
59    0.015   0.000   0.001  0.003  13.10  13.00 
60    0.015   0.000   0.001  0.003  13.00  12.90 
61    0.014   0.000   0.001  0.003  12.90  12.63 
62    0.013   0.000   0.002  0.003  12.63  12.38 
63    0.013   0.000   0.002  0.003  12.38  12.13 
64    0.012   0.000   0.002  0.003  12.13  11.90 
65    0.016   0.000   0.002  0.004  11.90  11.67 
66    0.022   0.000   0.002  0.004  11.67  11.45 
67    0.030   0.000   0.002  0.004  11.45  11.24 
68    0.038   0.000   0.002  0.004  11.24  11.04 
69    0.048   0.000   0.002  0.004  11.04  10.85 
70    0.058   0.000   0.001  0.004  10.85  10.66 
71    0.070   0.000   0.001  0.004  10.66  10.48 
72    0.083   0.000   0.001  0.004  10.48  10.30 
73    0.092   0.000   0.001  0.004  10.30  10.03 
74    0.120   0.000   0.001  0.003  10.03  9.78 
75    0.142   0.000   0.001  0.003  9.78  9.54 
76    0.167   0.000   0.001  0.003  9.54  9.31 
77    0.163   0.000   0.001  0.003  9.31  9.09 
78    0.140   0.000   0.001  0.004  9.09  8.88 
79    0.113   0.000   0.001  0.004  8.88  8.68 
80    0.088   0.000   0.000  0.004  8.68  8.49 
81    0.066   0.000   0.000  0.004  8.49  8.30 
82    0.038   0.000   0.000  0.005  8.30  8.13 
83    0.015   0.000   0.000  0.005  8.13  7.96 
84    0.011   0.000   0.001  0.006  7.96  7.80 
85    0.003   0.000   0.006  0.006  7.80  7.35 
86    0.001   0.000   0.039  0.007  7.35  6.95 
87    0.001   0.000   0.062  0.008  6.95  6.59 
88    0.001   0.000   0.086  0.009  6.59  6.27 
89    0.001   0.000   0.115  0.010  6.27  5.97 
90    0.001   0.000   0.152  0.011  5.97  5.71 
91    0.001   0.000   0.198  0.013  5.71  5.46 
92    0.001   0.000   0.242  0.014  5.46  5.24 
93    0.001   0.000   0.293  0.015  5.24  5.03 
94    0.001   0.000   0.353  0.016  5.03  4.84 
95    0.001   0.000   0.423  0.017  4.84  4.66 
96    0.001   0.001   0.504  0.019  4.66  4.50 
