SiO2 Micro rods 7um long, 1um diameter 
Cross_sections_SiO2_Rod_7um_1um_1um_25nmMesh_0.2um55um_20250514.txt
Bin  Qext    Qscat     W0      g     L1     L2
 1    0.935   0.900   0.963  0.187  4.50  4.36 
 2    0.935   0.900   0.963  0.187  4.36  4.23 
 3    0.935   0.900   0.963  0.187  4.23  4.10 
 4    1.128   1.128   1.000  0.237  4.10  3.98 
 5    1.128   1.128   1.000  0.237  3.98  3.87 
 6    1.128   1.128   1.000  0.237  3.87  3.77 
 7    1.128   1.128   1.000  0.237  3.77  3.67 
 8    1.407   1.395   0.992  0.311  3.67  3.57 
 9    1.407   1.395   0.992  0.311  3.57  3.48 
10    1.407   1.395   0.992  0.311  3.48  3.40 
11    1.407   1.395   0.992  0.311  3.40  3.32 
12    1.600   1.600   1.000  0.429  3.32  3.24 
13    1.600   1.600   1.000  0.429  3.24  3.16 
14    1.600   1.600   1.000  0.429  3.16  3.08 
15    1.600   1.600   1.000  0.429  3.08  3.01 
16    1.600   1.600   1.000  0.429  3.01  2.94 
17    1.971   1.971   1.000  0.584  2.94  2.87 
18    1.971   1.971   1.000  0.584  2.87  2.81 
19    1.971   1.971   1.000  0.584  2.81  2.75 
20    1.971   1.971   1.000  0.584  2.75  2.69 
21    1.971   1.971   1.000  0.584  2.69  2.64 
22    1.971   1.971   1.000  0.584  2.64  2.58 
23    2.740   2.729   0.996  0.692  2.58  2.53 
24    2.740   2.729   0.996  0.692  2.53  2.48 
25    2.740   2.729   0.996  0.692  2.48  2.41 
26    2.740   2.729   0.996  0.692  2.41  2.35 
27    2.740   2.729   0.996  0.692  2.35  2.29 
28    2.740   2.729   0.996  0.692  2.29  2.23 
29    3.968   3.924   0.989  0.681  2.23  2.18 
30    3.968   3.924   0.989  0.681  2.18  2.13 
31    3.968   3.924   0.989  0.681  2.13  2.08 
32    3.968   3.924   0.989  0.681  2.08  2.03 
33    3.968   3.924   0.989  0.681  2.03  1.99 
34    3.968   3.924   0.989  0.681  1.99  1.94 
35    3.968   3.924   0.989  0.681  1.94  1.90 
36    3.968   3.924   0.989  0.681  1.90  1.86 
37    4.720   4.700   0.996  0.700  1.86  1.80 
38    4.720   4.700   0.996  0.700  1.80  1.74 
39    4.720   4.700   0.996  0.700  1.74  1.68 
40    4.720   4.700   0.996  0.700  1.68  1.63 
41    4.720   4.700   0.996  0.700  1.63  1.58 
42    4.720   4.700   0.996  0.700  1.58  1.54 
43    4.720   4.700   0.996  0.700  1.54  1.49 
44    6.754   6.718   0.995  0.829  1.49  1.45 
45    6.754   6.718   0.995  0.829  1.45  1.41 
46    6.754   6.718   0.995  0.829  1.41  1.38 
47    6.754   6.718   0.995  0.829  1.38  1.34 
48    6.754   6.718   0.995  0.829  1.34  1.31 
49    6.754   6.718   0.995  0.829  1.31  1.24 
50    6.754   6.718   0.995  0.829  1.24  1.18 
51    6.754   6.718   0.995  0.829  1.18  1.13 
52    9.244   9.208   0.996  0.856  1.13  1.08 
53    9.244   9.208   0.996  0.856  1.08  1.03 
54    9.244   9.208   0.996  0.856  1.03  0.99 
55    9.244   9.208   0.996  0.856  0.99  0.95 
56    9.244   9.208   0.996  0.856  0.95  0.92 
57    9.244   9.208   0.996  0.856  0.92  0.89 
58    9.244   9.208   0.996  0.856  0.89  0.86 
59    9.244   9.208   0.996  0.856  0.86  0.83 
60    9.244   9.208   0.996  0.856  0.83  0.80 
61    9.244   9.208   0.996  0.856  0.80  0.74 
62    4.352   4.305   0.989  0.667  0.74  0.69 
63    4.352   4.305   0.989  0.667  0.69  0.64 
64    4.352   4.305   0.989  0.667  0.64  0.60 
65    4.352   4.305   0.989  0.667  0.60  0.56 
66    4.352   4.305   0.989  0.667  0.56  0.53 
67    4.352   4.305   0.989  0.667  0.53  0.51 
68    4.352   4.305   0.989  0.667  0.51  0.48 
69    4.352   4.305   0.989  0.667  0.48  0.46 
70    4.352   4.305   0.989  0.667  0.46  0.44 
71    4.352   4.305   0.989  0.667  0.44  0.42 
72    4.352   4.305   0.989  0.667  0.42  0.40 
73    4.352   4.305   0.989  0.667  0.40  0.38 
74    6.781   6.736   0.993  0.506  0.38  0.36 
75    6.781   6.736   0.993  0.506  0.36  0.34 
76    6.781   6.736   0.993  0.506  0.34  0.33 
77    6.781   6.736   0.993  0.506  0.33  0.31 
78    6.781   6.736   0.993  0.506  0.31  0.30 
79    6.781   6.736   0.993  0.506  0.30  0.29 
80    6.781   6.736   0.993  0.506  0.29  0.28 
81    6.781   6.736   0.993  0.506  0.28  0.27 
82    6.781   6.736   0.993  0.506  0.27  0.26 
83    6.781   6.736   0.993  0.506  0.26  0.25 
84    6.781   6.736   0.993  0.506  0.25  0.24 

IR: 
Bin  Qext    Qscat     W0      g        L1       L2
 1    0.360   0.006   0.017  0.013  1000.00  292.68 
 2    0.360   0.006   0.017  0.013  292.68  171.43 
 3    0.360   0.006   0.017  0.013  171.43  121.21 
 4    0.360   0.006   0.017  0.013  121.21  93.75 
 5    0.360   0.006   0.017  0.013  93.75  76.43 
 6    0.360   0.006   0.017  0.013  76.43  64.52 
 7    0.360   0.006   0.017  0.013  64.52  55.81 
 8    0.422   0.006   0.014  0.011  55.81  49.18 
 9    0.456   0.004   0.009  0.004  49.18  43.96 
10    0.298   0.001   0.004  -0.015  43.96  39.74 
11    0.051   0.000   0.006  -0.020  39.74  36.25 
12    0.005   0.005   1.000  0.001  36.25  33.33 
13    0.016   0.016   1.000  0.008  33.33  31.17 
14    0.032   0.032   1.000  0.010  31.17  29.28 
15    0.348   0.052   0.150  0.010  29.28  27.60 
16    0.972   0.073   0.075  0.010  27.60  26.10 
17    1.631   0.090   0.055  0.009  26.10  24.76 
18    2.148   0.098   0.046  0.007  24.76  23.54 
19    2.406   0.096   0.040  0.006  23.54  22.45 
20    2.379   0.085   0.036  0.004  22.45  21.45 
21    2.105   0.068   0.032  0.002  21.45  20.53 
22    1.615   0.046   0.028  -0.001  20.53  19.69 
23    1.038   0.024   0.023  -0.003  19.69  18.92 
24    0.617   0.011   0.018  -0.001  18.92  18.20 
25    0.524   0.008   0.016  0.001  18.20  17.96 
26    0.374   0.005   0.012  0.018  17.96  17.73 
27    0.263   0.003   0.011  0.047  17.73  17.50 
28    0.263   0.003   0.011  0.047  17.50  17.28 
29    0.193   0.003   0.017  0.042  17.28  17.07 
30    0.193   0.003   0.017  0.042  17.07  16.86 
31    0.159   0.006   0.036  0.023  16.86  16.65 
32    0.152   0.010   0.067  0.009  16.65  16.45 
33    0.152   0.010   0.067  0.009  16.45  16.26 
34    0.161   0.016   0.103  0.002  16.26  16.07 
35    0.161   0.016   0.103  0.002  16.07  15.88 
36    0.176   0.025   0.141  -0.002  15.88  15.70 
37    0.176   0.025   0.141  -0.002  15.70  15.56 
38    0.176   0.025   0.141  -0.002  15.56  15.43 
39    0.193   0.036   0.184  -0.001  15.43  15.30 
40    0.193   0.036   0.184  -0.001  15.30  15.17 
41    0.193   0.036   0.184  -0.001  15.17  15.04 
42    0.211   0.049   0.231  0.002  15.04  14.91 
43    0.211   0.049   0.231  0.002  14.91  14.79 
44    0.211   0.049   0.231  0.002  14.79  14.67 
45    0.242   0.065   0.268  0.007  14.67  14.55 
46    0.242   0.065   0.268  0.007  14.55  14.43 
47    0.242   0.065   0.268  0.007  14.43  14.31 
48    0.300   0.084   0.279  0.013  14.31  14.20 
49    0.300   0.084   0.279  0.013  14.20  14.08 
50    0.300   0.084   0.279  0.013  14.08  13.97 
51    0.397   0.105   0.264  0.019  13.97  13.85 
52    0.397   0.105   0.264  0.019  13.85  13.74 
53    0.397   0.105   0.264  0.019  13.74  13.63 
54    0.531   0.126   0.237  0.024  13.63  13.52 
55    0.531   0.126   0.237  0.024  13.52  13.41 
56    0.531   0.126   0.237  0.024  13.41  13.31 
57    0.675   0.144   0.213  0.026  13.31  13.20 
58    0.675   0.144   0.213  0.026  13.20  13.10 
59    0.675   0.144   0.213  0.026  13.10  13.00 
60    0.675   0.144   0.213  0.026  13.00  12.90 
61    0.784   0.159   0.203  0.026  12.90  12.63 
62    0.812   0.177   0.218  0.021  12.63  12.38 
63    0.812   0.177   0.218  0.021  12.38  12.13 
64    0.761   0.214   0.282  0.014  12.13  11.90 
65    0.761   0.214   0.282  0.014  11.90  11.67 
66    0.735   0.308   0.419  0.012  11.67  11.45 
67    0.957   0.509   0.532  0.017  11.45  11.24 
68    0.957   0.509   0.532  0.017  11.24  11.04 
69    1.692   0.862   0.509  0.025  11.04  10.85 
70    1.692   0.862   0.509  0.025  10.85  10.66 
71    3.046   1.361   0.447  0.033  10.66  10.48 
72    3.046   1.361   0.447  0.033  10.48  10.30 
73    4.719   1.898   0.402  0.039  10.30  10.03 
74    5.934   2.246   0.378  0.045  10.03  9.78 
75    5.934   2.246   0.378  0.045  9.78  9.54 
76    5.800   2.153   0.371  0.050  9.54  9.31 
77    4.077   1.559   0.382  0.053  9.31  9.09 
78    4.077   1.559   0.382  0.053  9.09  8.88 
79    1.718   0.751   0.437  0.055  8.88  8.68 
80    1.718   0.751   0.437  0.055  8.68  8.49 
81    0.269   0.189   0.702  0.050  8.49  8.30 
82    0.269   0.189   0.702  0.050  8.30  8.13 
83    0.188   0.030   0.158  0.026  8.13  7.96 
84    0.188   0.030   0.158  0.026  7.96  7.80 
85    0.249   0.015   0.060  0.067  7.80  7.35 
86    0.004   0.004   1.000  0.052  7.35  6.95 
87    0.057   0.048   0.838  0.071  6.95  6.59 
88    0.129   0.064   0.500  0.071  6.59  6.27 
89    0.179   0.179   1.000  0.082  6.27  5.97 
90    0.293   0.230   0.782  0.093  5.97  5.71 
91    0.293   0.230   0.782  0.093  5.71  5.46 
92    0.415   0.404   0.972  0.108  5.46  5.24 
93    0.526   0.526   1.000  0.127  5.24  5.03 
94    0.526   0.526   1.000  0.127  5.03  4.84 
95    0.695   0.687   0.989  0.153  4.84  4.66 
96    0.695   0.687   0.989  0.153  4.66  4.50 
