TiO2 porous sphere r=0.5um, porosity 90pct 
Created from file TiO2_0.5um_sca_asy.xlsx
Bin  Qext    Qscat     W0      g     L1     L2
 1    0.004   0.004   1.000  0.085  4.50  4.36 
 2    0.005   0.005   1.000  0.091  4.36  4.23 
 3    0.005   0.005   1.000  0.097  4.23  4.10 
 4    0.006   0.006   1.000  0.103  4.10  3.98 
 5    0.007   0.007   1.000  0.109  3.98  3.87 
 6    0.008   0.008   1.000  0.116  3.87  3.77 
 7    0.009   0.009   1.000  0.122  3.77  3.67 
 8    0.010   0.010   1.000  0.129  3.67  3.57 
 9    0.011   0.011   1.000  0.136  3.57  3.48 
10    0.012   0.012   1.000  0.143  3.48  3.40 
11    0.013   0.013   1.000  0.151  3.40  3.32 
12    0.014   0.014   1.000  0.159  3.32  3.24 
13    0.015   0.015   1.000  0.167  3.24  3.16 
14    0.017   0.017   1.000  0.175  3.16  3.08 
15    0.018   0.018   1.000  0.185  3.08  3.01 
16    0.020   0.020   1.000  0.194  3.01  2.94 
17    0.022   0.022   1.000  0.203  2.94  2.87 
18    0.023   0.023   1.000  0.213  2.87  2.81 
19    0.025   0.025   1.000  0.224  2.81  2.75 
20    0.027   0.027   1.000  0.233  2.75  2.69 
21    0.029   0.029   1.000  0.244  2.69  2.64 
22    0.031   0.031   1.000  0.254  2.64  2.58 
23    0.033   0.033   1.000  0.265  2.58  2.53 
24    0.035   0.035   1.000  0.276  2.53  2.48 
25    0.038   0.038   1.000  0.290  2.48  2.41 
26    0.041   0.041   1.000  0.307  2.41  2.35 
27    0.044   0.044   1.000  0.324  2.35  2.29 
28    0.048   0.048   1.000  0.342  2.29  2.23 
29    0.052   0.052   1.000  0.362  2.23  2.18 
30    0.056   0.056   1.000  0.381  2.18  2.13 
31    0.059   0.059   1.000  0.399  2.13  2.08 
32    0.063   0.063   1.000  0.417  2.08  2.03 
33    0.067   0.067   1.000  0.436  2.03  1.99 
34    0.071   0.071   1.000  0.455  1.99  1.94 
35    0.075   0.075   1.000  0.474  1.94  1.90 
36    0.079   0.079   1.000  0.492  1.90  1.86 
37    0.085   0.085   1.000  0.519  1.86  1.80 
38    0.094   0.094   1.000  0.552  1.80  1.74 
39    0.102   0.102   1.000  0.581  1.74  1.68 
40    0.110   0.110   1.000  0.606  1.68  1.63 
41    0.119   0.119   1.000  0.631  1.63  1.58 
42    0.129   0.129   1.000  0.655  1.58  1.54 
43    0.140   0.140   1.000  0.674  1.54  1.49 
44    0.150   0.150   1.000  0.690  1.49  1.45 
45    0.162   0.162   1.000  0.703  1.45  1.41 
46    0.175   0.175   1.000  0.715  1.41  1.38 
47    0.188   0.188   1.000  0.723  1.38  1.34 
48    0.202   0.202   1.000  0.730  1.34  1.31 
49    0.225   0.225   1.000  0.738  1.31  1.24 
50    0.256   0.256   1.000  0.746  1.24  1.18 
51    0.292   0.292   1.000  0.756  1.18  1.13 
52    0.329   0.329   1.000  0.769  1.13  1.08 
53    0.363   0.363   1.000  0.783  1.08  1.03 
54    0.397   0.397   1.000  0.798  1.03  0.99 
55    0.436   0.436   1.000  0.814  0.99  0.95 
56    0.482   0.482   1.000  0.829  0.95  0.92 
57    0.529   0.529   1.000  0.840  0.92  0.89 
58    0.574   0.574   1.000  0.847  0.89  0.86 
59    0.625   0.625   1.000  0.854  0.86  0.83 
60    0.671   0.671   1.000  0.858  0.83  0.80 
61    0.767   0.767   1.000  0.866  0.80  0.74 
62    0.925   0.925   1.000  0.879  0.74  0.69 
63    1.074   1.074   1.000  0.890  0.69  0.64 
64    1.263   1.263   1.000  0.901  0.64  0.60 
65    1.474   1.474   1.000  0.907  0.60  0.56 
66    1.662   1.662   1.000  0.910  0.56  0.53 
67    1.887   1.887   1.000  0.917  0.53  0.51 
68    2.116   2.116   1.000  0.922  0.51  0.48 
69    2.375   2.375   1.000  0.922  0.48  0.46 
70    2.679   2.679   1.000  0.924  0.46  0.44 
71    2.960   2.959   1.000  0.925  0.44  0.42 
72    3.178   3.177   0.999  0.924  0.42  0.40 
73    3.479   3.467   0.997  0.919  0.40  0.38 
74    3.675   3.547   0.965  0.907  0.38  0.36 
75    3.369   2.929   0.869  0.895  0.36  0.34 
76    2.865   2.008   0.701  0.894  0.34  0.33 
77    2.489   1.319   0.530  0.915  0.33  0.31 
78    2.393   1.172   0.490  0.938  0.31  0.30 
79    2.325   1.121   0.482  0.947  0.30  0.29 
80    2.280   1.097   0.481  0.949  0.29  0.28 
81    2.230   1.069   0.479  0.952  0.28  0.27 
82    2.188   1.044   0.477  0.956  0.27  0.26 
83    2.146   1.019   0.475  0.959  0.26  0.25 
84    2.110   0.996   0.472  0.962  0.25  0.24 

IR: 
Bin  Qext    Qscat     W0      g        L1       L2
 1    0.034   0.000   0.000  0.001  1000.00  292.68 
 2    0.034   0.000   0.000  0.001  292.68  171.43 
 3    0.034   0.000   0.000  0.001  171.43  121.21 
 4    0.034   0.000   0.000  0.001  121.21  93.75 
 5    0.034   0.000   0.000  0.001  93.75  76.43 
 6    0.034   0.000   0.000  0.001  76.43  64.52 
 7    0.034   0.000   0.000  0.001  64.52  55.81 
 8    0.041   0.000   0.000  0.001  55.81  49.18 
 9    0.055   0.000   0.000  0.001  49.18  43.96 
10    0.073   0.000   0.000  0.001  43.96  39.74 
11    0.092   0.000   0.000  0.001  39.74  36.25 
12    0.112   0.000   0.000  0.002  36.25  33.33 
13    0.131   0.000   0.000  0.002  33.33  31.17 
14    0.148   0.000   0.001  0.002  31.17  29.28 
15    0.165   0.000   0.001  0.002  29.28  27.60 
16    0.181   0.000   0.001  0.002  27.60  26.10 
17    0.196   0.000   0.001  0.002  26.10  24.76 
18    0.211   0.000   0.001  0.003  24.76  23.54 
19    0.224   0.000   0.001  0.003  23.54  22.45 
20    0.236   0.000   0.001  0.003  22.45  21.45 
21    0.242   0.000   0.001  0.003  21.45  20.53 
22    0.243   0.000   0.001  0.004  20.53  19.69 
23    0.236   0.000   0.001  0.004  19.69  18.92 
24    0.223   0.000   0.001  0.004  18.92  18.20 
25    0.212   0.000   0.001  0.004  18.20  17.96 
26    0.206   0.000   0.001  0.005  17.96  17.73 
27    0.200   0.000   0.001  0.005  17.73  17.50 
28    0.194   0.000   0.001  0.005  17.50  17.28 
29    0.188   0.000   0.001  0.005  17.28  17.07 
30    0.181   0.000   0.001  0.005  17.07  16.86 
31    0.173   0.000   0.001  0.005  16.86  16.65 
32    0.165   0.000   0.001  0.005  16.65  16.45 
33    0.157   0.000   0.001  0.005  16.45  16.26 
34    0.149   0.000   0.001  0.006  16.26  16.07 
35    0.140   0.000   0.001  0.006  16.07  15.88 
36    0.129   0.000   0.001  0.006  15.88  15.70 
37    0.120   0.000   0.001  0.006  15.70  15.56 
38    0.112   0.000   0.001  0.006  15.56  15.43 
39    0.104   0.000   0.001  0.006  15.43  15.30 
40    0.097   0.000   0.001  0.006  15.30  15.17 
41    0.091   0.000   0.001  0.007  15.17  15.04 
42    0.085   0.000   0.001  0.007  15.04  14.91 
43    0.080   0.000   0.001  0.007  14.91  14.79 
44    0.075   0.000   0.001  0.007  14.79  14.67 
45    0.071   0.000   0.001  0.007  14.67  14.55 
46    0.067   0.000   0.001  0.007  14.55  14.43 
47    0.063   0.000   0.001  0.007  14.43  14.31 
48    0.060   0.000   0.001  0.008  14.31  14.20 
49    0.060   0.000   0.001  0.008  14.20  14.08 
50    0.060   0.000   0.001  0.008  14.08  13.97 
51    0.060   0.000   0.001  0.008  13.97  13.85 
52    0.059   0.000   0.001  0.008  13.85  13.74 
53    0.059   0.000   0.001  0.008  13.74  13.63 
54    0.058   0.000   0.001  0.008  13.63  13.52 
55    0.058   0.000   0.001  0.009  13.52  13.41 
56    0.058   0.000   0.001  0.009  13.41  13.31 
57    0.058   0.000   0.001  0.009  13.31  13.20 
58    0.057   0.000   0.001  0.009  13.20  13.10 
59    0.057   0.000   0.001  0.009  13.10  13.00 
60    0.057   0.000   0.001  0.009  13.00  12.90 
61    0.056   0.000   0.001  0.010  12.90  12.63 
62    0.054   0.000   0.001  0.010  12.63  12.38 
63    0.052   0.000   0.001  0.010  12.38  12.13 
64    0.050   0.000   0.001  0.011  12.13  11.90 
65    0.048   0.000   0.001  0.011  11.90  11.67 
66    0.046   0.000   0.001  0.012  11.67  11.45 
67    0.044   0.000   0.001  0.012  11.45  11.24 
68    0.041   0.000   0.001  0.013  11.24  11.04 
69    0.038   0.000   0.001  0.013  11.04  10.85 
70    0.034   0.000   0.000  0.014  10.85  10.66 
71    0.029   0.000   0.000  0.014  10.66  10.48 
72    0.024   0.000   0.000  0.015  10.48  10.30 
73    0.017   0.000   0.000  0.015  10.30  10.03 
74    0.012   0.000   0.001  0.016  10.03  9.78 
75    0.007   0.000   0.002  0.017  9.78  9.54 
76    0.004   0.000   0.007  0.018  9.54  9.31 
77    0.002   0.000   0.018  0.019  9.31  9.09 
78    0.001   0.000   0.051  0.020  9.09  8.88 
79    0.001   0.000   0.080  0.021  8.88  8.68 
80    0.001   0.000   0.116  0.022  8.68  8.49 
81    0.001   0.000   0.123  0.023  8.49  8.30 
82    0.001   0.000   0.113  0.024  8.30  8.13 
83    0.002   0.000   0.107  0.025  8.13  7.96 
84    0.002   0.000   0.096  0.026  7.96  7.80 
85    0.003   0.000   0.085  0.029  7.80  7.35 
86    0.005   0.000   0.081  0.032  7.35  6.95 
87    0.006   0.001   0.096  0.036  6.95  6.59 
88    0.005   0.001   0.142  0.040  6.59  6.27 
89    0.004   0.001   0.253  0.044  6.27  5.97 
90    0.002   0.001   0.468  0.049  5.97  5.71 
91    0.002   0.001   0.756  0.053  5.71  5.46 
92    0.002   0.002   0.934  0.058  5.46  5.24 
93    0.002   0.002   0.986  0.063  5.24  5.03 
94    0.003   0.003   0.998  0.068  5.03  4.84 
95    0.003   0.003   1.000  0.074  4.84  4.66 
96    0.004   0.004   1.000  0.080  4.66  4.50 
