Core shell 9.1um long 0.3um with a 50nm shell 
Created from file CoreShell_9.1um9um
Bin  Qext    Qscat     W0      g     L1     L2
 1    14.649   14.290   0.976  0.076  4.50  4.36 
 2    14.453   14.100   0.976  0.078  4.36  4.23 
 3    14.453   14.100   0.976  0.078  4.23  4.10 
 4    14.453   14.100   0.976  0.078  4.10  3.98 
 5    18.352   17.842   0.972  0.069  3.98  3.87 
 6    18.352   17.842   0.972  0.069  3.87  3.77 
 7    18.352   17.842   0.972  0.069  3.77  3.67 
 8    14.963   14.648   0.979  0.101  3.67  3.57 
 9    14.963   14.648   0.979  0.101  3.57  3.48 
10    14.963   14.648   0.979  0.101  3.48  3.40 
11    14.963   14.648   0.979  0.101  3.40  3.32 
12    13.112   12.856   0.981  0.125  3.32  3.24 
13    13.112   12.856   0.981  0.125  3.24  3.16 
14    13.112   12.856   0.981  0.125  3.16  3.08 
15    13.112   12.856   0.981  0.125  3.08  3.01 
16    13.112   12.856   0.981  0.125  3.01  2.94 
17    14.552   14.196   0.976  0.119  2.94  2.87 
18    14.552   14.196   0.976  0.119  2.87  2.81 
19    14.552   14.196   0.976  0.119  2.81  2.75 
20    14.552   14.196   0.976  0.119  2.75  2.69 
21    14.552   14.196   0.976  0.119  2.69  2.64 
22    14.552   14.196   0.976  0.119  2.64  2.58 
23    12.285   12.073   0.983  0.166  2.58  2.53 
24    12.285   12.073   0.983  0.166  2.53  2.48 
25    12.285   12.073   0.983  0.166  2.48  2.41 
26    12.285   12.073   0.983  0.166  2.41  2.35 
27    12.285   12.073   0.983  0.166  2.35  2.29 
28    12.285   12.073   0.983  0.166  2.29  2.23 
29    12.284   12.001   0.977  0.174  2.23  2.18 
30    12.284   12.001   0.977  0.174  2.18  2.13 
31    12.284   12.001   0.977  0.174  2.13  2.08 
32    12.284   12.001   0.977  0.174  2.08  2.03 
33    12.284   12.001   0.977  0.174  2.03  1.99 
34    12.284   12.001   0.977  0.174  1.99  1.94 
35    12.284   12.001   0.977  0.174  1.94  1.90 
36    12.284   12.001   0.977  0.174  1.90  1.86 
37    11.412   11.173   0.979  0.195  1.86  1.80 
38    11.412   11.173   0.979  0.195  1.80  1.74 
39    11.412   11.173   0.979  0.195  1.74  1.68 
40    11.412   11.173   0.979  0.195  1.68  1.63 
41    11.412   11.173   0.979  0.195  1.63  1.58 
42    11.412   11.173   0.979  0.195  1.58  1.54 
43    11.412   11.173   0.979  0.195  1.54  1.49 
44    10.526   10.230   0.972  0.221  1.49  1.45 
45    10.526   10.230   0.972  0.221  1.45  1.41 
46    10.526   10.230   0.972  0.221  1.41  1.38 
47    10.526   10.230   0.972  0.221  1.38  1.34 
48    10.526   10.230   0.972  0.221  1.34  1.31 
49    10.526   10.230   0.972  0.221  1.31  1.24 
50    10.526   10.230   0.972  0.221  1.24  1.18 
51    10.526   10.230   0.972  0.221  1.18  1.13 
52    9.843   9.457   0.961  0.249  1.13  1.08 
53    9.843   9.457   0.961  0.249  1.08  1.03 
54    9.843   9.457   0.961  0.249  1.03  0.99 
55    9.843   9.457   0.961  0.249  0.99  0.95 
56    9.843   9.457   0.961  0.249  0.95  0.92 
57    9.843   9.457   0.961  0.249  0.92  0.89 
58    9.843   9.457   0.961  0.249  0.89  0.86 
59    9.843   9.457   0.961  0.249  0.86  0.83 
60    9.843   9.457   0.961  0.249  0.83  0.80 
61    9.843   9.457   0.961  0.249  0.80  0.74 
62    9.133   8.449   0.925  0.247  0.74  0.69 
63    9.133   8.449   0.925  0.247  0.69  0.64 
64    9.133   8.449   0.925  0.247  0.64  0.60 
65    9.133   8.449   0.925  0.247  0.60  0.56 
66    9.133   8.449   0.925  0.247  0.56  0.53 
67    9.133   8.449   0.925  0.247  0.53  0.51 
68    9.133   8.449   0.925  0.247  0.51  0.48 
69    9.133   8.449   0.925  0.247  0.48  0.46 
70    9.133   8.449   0.925  0.247  0.46  0.44 
71    9.133   8.449   0.925  0.247  0.44  0.42 
72    9.133   8.449   0.925  0.247  0.42  0.40 
73    9.133   8.449   0.925  0.247  0.40  0.38 
74    8.072   6.005   0.744  0.425  0.38  0.36 
75    8.072   6.005   0.744  0.425  0.36  0.34 
76    8.072   6.005   0.744  0.425  0.34  0.33 
77    8.072   6.005   0.744  0.425  0.33  0.31 
78    8.072   6.005   0.744  0.425  0.31  0.30 
79    8.072   6.005   0.744  0.425  0.30  0.29 
80    8.072   6.005   0.744  0.425  0.29  0.28 
81    8.072   6.005   0.744  0.425  0.28  0.27 
82    8.072   6.005   0.744  0.425  0.27  0.26 
83    8.072   6.005   0.744  0.425  0.26  0.25 
84    8.072   6.005   0.744  0.425  0.25  0.24 

IR: 
Bin  Qext    Qscat     W0      g        L1       L2
 1    -0.837   0.550   -0.657  -0.006  1000.00  292.68 
 2    -0.837   0.550   -0.657  -0.006  292.68  171.43 
 3    -0.837   0.550   -0.657  -0.006  171.43  121.21 
 4    -0.837   0.550   -0.657  -0.006  121.21  93.75 
 5    -0.837   0.550   -0.657  -0.006  93.75  76.43 
 6    -0.837   0.550   -0.657  -0.006  76.43  64.52 
 7    -0.837   0.550   -0.657  -0.006  64.52  55.81 
 8    0.835   0.890   1.066  -0.006  55.81  49.18 
 9    3.969   1.382   0.348  -0.006  49.18  43.96 
10    3.214   1.451   0.451  -0.006  43.96  39.74 
11    0.968   2.445   2.527  -0.006  39.74  36.25 
12    3.948   5.629   1.426  -0.005  36.25  33.33 
13    11.773   9.622   0.817  -0.004  33.33  31.17 
14    18.379   13.221   0.719  -0.004  31.17  29.28 
15    23.347   19.173   0.821  -0.004  29.28  27.60 
16    34.275   33.617   0.981  -0.003  27.60  26.10 
17    58.163   58.269   1.002  -0.002  26.10  24.76 
18    105.511   100.233   0.950  -0.002  24.76  23.54 
19    168.644   153.146   0.908  -0.001  23.54  22.45 
20    209.047   187.478   0.897  -0.001  22.45  21.45 
21    225.118   203.773   0.905  0.000  21.45  20.53 
22    210.074   195.189   0.929  0.001  20.53  19.69 
23    176.719   168.659   0.954  0.001  19.69  18.92 
24    137.522   133.310   0.969  0.002  18.92  18.20 
25    111.860   107.623   0.962  0.003  18.20  17.96 
26    98.901   93.585   0.946  0.003  17.96  17.73 
27    98.901   93.585   0.946  0.003  17.73  17.50 
28    89.097   82.707   0.928  0.004  17.50  17.28 
29    81.603   74.831   0.917  0.004  17.28  17.07 
30    81.603   74.831   0.917  0.004  17.07  16.86 
31    75.218   69.153   0.919  0.004  16.86  16.65 
32    75.218   69.153   0.919  0.004  16.65  16.45 
33    68.908   64.513   0.936  0.005  16.45  16.26 
34    68.908   64.513   0.936  0.005  16.26  16.07 
35    62.266   59.847   0.961  0.005  16.07  15.88 
36    62.266   59.847   0.961  0.005  15.88  15.70 
37    55.674   54.638   0.981  0.006  15.70  15.56 
38    55.674   54.638   0.981  0.006  15.56  15.43 
39    55.674   54.638   0.981  0.006  15.43  15.30 
40    49.986   49.125   0.983  0.007  15.30  15.17 
41    49.986   49.125   0.983  0.007  15.17  15.04 
42    45.868   44.115   0.962  0.007  15.04  14.91 
43    45.868   44.115   0.962  0.007  14.91  14.79 
44    45.868   44.115   0.962  0.007  14.79  14.67 
45    43.195   40.396   0.935  0.008  14.67  14.55 
46    43.195   40.396   0.935  0.008  14.55  14.43 
47    43.195   40.396   0.935  0.008  14.43  14.31 
48    41.041   38.098   0.928  0.009  14.31  14.20 
49    41.041   38.098   0.928  0.009  14.20  14.08 
50    41.041   38.098   0.928  0.009  14.08  13.97 
51    41.041   38.098   0.928  0.009  13.97  13.85 
52    38.423   36.495   0.950  0.009  13.85  13.74 
53    38.423   36.495   0.950  0.009  13.74  13.63 
54    38.423   36.495   0.950  0.009  13.63  13.52 
55    35.233   34.554   0.981  0.010  13.52  13.41 
56    35.233   34.554   0.981  0.010  13.41  13.31 
57    35.233   34.554   0.981  0.010  13.31  13.20 
58    32.347   31.899   0.986  0.011  13.20  13.10 
59    32.347   31.899   0.986  0.011  13.10  13.00 
60    32.347   31.899   0.986  0.011  13.00  12.90 
61    30.539   29.237   0.957  0.012  12.90  12.63 
62    30.539   29.237   0.957  0.012  12.63  12.38 
63    29.383   27.536   0.937  0.013  12.38  12.13 
64    27.812   26.684   0.959  0.014  12.13  11.90 
65    27.812   26.684   0.959  0.014  11.90  11.67 
66    25.823   25.521   0.988  0.016  11.67  11.45 
67    25.823   25.521   0.988  0.016  11.45  11.24 
68    24.418   23.658   0.969  0.017  11.24  11.04 
69    23.533   22.239   0.945  0.019  11.04  10.85 
70    23.533   22.239   0.945  0.019  10.85  10.66 
71    22.250   21.685   0.975  0.020  10.66  10.48 
72    22.250   21.685   0.975  0.020  10.48  10.30 
73    21.055   20.654   0.981  0.022  10.30  10.03 
74    21.055   20.654   0.981  0.022  10.03  9.78 
75    20.260   19.257   0.950  0.024  9.78  9.54 
76    19.170   18.779   0.980  0.025  9.54  9.31 
77    19.170   18.779   0.980  0.025  9.31  9.09 
78    18.512   17.893   0.967  0.027  9.09  8.88 
79    17.593   16.983   0.965  0.029  8.88  8.68 
80    17.593   16.983   0.965  0.029  8.68  8.49 
81    17.205   16.708   0.971  0.031  8.49  8.30 
82    17.205   16.708   0.971  0.031  8.30  8.13 
83    16.709   16.096   0.963  0.032  8.13  7.96 
84    16.709   16.096   0.963  0.032  7.96  7.80 
85    17.718   16.932   0.956  0.030  7.80  7.35 
86    20.637   19.850   0.962  0.024  7.35  6.95 
87    29.025   27.509   0.948  0.019  6.95  6.59 
88    30.209   29.045   0.961  0.024  6.59  6.27 
89    24.209   23.415   0.967  0.036  6.27  5.97 
90    20.119   19.507   0.970  0.047  5.97  5.71 
91    20.119   19.507   0.970  0.047  5.71  5.46 
92    17.678   17.191   0.972  0.056  5.46  5.24 
93    17.678   17.191   0.972  0.056  5.24  5.03 
94    15.860   15.584   0.983  0.066  5.03  4.84 
95    14.649   14.290   0.976  0.076  4.84  4.66 
96    14.649   14.290   0.976  0.076  4.66  4.50 
