Forsterite 1um radius 
Created from file forsterite_opac_0.dat
Bin  Qext    Qscat     W0      g     L1     L2
 1    1.508   1.471   0.976  0.652  4.50  4.36 
 2    1.587   1.552   0.978  0.656  4.36  4.23 
 3    1.664   1.632   0.981  0.659  4.23  4.10 
 4    1.739   1.709   0.983  0.661  4.10  3.98 
 5    1.813   1.784   0.984  0.664  3.98  3.87 
 6    1.882   1.855   0.986  0.665  3.87  3.77 
 7    1.949   1.924   0.987  0.667  3.77  3.67 
 8    1.991   1.967   0.988  0.668  3.67  3.57 
 9    2.051   2.028   0.989  0.669  3.57  3.48 
10    2.106   2.084   0.990  0.669  3.48  3.40 
11    2.139   2.118   0.990  0.669  3.40  3.32 
12    2.171   2.150   0.991  0.669  3.32  3.24 
13    2.212   2.193   0.991  0.668  3.24  3.16 
14    2.249   2.231   0.992  0.667  3.16  3.08 
15    2.270   2.252   0.992  0.667  3.08  3.01 
16    2.288   2.271   0.993  0.666  3.01  2.94 
17    2.309   2.293   0.993  0.664  2.94  2.87 
18    2.325   2.310   0.994  0.661  2.87  2.81 
19    2.332   2.317   0.994  0.660  2.81  2.75 
20    2.336   2.322   0.994  0.658  2.75  2.69 
21    2.337   2.323   0.994  0.656  2.69  2.64 
22    2.336   2.323   0.994  0.653  2.64  2.58 
23    2.332   2.319   0.995  0.651  2.58  2.53 
24    2.325   2.313   0.995  0.648  2.53  2.48 
25    2.317   2.305   0.995  0.646  2.48  2.41 
26    2.299   2.288   0.995  0.641  2.41  2.35 
27    2.278   2.267   0.995  0.637  2.35  2.29 
28    2.261   2.251   0.996  0.634  2.29  2.23 
29    2.233   2.224   0.996  0.629  2.23  2.18 
30    2.203   2.194   0.996  0.624  2.18  2.13 
31    2.181   2.172   0.996  0.621  2.13  2.08 
32    2.159   2.150   0.996  0.618  2.08  2.03 
33    2.136   2.127   0.996  0.614  2.03  1.99 
34    2.100   2.092   0.996  0.610  1.99  1.94 
35    2.065   2.057   0.996  0.606  1.94  1.90 
36    2.041   2.033   0.996  0.603  1.90  1.86 
37    2.017   2.010   0.996  0.601  1.86  1.80 
38    1.983   1.976   0.997  0.598  1.80  1.74 
39    1.939   1.932   0.997  0.594  1.74  1.68 
40    1.908   1.902   0.997  0.593  1.68  1.63 
41    1.879   1.873   0.997  0.592  1.63  1.58 
42    1.843   1.838   0.997  0.592  1.58  1.54 
43    1.819   1.814   0.997  0.593  1.54  1.49 
44    1.804   1.799   0.997  0.594  1.49  1.45 
45    1.784   1.779   0.997  0.596  1.45  1.41 
46    1.766   1.760   0.997  0.599  1.41  1.38 
47    1.754   1.749   0.997  0.601  1.38  1.34 
48    1.739   1.734   0.997  0.604  1.34  1.31 
49    1.722   1.717   0.997  0.610  1.31  1.24 
50    1.703   1.698   0.997  0.618  1.24  1.18 
51    1.687   1.683   0.997  0.626  1.18  1.13 
52    1.674   1.670   0.997  0.635  1.13  1.08 
53    1.662   1.658   0.997  0.643  1.08  1.03 
54    1.654   1.649   0.997  0.649  1.03  0.99 
55    1.645   1.641   0.997  0.656  0.99  0.95 
56    1.637   1.633   0.997  0.662  0.95  0.92 
57    1.630   1.625   0.997  0.667  0.92  0.89 
58    1.625   1.619   0.997  0.671  0.89  0.86 
59    1.619   1.614   0.997  0.675  0.86  0.83 
60    1.612   1.607   0.997  0.679  0.83  0.80 
61    1.601   1.595   0.996  0.686  0.80  0.74 
62    1.586   1.580   0.996  0.694  0.74  0.69 
63    1.575   1.568   0.996  0.700  0.69  0.64 
64    1.565   1.557   0.995  0.704  0.64  0.60 
65    1.555   1.546   0.994  0.710  0.60  0.56 
66    1.545   1.536   0.994  0.714  0.56  0.53 
67    1.538   1.527   0.993  0.718  0.53  0.51 
68    1.531   1.518   0.992  0.721  0.51  0.48 
69    1.523   1.510   0.991  0.725  0.48  0.46 
70    1.517   1.503   0.990  0.728  0.46  0.44 
71    1.511   1.495   0.989  0.731  0.44  0.42 
72    1.506   1.489   0.988  0.733  0.42  0.40 
73    1.501   1.481   0.987  0.736  0.40  0.38 
74    1.494   1.471   0.985  0.740  0.38  0.36 
75    1.489   1.462   0.982  0.742  0.36  0.34 
76    1.485   1.455   0.980  0.744  0.34  0.33 
77    1.480   1.445   0.977  0.747  0.33  0.31 
78    1.475   1.436   0.974  0.750  0.31  0.30 
79    1.471   1.426   0.969  0.752  0.30  0.29 
80    1.468   1.417   0.965  0.755  0.29  0.28 
81    1.464   1.404   0.959  0.758  0.28  0.27 
82    1.460   1.391   0.953  0.761  0.27  0.26 
83    1.458   1.379   0.946  0.763  0.26  0.25 
84    1.456   1.367   0.939  0.766  0.25  0.24 

IR: 
Bin  Qext    Qscat     W0      g        L1       L2
 1    0.001   0.000   0.001  0.000  1000.00  292.68 
 2    0.002   0.000   0.002  0.001  292.68  171.43 
 3    0.004   0.000   0.005  0.003  171.43  121.21 
 4    0.008   0.000   0.009  0.005  121.21  93.75 
 5    0.013   0.000   0.015  0.008  93.75  76.43 
 6    0.019   0.000   0.021  0.012  76.43  64.52 
 7    0.026   0.001   0.028  0.017  64.52  55.81 
 8    0.036   0.001   0.036  0.022  55.81  49.18 
 9    0.047   0.002   0.044  0.028  49.18  43.96 
10    0.062   0.003   0.053  0.034  43.96  39.74 
11    0.080   0.005   0.062  0.041  39.74  36.25 
12    0.101   0.007   0.070  0.049  36.25  33.33 
13    0.127   0.010   0.078  0.056  33.33  31.17 
14    0.152   0.013   0.084  0.062  31.17  29.28 
15    0.184   0.016   0.088  0.068  29.28  27.60 
16    0.224   0.021   0.092  0.073  27.60  26.10 
17    0.272   0.026   0.094  0.077  26.10  24.76 
18    0.315   0.030   0.095  0.080  24.76  23.54 
19    0.354   0.034   0.095  0.084  23.54  22.45 
20    0.384   0.037   0.097  0.089  22.45  21.45 
21    0.398   0.040   0.100  0.094  21.45  20.53 
22    0.414   0.044   0.106  0.101  20.53  19.69 
23    0.445   0.049   0.111  0.107  19.69  18.92 
24    0.488   0.055   0.112  0.112  18.92  18.20 
25    0.517   0.056   0.109  0.114  18.20  17.96 
26    0.530   0.056   0.106  0.116  17.96  17.73 
27    0.531   0.054   0.102  0.119  17.73  17.50 
28    0.531   0.054   0.102  0.119  17.50  17.28 
29    0.520   0.051   0.099  0.122  17.28  17.07 
30    0.498   0.048   0.096  0.127  17.07  16.86 
31    0.498   0.048   0.096  0.127  16.86  16.65 
32    0.468   0.044   0.095  0.132  16.65  16.45 
33    0.468   0.044   0.095  0.132  16.45  16.26 
34    0.432   0.041   0.096  0.137  16.26  16.07 
35    0.392   0.039   0.100  0.144  16.07  15.88 
36    0.392   0.039   0.100  0.144  15.88  15.70 
37    0.347   0.038   0.110  0.152  15.70  15.56 
38    0.347   0.038   0.110  0.152  15.56  15.43 
39    0.309   0.041   0.132  0.161  15.43  15.30 
40    0.309   0.041   0.132  0.161  15.30  15.17 
41    0.309   0.041   0.132  0.161  15.17  15.04 
42    0.285   0.046   0.163  0.171  15.04  14.91 
43    0.285   0.046   0.163  0.171  14.91  14.79 
44    0.278   0.054   0.195  0.182  14.79  14.67 
45    0.278   0.054   0.195  0.182  14.67  14.55 
46    0.280   0.063   0.225  0.192  14.55  14.43 
47    0.280   0.063   0.225  0.192  14.43  14.31 
48    0.280   0.063   0.225  0.192  14.31  14.20 
49    0.287   0.072   0.249  0.203  14.20  14.08 
50    0.287   0.072   0.249  0.203  14.08  13.97 
51    0.293   0.081   0.275  0.213  13.97  13.85 
52    0.293   0.081   0.275  0.213  13.85  13.74 
53    0.297   0.091   0.306  0.224  13.74  13.63 
54    0.297   0.091   0.306  0.224  13.63  13.52 
55    0.297   0.091   0.306  0.224  13.52  13.41 
56    0.301   0.104   0.345  0.236  13.41  13.31 
57    0.301   0.104   0.345  0.236  13.31  13.20 
58    0.313   0.121   0.387  0.250  13.20  13.10 
59    0.313   0.121   0.387  0.250  13.10  13.00 
60    0.313   0.121   0.387  0.250  13.00  12.90 
61    0.339   0.145   0.426  0.266  12.90  12.63 
62    0.392   0.174   0.442  0.283  12.63  12.38 
63    0.471   0.204   0.432  0.296  12.38  12.13 
64    0.572   0.226   0.394  0.301  12.13  11.90 
65    0.653   0.239   0.367  0.303  11.90  11.67 
66    0.723   0.248   0.344  0.303  11.67  11.45 
67    0.779   0.258   0.331  0.304  11.45  11.24 
68    0.842   0.270   0.321  0.305  11.24  11.04 
69    0.912   0.281   0.308  0.304  11.04  10.85 
70    0.979   0.287   0.293  0.300  10.85  10.66 
71    1.033   0.285   0.276  0.296  10.66  10.48 
72    1.068   0.276   0.258  0.293  10.48  10.30 
73    1.074   0.267   0.249  0.293  10.30  10.03 
74    1.061   0.234   0.221  0.296  10.03  9.78 
75    0.999   0.199   0.199  0.302  9.78  9.54 
76    0.812   0.134   0.165  0.319  9.54  9.31 
77    0.615   0.087   0.142  0.342  9.31  9.09 
78    0.529   0.075   0.143  0.358  9.09  8.88 
79    0.462   0.072   0.156  0.374  8.88  8.68 
80    0.414   0.075   0.182  0.391  8.68  8.49 
81    0.380   0.085   0.222  0.407  8.49  8.30 
82    0.352   0.107   0.303  0.430  8.30  8.13 
83    0.342   0.136   0.397  0.453  8.13  7.96 
84    0.345   0.159   0.460  0.467  7.96  7.80 
85    0.367   0.212   0.578  0.493  7.80  7.35 
86    0.428   0.306   0.715  0.526  7.35  6.95 
87    0.498   0.395   0.794  0.550  6.95  6.59 
88    0.584   0.496   0.849  0.570  6.59  6.27 
89    0.682   0.605   0.888  0.587  6.27  5.97 
90    0.791   0.723   0.915  0.601  5.97  5.71 
91    0.908   0.848   0.934  0.613  5.71  5.46 
92    1.007   0.952   0.946  0.622  5.46  5.24 
93    1.109   1.059   0.955  0.630  5.24  5.03 
94    1.214   1.169   0.962  0.637  5.03  4.84 
95    1.321   1.279   0.968  0.643  4.84  4.66 
96    1.428   1.389   0.973  0.649  4.66  4.50 
