Nano ring (9um-7um) x 0.1um 
Created from file Al_nanoring_9um7um.txt
Bin  Qext    Qscat     W0      g     L1     L2
 1    17.479   17.176   0.983  0.008  4.50  4.36 
 2    15.396   15.152   0.984  0.007  4.36  4.23 
 3    15.396   15.152   0.984  0.007  4.23  4.10 
 4    15.396   15.152   0.984  0.007  4.10  3.98 
 5    15.123   14.897   0.985  -0.002  3.98  3.87 
 6    15.123   14.897   0.985  -0.002  3.87  3.77 
 7    15.123   14.897   0.985  -0.002  3.77  3.67 
 8    18.045   17.809   0.987  -0.011  3.67  3.57 
 9    18.045   17.809   0.987  -0.011  3.57  3.48 
10    18.045   17.809   0.987  -0.011  3.48  3.40 
11    18.045   17.809   0.987  -0.011  3.40  3.32 
12    22.320   22.054   0.988  -0.012  3.32  3.24 
13    22.320   22.054   0.988  -0.012  3.24  3.16 
14    22.320   22.054   0.988  -0.012  3.16  3.08 
15    22.320   22.054   0.988  -0.012  3.08  3.01 
16    22.320   22.054   0.988  -0.012  3.01  2.94 
17    24.521   24.167   0.986  -0.005  2.94  2.87 
18    24.521   24.167   0.986  -0.005  2.87  2.81 
19    24.521   24.167   0.986  -0.005  2.81  2.75 
20    24.521   24.167   0.986  -0.005  2.75  2.69 
21    24.521   24.167   0.986  -0.005  2.69  2.64 
22    24.521   24.167   0.986  -0.005  2.64  2.58 
23    25.203   24.888   0.987  -0.007  2.58  2.53 
24    25.203   24.888   0.987  -0.007  2.53  2.48 
25    25.203   24.888   0.987  -0.007  2.48  2.41 
26    25.203   24.888   0.987  -0.007  2.41  2.35 
27    25.203   24.888   0.987  -0.007  2.35  2.29 
28    25.203   24.888   0.987  -0.007  2.29  2.23 
29    27.103   26.732   0.986  0.004  2.23  2.18 
30    27.103   26.732   0.986  0.004  2.18  2.13 
31    27.103   26.732   0.986  0.004  2.13  2.08 
32    27.103   26.732   0.986  0.004  2.08  2.03 
33    27.103   26.732   0.986  0.004  2.03  1.99 
34    27.103   26.732   0.986  0.004  1.99  1.94 
35    27.103   26.732   0.986  0.004  1.94  1.90 
36    27.103   26.732   0.986  0.004  1.90  1.86 
37    25.840   25.442   0.985  0.011  1.86  1.80 
38    25.840   25.442   0.985  0.011  1.80  1.74 
39    25.840   25.442   0.985  0.011  1.74  1.68 
40    25.840   25.442   0.985  0.011  1.68  1.63 
41    25.840   25.442   0.985  0.011  1.63  1.58 
42    25.840   25.442   0.985  0.011  1.58  1.54 
43    25.840   25.442   0.985  0.011  1.54  1.49 
44    24.251   23.750   0.979  0.026  1.49  1.45 
45    24.251   23.750   0.979  0.026  1.45  1.41 
46    24.251   23.750   0.979  0.026  1.41  1.38 
47    24.251   23.750   0.979  0.026  1.38  1.34 
48    24.251   23.750   0.979  0.026  1.34  1.31 
49    24.251   23.750   0.979  0.026  1.31  1.24 
50    24.251   23.750   0.979  0.026  1.24  1.18 
51    24.251   23.750   0.979  0.026  1.18  1.13 
52    22.760   21.971   0.965  0.035  1.13  1.08 
53    22.760   21.971   0.965  0.035  1.08  1.03 
54    22.760   21.971   0.965  0.035  1.03  0.99 
55    22.760   21.971   0.965  0.035  0.99  0.95 
56    22.760   21.971   0.965  0.035  0.95  0.92 
57    22.760   21.971   0.965  0.035  0.92  0.89 
58    22.760   21.971   0.965  0.035  0.89  0.86 
59    22.760   21.971   0.965  0.035  0.86  0.83 
60    22.760   21.971   0.965  0.035  0.83  0.80 
61    22.760   21.971   0.965  0.035  0.80  0.74 
62    23.019   21.361   0.928  0.082  0.74  0.69 
63    23.019   21.361   0.928  0.082  0.69  0.64 
64    23.019   21.361   0.928  0.082  0.64  0.60 
65    23.019   21.361   0.928  0.082  0.60  0.56 
66    23.019   21.361   0.928  0.082  0.56  0.53 
67    23.019   21.361   0.928  0.082  0.53  0.51 
68    23.019   21.361   0.928  0.082  0.51  0.48 
69    23.019   21.361   0.928  0.082  0.48  0.46 
70    23.019   21.361   0.928  0.082  0.46  0.44 
71    23.019   21.361   0.928  0.082  0.44  0.42 
72    23.019   21.361   0.928  0.082  0.42  0.40 
73    23.019   21.361   0.928  0.082  0.40  0.38 
74    22.986   16.858   0.733  0.322  0.38  0.36 
75    22.986   16.858   0.733  0.322  0.36  0.34 
76    22.986   16.858   0.733  0.322  0.34  0.33 
77    22.986   16.858   0.733  0.322  0.33  0.31 
78    22.986   16.858   0.733  0.322  0.31  0.30 
79    22.986   16.858   0.733  0.322  0.30  0.29 
80    22.986   16.858   0.733  0.322  0.29  0.28 
81    22.986   16.858   0.733  0.322  0.28  0.27 
82    22.986   16.858   0.733  0.322  0.27  0.26 
83    22.986   16.858   0.733  0.322  0.26  0.25 
84    22.986   16.858   0.733  0.322  0.25  0.24 

IR: 
Bin  Qext    Qscat     W0      g        L1       L2
 1    0.192   1.113   5.794  -0.002  1000.00  292.68 
 2    0.192   1.113   5.794  -0.002  292.68  171.43 
 3    0.192   1.113   5.794  -0.002  171.43  121.21 
 4    0.192   1.113   5.794  -0.002  121.21  93.75 
 5    0.192   1.113   5.794  -0.002  93.75  76.43 
 6    0.192   1.113   5.794  -0.002  76.43  64.52 
 7    0.192   1.113   5.794  -0.002  64.52  55.81 
 8    0.715   1.734   2.425  -0.002  55.81  49.18 
 9    3.689   3.895   1.056  -0.002  49.18  43.96 
10    8.403   6.808   0.810  -0.002  43.96  39.74 
11    13.009   10.489   0.806  -0.002  39.74  36.25 
12    19.218   17.581   0.915  -0.001  36.25  33.33 
13    31.432   31.075   0.989  -0.001  33.33  31.17 
14    52.453   51.842   0.988  -0.001  31.17  29.28 
15    84.485   81.291   0.962  -0.001  29.28  27.60 
16    121.599   114.375   0.941  -0.000  27.60  26.10 
17    149.927   139.716   0.932  -0.000  26.10  24.76 
18    168.099   156.926   0.934  0.000  24.76  23.54 
19    169.060   159.696   0.945  0.000  23.54  22.45 
20    156.920   150.126   0.957  0.001  22.45  21.45 
21    136.185   131.659   0.967  0.001  21.45  20.53 
22    112.856   109.230   0.968  0.001  20.53  19.69 
23    95.921   91.830   0.957  0.002  19.69  18.92 
24    82.207   77.438   0.942  0.002  18.92  18.20 
25    73.688   68.886   0.935  0.003  18.20  17.96 
26    68.519   64.139   0.936  0.003  17.96  17.73 
27    68.519   64.139   0.936  0.003  17.73  17.50 
28    63.444   59.796   0.943  0.003  17.50  17.28 
29    58.340   55.590   0.953  0.004  17.28  17.07 
30    58.340   55.590   0.953  0.004  17.07  16.86 
31    53.235   51.329   0.964  0.004  16.86  16.65 
32    53.235   51.329   0.964  0.004  16.65  16.45 
33    48.301   46.955   0.972  0.005  16.45  16.26 
34    48.301   46.955   0.972  0.005  16.26  16.07 
35    43.782   42.567   0.972  0.005  16.07  15.88 
36    43.782   42.567   0.972  0.005  15.88  15.70 
37    39.865   38.379   0.963  0.006  15.70  15.56 
38    39.865   38.379   0.963  0.006  15.56  15.43 
39    39.865   38.379   0.963  0.006  15.43  15.30 
40    36.568   34.625   0.947  0.006  15.30  15.17 
41    36.568   34.625   0.947  0.006  15.17  15.04 
42    33.693   31.438   0.933  0.007  15.04  14.91 
43    33.693   31.438   0.933  0.007  14.91  14.79 
44    33.693   31.438   0.933  0.007  14.79  14.67 
45    30.921   28.765   0.930  0.008  14.67  14.55 
46    30.921   28.765   0.930  0.008  14.55  14.43 
47    30.921   28.765   0.930  0.008  14.43  14.31 
48    28.015   26.383   0.942  0.008  14.31  14.20 
49    28.015   26.383   0.942  0.008  14.20  14.08 
50    28.015   26.383   0.942  0.008  14.08  13.97 
51    28.015   26.383   0.942  0.008  13.97  13.85 
52    25.012   24.030   0.961  0.009  13.85  13.74 
53    25.012   24.030   0.961  0.009  13.74  13.63 
54    25.012   24.030   0.961  0.009  13.63  13.52 
55    22.223   21.591   0.972  0.010  13.52  13.41 
56    22.223   21.591   0.972  0.010  13.41  13.31 
57    22.223   21.591   0.972  0.010  13.31  13.20 
58    19.964   19.187   0.961  0.011  13.20  13.10 
59    19.964   19.187   0.961  0.011  13.10  13.00 
60    19.964   19.187   0.961  0.011  13.00  12.90 
61    18.223   17.082   0.937  0.012  12.90  12.63 
62    18.223   17.082   0.937  0.012  12.63  12.38 
63    16.626   15.420   0.927  0.014  12.38  12.13 
64    14.891   14.077   0.945  0.015  12.13  11.90 
65    14.891   14.077   0.945  0.015  11.90  11.67 
66    13.250   12.818   0.967  0.016  11.67  11.45 
67    13.250   12.818   0.967  0.016  11.45  11.24 
68    12.136   11.616   0.957  0.017  11.24  11.04 
69    11.409   10.676   0.936  0.018  11.04  10.85 
70    11.409   10.676   0.936  0.018  10.85  10.66 
71    10.575   10.054   0.951  0.018  10.66  10.48 
72    10.575   10.054   0.951  0.018  10.48  10.30 
73    9.857   9.564   0.970  0.018  10.30  10.03 
74    9.857   9.564   0.970  0.018  10.03  9.78 
75    9.683   9.199   0.950  0.018  9.78  9.54 
76    9.466   9.095   0.961  0.017  9.54  9.31 
77    9.466   9.095   0.961  0.017  9.31  9.09 
78    9.288   9.085   0.978  0.016  9.09  8.88 
79    9.651   9.210   0.954  0.015  8.88  8.68 
80    9.651   9.210   0.954  0.015  8.68  8.49 
81    9.662   9.559   0.989  0.013  8.49  8.30 
82    9.662   9.559   0.989  0.013  8.30  8.13 
83    10.289   9.901   0.962  0.012  8.13  7.96 
84    10.289   9.901   0.962  0.012  7.96  7.80 
85    10.589   10.525   0.994  0.010  7.80  7.35 
86    11.534   11.132   0.965  0.009  7.35  6.95 
87    12.052   12.028   0.998  0.007  6.95  6.59 
88    13.201   12.991   0.984  0.006  6.59  6.27 
89    14.525   14.144   0.974  0.005  6.27  5.97 
90    15.804   15.501   0.981  0.004  5.97  5.71 
91    15.804   15.501   0.981  0.004  5.71  5.46 
92    17.146   16.869   0.984  0.004  5.46  5.24 
93    17.146   16.869   0.984  0.004  5.24  5.03 
94    18.096   17.764   0.982  0.005  5.03  4.84 
95    17.479   17.176   0.983  0.008  4.84  4.66 
96    17.479   17.176   0.983  0.008  4.66  4.50 
