Nano ribbon  9um 1um 0.1um orientation average
Created from file Nanoribbon_9um1um_avg.txt
Bin  Qext    Qscat     W0      g     L1     L2
 1    10.527   0.315   0.030  0.252  4.50  4.36 
 2    10.527   0.315   0.030  0.252  4.36  4.23 
 3    10.527   0.315   0.030  0.252  4.23  4.10 
 4    12.048   0.305   0.025  0.239  4.10  3.98 
 5    12.048   0.305   0.025  0.239  3.98  3.87 
 6    12.048   0.305   0.025  0.239  3.87  3.77 
 7    12.048   0.305   0.025  0.239  3.77  3.67 
 8    11.108   0.240   0.022  0.271  3.67  3.57 
 9    11.108   0.240   0.022  0.271  3.57  3.48 
10    11.108   0.240   0.022  0.271  3.48  3.40 
11    11.108   0.240   0.022  0.271  3.40  3.32 
12    11.366   0.309   0.027  0.298  3.32  3.24 
13    11.366   0.309   0.027  0.298  3.24  3.16 
14    11.366   0.309   0.027  0.298  3.16  3.08 
15    11.366   0.309   0.027  0.298  3.08  3.01 
16    11.366   0.309   0.027  0.298  3.01  2.94 
17    11.518   0.292   0.025  0.315  2.94  2.87 
18    11.518   0.292   0.025  0.315  2.87  2.81 
19    11.518   0.292   0.025  0.315  2.81  2.75 
20    11.518   0.292   0.025  0.315  2.75  2.69 
21    11.518   0.292   0.025  0.315  2.69  2.64 
22    11.518   0.292   0.025  0.315  2.64  2.58 
23    11.347   0.286   0.025  0.339  2.58  2.53 
24    11.347   0.286   0.025  0.339  2.53  2.48 
25    11.347   0.286   0.025  0.339  2.48  2.41 
26    11.347   0.286   0.025  0.339  2.41  2.35 
27    11.347   0.286   0.025  0.339  2.35  2.29 
28    11.347   0.286   0.025  0.339  2.29  2.23 
29    11.302   0.280   0.025  0.366  2.23  2.18 
30    11.302   0.280   0.025  0.366  2.18  2.13 
31    11.302   0.280   0.025  0.366  2.13  2.08 
32    11.302   0.280   0.025  0.366  2.08  2.03 
33    11.302   0.280   0.025  0.366  2.03  1.99 
34    11.302   0.280   0.025  0.366  1.99  1.94 
35    11.302   0.280   0.025  0.366  1.94  1.90 
36    11.302   0.280   0.025  0.366  1.90  1.86 
37    10.676   0.295   0.028  0.401  1.86  1.80 
38    10.676   0.295   0.028  0.401  1.80  1.74 
39    10.676   0.295   0.028  0.401  1.74  1.68 
40    10.676   0.295   0.028  0.401  1.68  1.63 
41    10.676   0.295   0.028  0.401  1.63  1.58 
42    10.676   0.295   0.028  0.401  1.58  1.54 
43    10.676   0.295   0.028  0.401  1.54  1.49 
44    10.238   0.348   0.034  0.425  1.49  1.45 
45    10.238   0.348   0.034  0.425  1.45  1.41 
46    10.238   0.348   0.034  0.425  1.41  1.38 
47    10.238   0.348   0.034  0.425  1.38  1.34 
48    10.238   0.348   0.034  0.425  1.34  1.31 
49    10.238   0.348   0.034  0.425  1.31  1.24 
50    10.238   0.348   0.034  0.425  1.24  1.18 
51    10.238   0.348   0.034  0.425  1.18  1.13 
52    9.792   0.497   0.051  0.461  1.13  1.08 
53    9.792   0.497   0.051  0.461  1.08  1.03 
54    9.792   0.497   0.051  0.461  1.03  0.99 
55    9.792   0.497   0.051  0.461  0.99  0.95 
56    9.792   0.497   0.051  0.461  0.95  0.92 
57    9.792   0.497   0.051  0.461  0.92  0.89 
58    9.792   0.497   0.051  0.461  0.89  0.86 
59    9.792   0.497   0.051  0.461  0.86  0.83 
60    9.792   0.497   0.051  0.461  0.83  0.80 
61    9.792   0.497   0.051  0.461  0.80  0.74 
62    9.793   0.937   0.096  0.506  0.74  0.69 
63    9.793   0.937   0.096  0.506  0.69  0.64 
64    9.793   0.937   0.096  0.506  0.64  0.60 
65    9.793   0.937   0.096  0.506  0.60  0.56 
66    9.793   0.937   0.096  0.506  0.56  0.53 
67    9.793   0.937   0.096  0.506  0.53  0.51 
68    9.793   0.937   0.096  0.506  0.51  0.48 
69    9.793   0.937   0.096  0.506  0.48  0.46 
70    9.793   0.937   0.096  0.506  0.46  0.44 
71    9.793   0.937   0.096  0.506  0.44  0.42 
72    9.793   0.937   0.096  0.506  0.42  0.40 
73    9.793   0.937   0.096  0.506  0.40  0.38 
74    9.371   2.675   0.285  0.638  0.38  0.36 
75    9.371   2.675   0.285  0.638  0.36  0.34 
76    9.371   2.675   0.285  0.638  0.34  0.33 
77    9.371   2.675   0.285  0.638  0.33  0.31 
78    9.371   2.675   0.285  0.638  0.31  0.30 
79    9.371   2.675   0.285  0.638  0.30  0.29 
80    9.371   2.675   0.285  0.638  0.29  0.28 
81    9.371   2.675   0.285  0.638  0.28  0.27 
82    9.371   2.675   0.285  0.638  0.27  0.26 
83    9.371   2.675   0.285  0.638  0.26  0.25 
84    9.371   2.675   0.285  0.638  0.25  0.24 

IR: 
Bin  Qext    Qscat     W0      g        L1       L2
 1    1.017   0.680   0.669  -0.030  1000.00  292.68 
 2    1.017   0.680   0.669  -0.030  292.68  171.43 
 3    1.017   0.680   0.669  -0.030  171.43  121.21 
 4    1.017   0.680   0.669  -0.030  121.21  93.75 
 5    1.017   0.680   0.669  -0.030  93.75  76.43 
 6    1.017   0.680   0.669  -0.030  76.43  64.52 
 7    1.017   0.680   0.669  -0.030  64.52  55.81 
 8    0.799   0.439   0.549  -0.030  55.81  49.18 
 9    0.543   0.003   0.006  -0.029  49.18  43.96 
10    1.151   0.000   0.000  -0.026  43.96  39.74 
11    2.432   0.252   0.104  -0.025  39.74  36.25 
12    4.912   1.488   0.303  -0.023  36.25  33.33 
13    6.710   1.848   0.275  -0.022  33.33  31.17 
14    8.099   0.866   0.107  -0.021  31.17  29.28 
15    12.546   0.000   0.000  -0.019  29.28  27.60 
16    22.608   0.000   0.000  -0.018  27.60  26.10 
17    39.210   1.123   0.029  -0.016  26.10  24.76 
18    60.943   4.583   0.075  -0.014  24.76  23.54 
19    80.614   7.542   0.094  -0.013  23.54  22.45 
20    94.295   8.485   0.090  -0.012  22.45  21.45 
21    96.381   6.918   0.072  -0.010  21.45  20.53 
22    87.055   3.716   0.043  -0.009  20.53  19.69 
23    70.378   0.986   0.014  -0.008  19.69  18.92 
24    55.778   0.527   0.009  -0.008  18.92  18.20 
25    52.370   0.633   0.012  -0.008  18.20  17.96 
26    46.517   1.167   0.025  -0.008  17.96  17.73 
27    41.794   1.824   0.044  -0.008  17.73  17.50 
28    41.794   1.824   0.044  -0.008  17.50  17.28 
29    38.151   2.363   0.062  -0.008  17.28  17.07 
30    38.151   2.363   0.062  -0.008  17.07  16.86 
31    35.341   2.571   0.073  -0.009  16.86  16.65 
32    33.004   2.346   0.071  -0.009  16.65  16.45 
33    33.004   2.346   0.071  -0.009  16.45  16.26 
34    30.788   1.747   0.057  -0.009  16.26  16.07 
35    30.788   1.747   0.057  -0.009  16.07  15.88 
36    28.470   0.990   0.035  -0.009  15.88  15.70 
37    28.470   0.990   0.035  -0.009  15.70  15.56 
38    28.470   0.990   0.035  -0.009  15.56  15.43 
39    26.038   0.376   0.014  -0.010  15.43  15.30 
40    26.038   0.376   0.014  -0.010  15.30  15.17 
41    26.038   0.376   0.014  -0.010  15.17  15.04 
42    23.673   0.144   0.006  -0.012  15.04  14.91 
43    23.673   0.144   0.006  -0.012  14.91  14.79 
44    23.673   0.144   0.006  -0.012  14.79  14.67 
45    21.643   0.332   0.015  -0.015  14.67  14.55 
46    21.643   0.332   0.015  -0.015  14.55  14.43 
47    21.643   0.332   0.015  -0.015  14.43  14.31 
48    20.136   0.737   0.037  -0.019  14.31  14.20 
49    20.136   0.737   0.037  -0.019  14.20  14.08 
50    20.136   0.737   0.037  -0.019  14.08  13.97 
51    19.139   1.026   0.054  -0.024  13.97  13.85 
52    19.139   1.026   0.054  -0.024  13.85  13.74 
53    19.139   1.026   0.054  -0.024  13.74  13.63 
54    18.448   0.978   0.053  -0.027  13.63  13.52 
55    18.448   0.978   0.053  -0.027  13.52  13.41 
56    18.448   0.978   0.053  -0.027  13.41  13.31 
57    17.816   0.673   0.038  -0.029  13.31  13.20 
58    17.816   0.673   0.038  -0.029  13.20  13.10 
59    17.816   0.673   0.038  -0.029  13.10  13.00 
60    17.816   0.673   0.038  -0.029  13.00  12.90 
61    17.147   0.426   0.025  -0.029  12.90  12.63 
62    16.605   0.472   0.028  -0.029  12.63  12.38 
63    16.605   0.472   0.028  -0.029  12.38  12.13 
64    16.573   0.694   0.042  -0.027  12.13  11.90 
65    16.573   0.694   0.042  -0.027  11.90  11.67 
66    17.494   0.798   0.046  -0.019  11.67  11.45 
67    19.612   0.765   0.039  -0.002  11.45  11.24 
68    19.612   0.765   0.039  -0.002  11.24  11.04 
69    22.623   0.894   0.040  0.021  11.04  10.85 
70    22.623   0.894   0.040  0.021  10.85  10.66 
71    25.459   1.209   0.047  0.046  10.66  10.48 
72    25.459   1.209   0.047  0.046  10.48  10.30 
73    26.657   1.262   0.047  0.067  10.30  10.03 
74    25.340   0.932   0.037  0.084  10.03  9.78 
75    25.340   0.932   0.037  0.084  9.78  9.54 
76    22.109   0.682   0.031  0.096  9.54  9.31 
77    18.951   0.678   0.036  0.105  9.31  9.09 
78    18.951   0.678   0.036  0.105  9.09  8.88 
79    16.971   0.620   0.037  0.112  8.88  8.68 
80    16.971   0.620   0.037  0.112  8.68  8.49 
81    15.075   0.384   0.025  0.112  8.49  8.30 
82    15.075   0.384   0.025  0.112  8.30  8.13 
83    13.885   0.463   0.033  0.109  8.13  7.96 
84    13.885   0.463   0.033  0.109  7.96  7.80 
85    13.667   0.467   0.034  0.107  7.80  7.35 
86    14.554   0.493   0.034  0.101  7.35  6.95 
87    17.572   0.664   0.038  0.125  6.95  6.59 
88    17.870   0.622   0.035  0.161  6.59  6.27 
89    15.304   0.421   0.028  0.189  6.27  5.97 
90    13.299   0.351   0.026  0.202  5.97  5.71 
91    13.299   0.351   0.026  0.202  5.71  5.46 
92    12.140   0.331   0.027  0.210  5.46  5.24 
93    11.803   0.327   0.028  0.225  5.24  5.03 
94    11.803   0.327   0.028  0.225  5.03  4.84 
95    10.900   0.225   0.021  0.247  4.84  4.66 
96    10.900   0.225   0.021  0.247  4.66  4.50 
